# # chi(t) for Pe = 200, beta = 0.1, bridge_width = 1.0
# # Columns: time, chi, I_T (signed), I_|T| (unsigned)
0.000000e+00 0.000000e+00 7.671023e-02 7.671023e-02
1.000000e-01 2.740000e-05 7.984157e-02 7.984376e-02
2.000000e-01 0.000000e+00 8.004840e-02 8.004840e-02
3.000000e-01 0.000000e+00 8.004452e-02 8.004452e-02
4.000000e-01 0.000000e+00 8.005171e-02 8.005171e-02
5.000000e-01 0.000000e+00 8.005938e-02 8.005938e-02
6.000000e-01 2.000000e-07 8.006950e-02 8.006951e-02
7.000000e-01 3.300000e-06 8.007968e-02 8.007995e-02
8.000000e-01 1.310000e-05 8.009014e-02 8.009119e-02
9.000000e-01 2.710000e-05 8.010085e-02 8.010302e-02
1.000000e+00 3.850000e-05 8.011163e-02 8.011471e-02
1.100000e+00 4.340000e-05 8.012226e-02 8.012574e-02
1.200000e+00 4.170000e-05 8.013259e-02 8.013593e-02
1.300000e+00 3.540000e-05 8.014250e-02 8.014534e-02
1.400000e+00 2.670000e-05 8.015196e-02 8.015410e-02
1.500000e+00 1.750000e-05 8.016095e-02 8.016236e-02
1.600000e+00 9.300000e-06 8.016948e-02 8.017023e-02
1.700000e+00 3.300000e-06 8.017754e-02 8.017781e-02
1.800000e+00 2.000000e-07 8.018515e-02 8.018517e-02
1.900000e+00 0.000000e+00 8.019229e-02 8.019229e-02
2.000000e+00 0.000000e+00 8.019895e-02 8.019895e-02
2.100000e+00 0.000000e+00 8.020511e-02 8.020511e-02
2.200000e+00 0.000000e+00 8.021073e-02 8.021073e-02
2.300000e+00 0.000000e+00 8.021579e-02 8.021579e-02
2.400000e+00 0.000000e+00 8.022025e-02 8.022025e-02
2.500000e+00 0.000000e+00 8.022407e-02 8.022407e-02
2.600000e+00 0.000000e+00 8.022721e-02 8.022721e-02
2.700000e+00 0.000000e+00 8.022964e-02 8.022964e-02
2.800000e+00 0.000000e+00 8.023131e-02 8.023131e-02
2.900000e+00 0.000000e+00 8.023220e-02 8.023220e-02
3.000000e+00 0.000000e+00 8.023227e-02 8.023227e-02
3.100000e+00 0.000000e+00 8.023149e-02 8.023149e-02
3.200000e+00 0.000000e+00 8.022982e-02 8.022982e-02
3.300000e+00 0.000000e+00 8.022725e-02 8.022725e-02
3.400000e+00 0.000000e+00 8.022375e-02 8.022375e-02
3.500000e+00 0.000000e+00 8.021930e-02 8.021930e-02
3.600000e+00 0.000000e+00 8.021387e-02 8.021387e-02
3.700000e+00 0.000000e+00 8.020745e-02 8.020745e-02
3.800000e+00 0.000000e+00 8.020003e-02 8.020003e-02
3.900000e+00 0.000000e+00 8.019160e-02 8.019160e-02
4.000000e+00 0.000000e+00 8.018214e-02 8.018214e-02
4.100000e+00 0.000000e+00 8.017164e-02 8.017164e-02
4.200000e+00 0.000000e+00 8.016010e-02 8.016010e-02
4.300000e+00 0.000000e+00 8.014752e-02 8.014752e-02
4.400000e+00 0.000000e+00 8.013388e-02 8.013388e-02
4.500000e+00 0.000000e+00 8.011919e-02 8.011919e-02
4.600000e+00 0.000000e+00 8.010345e-02 8.010345e-02
4.700000e+00 0.000000e+00 8.008664e-02 8.008664e-02
4.800000e+00 0.000000e+00 8.006879e-02 8.006879e-02
4.900000e+00 0.000000e+00 8.004988e-02 8.004988e-02
5.000000e+00 0.000000e+00 8.002992e-02 8.002992e-02
5.100000e+00 0.000000e+00 8.000891e-02 8.000891e-02
5.200000e+00 0.000000e+00 7.998686e-02 7.998686e-02
5.300000e+00 0.000000e+00 7.996377e-02 7.996377e-02
5.400000e+00 0.000000e+00 7.993965e-02 7.993965e-02
5.500000e+00 0.000000e+00 7.991451e-02 7.991451e-02
5.600000e+00 0.000000e+00 7.988835e-02 7.988835e-02
5.700000e+00 0.000000e+00 7.986117e-02 7.986117e-02
5.800000e+00 0.000000e+00 7.983300e-02 7.983300e-02
5.900000e+00 0.000000e+00 7.980383e-02 7.980383e-02
6.000000e+00 0.000000e+00 7.977367e-02 7.977367e-02
6.100000e+00 0.000000e+00 7.974254e-02 7.974254e-02
6.200000e+00 0.000000e+00 7.971044e-02 7.971044e-02
6.300000e+00 0.000000e+00 7.967739e-02 7.967739e-02
6.400000e+00 0.000000e+00 7.964340e-02 7.964340e-02
6.500000e+00 0.000000e+00 7.960848e-02 7.960848e-02
6.600000e+00 0.000000e+00 7.957263e-02 7.957263e-02
6.700000e+00 0.000000e+00 7.953588e-02 7.953588e-02
6.800000e+00 0.000000e+00 7.949823e-02 7.949823e-02
6.900000e+00 0.000000e+00 7.945970e-02 7.945970e-02
7.000000e+00 0.000000e+00 7.942030e-02 7.942030e-02
7.100000e+00 0.000000e+00 7.938003e-02 7.938003e-02
7.200000e+00 0.000000e+00 7.933893e-02 7.933893e-02
7.300000e+00 0.000000e+00 7.929698e-02 7.929698e-02
7.400000e+00 0.000000e+00 7.925422e-02 7.925422e-02
7.500000e+00 0.000000e+00 7.921065e-02 7.921065e-02
7.600000e+00 0.000000e+00 7.916629e-02 7.916629e-02
7.700000e+00 0.000000e+00 7.912115e-02 7.912115e-02
7.800000e+00 0.000000e+00 7.907524e-02 7.907524e-02
7.900000e+00 0.000000e+00 7.902858e-02 7.902858e-02
8.000000e+00 0.000000e+00 7.898118e-02 7.898118e-02
8.100000e+00 0.000000e+00 7.893305e-02 7.893305e-02
8.200000e+00 0.000000e+00 7.888422e-02 7.888422e-02
8.300000e+00 0.000000e+00 7.883468e-02 7.883468e-02
8.400000e+00 0.000000e+00 7.878446e-02 7.878446e-02
8.500000e+00 0.000000e+00 7.873357e-02 7.873357e-02
8.600000e+00 0.000000e+00 7.868202e-02 7.868202e-02
8.700000e+00 0.000000e+00 7.862983e-02 7.862983e-02
8.800000e+00 0.000000e+00 7.857702e-02 7.857702e-02
8.900000e+00 0.000000e+00 7.852358e-02 7.852358e-02
9.000000e+00 0.000000e+00 7.846955e-02 7.846955e-02
9.100000e+00 0.000000e+00 7.841493e-02 7.841493e-02
9.200000e+00 0.000000e+00 7.835973e-02 7.835973e-02
9.300000e+00 0.000000e+00 7.830397e-02 7.830397e-02
9.400000e+00 0.000000e+00 7.824766e-02 7.824766e-02
9.500000e+00 0.000000e+00 7.819082e-02 7.819082e-02
9.600000e+00 0.000000e+00 7.813345e-02 7.813345e-02
9.700000e+00 0.000000e+00 7.807558e-02 7.807558e-02
9.800000e+00 0.000000e+00 7.801721e-02 7.801721e-02
9.900000e+00 0.000000e+00 7.795835e-02 7.795835e-02
1.000000e+01 0.000000e+00 7.789902e-02 7.789902e-02
1.010000e+01 0.000000e+00 7.783923e-02 7.783923e-02
1.020000e+01 0.000000e+00 7.777900e-02 7.777900e-02
1.030000e+01 0.000000e+00 7.771833e-02 7.771833e-02
1.040000e+01 0.000000e+00 7.765723e-02 7.765723e-02
1.050000e+01 0.000000e+00 7.759573e-02 7.759573e-02
1.060000e+01 0.000000e+00 7.753382e-02 7.753382e-02
1.070000e+01 0.000000e+00 7.747153e-02 7.747153e-02
1.080000e+01 0.000000e+00 7.740886e-02 7.740886e-02
1.090000e+01 0.000000e+00 7.734582e-02 7.734582e-02
1.100000e+01 0.000000e+00 7.728242e-02 7.728242e-02
1.110000e+01 0.000000e+00 7.721868e-02 7.721868e-02
1.120000e+01 0.000000e+00 7.715460e-02 7.715460e-02
1.130000e+01 0.000000e+00 7.709019e-02 7.709019e-02
1.140000e+01 0.000000e+00 7.702547e-02 7.702547e-02
1.150000e+01 0.000000e+00 7.696045e-02 7.696045e-02
1.160000e+01 0.000000e+00 7.689513e-02 7.689513e-02
1.170000e+01 0.000000e+00 7.682953e-02 7.682953e-02
1.180000e+01 0.000000e+00 7.676364e-02 7.676364e-02
1.190000e+01 0.000000e+00 7.669750e-02 7.669750e-02
1.200000e+01 0.000000e+00 7.663109e-02 7.663109e-02
1.210000e+01 0.000000e+00 7.656444e-02 7.656444e-02
1.220000e+01 0.000000e+00 7.649755e-02 7.649755e-02
1.230000e+01 0.000000e+00 7.643042e-02 7.643042e-02
1.240000e+01 0.000000e+00 7.636308e-02 7.636308e-02
1.250000e+01 0.000000e+00 7.629552e-02 7.629552e-02
1.260000e+01 0.000000e+00 7.622776e-02 7.622776e-02
1.270000e+01 0.000000e+00 7.615980e-02 7.615980e-02
1.280000e+01 0.000000e+00 7.609165e-02 7.609165e-02
1.290000e+01 0.000000e+00 7.602331e-02 7.602331e-02
1.300000e+01 0.000000e+00 7.595481e-02 7.595481e-02
1.310000e+01 0.000000e+00 7.588613e-02 7.588613e-02
1.320000e+01 0.000000e+00 7.581730e-02 7.581730e-02
1.330000e+01 0.000000e+00 7.574831e-02 7.574831e-02
1.340000e+01 0.000000e+00 7.567917e-02 7.567917e-02
1.350000e+01 0.000000e+00 7.560990e-02 7.560990e-02
1.360000e+01 0.000000e+00 7.554049e-02 7.554049e-02
1.370000e+01 0.000000e+00 7.547096e-02 7.547096e-02
1.380000e+01 0.000000e+00 7.540130e-02 7.540130e-02
1.390000e+01 0.000000e+00 7.533153e-02 7.533153e-02
1.400000e+01 0.000000e+00 7.526165e-02 7.526165e-02
1.410000e+01 0.000000e+00 7.519166e-02 7.519166e-02
1.420000e+01 0.000000e+00 7.512158e-02 7.512158e-02
1.430000e+01 0.000000e+00 7.505140e-02 7.505140e-02
1.440000e+01 0.000000e+00 7.498114e-02 7.498114e-02
1.450000e+01 0.000000e+00 7.491080e-02 7.491080e-02
1.460000e+01 0.000000e+00 7.484038e-02 7.484038e-02
1.470000e+01 0.000000e+00 7.476989e-02 7.476989e-02
1.480000e+01 0.000000e+00 7.469934e-02 7.469934e-02
1.490000e+01 0.000000e+00 7.462872e-02 7.462872e-02
1.500000e+01 0.000000e+00 7.455805e-02 7.455805e-02
1.510000e+01 0.000000e+00 7.448733e-02 7.448733e-02
1.520000e+01 0.000000e+00 7.441656e-02 7.441656e-02
1.530000e+01 0.000000e+00 7.434575e-02 7.434575e-02
1.540000e+01 0.000000e+00 7.427490e-02 7.427490e-02
1.550000e+01 0.000000e+00 7.420401e-02 7.420401e-02
1.560000e+01 0.000000e+00 7.413310e-02 7.413310e-02
1.570000e+01 0.000000e+00 7.406216e-02 7.406216e-02
1.580000e+01 0.000000e+00 7.399120e-02 7.399120e-02
1.590000e+01 0.000000e+00 7.392022e-02 7.392022e-02
1.600000e+01 0.000000e+00 7.384923e-02 7.384923e-02
1.610000e+01 0.000000e+00 7.377823e-02 7.377823e-02
1.620000e+01 0.000000e+00 7.370722e-02 7.370722e-02
1.630000e+01 0.000000e+00 7.363620e-02 7.363620e-02
1.640000e+01 0.000000e+00 7.356519e-02 7.356519e-02
1.650000e+01 0.000000e+00 7.349418e-02 7.349418e-02
1.660000e+01 0.000000e+00 7.342317e-02 7.342317e-02
1.670000e+01 0.000000e+00 7.335217e-02 7.335217e-02
1.680000e+01 0.000000e+00 7.328119e-02 7.328119e-02
1.690000e+01 0.000000e+00 7.321022e-02 7.321022e-02
1.700000e+01 0.000000e+00 7.313927e-02 7.313927e-02
1.710000e+01 0.000000e+00 7.306834e-02 7.306834e-02
1.720000e+01 0.000000e+00 7.299743e-02 7.299743e-02
1.730000e+01 0.000000e+00 7.292654e-02 7.292654e-02
1.740000e+01 0.000000e+00 7.285569e-02 7.285569e-02
1.750000e+01 0.000000e+00 7.278486e-02 7.278486e-02
1.760000e+01 0.000000e+00 7.271407e-02 7.271407e-02
1.770000e+01 0.000000e+00 7.264331e-02 7.264331e-02
1.780000e+01 0.000000e+00 7.257259e-02 7.257259e-02
1.790000e+01 0.000000e+00 7.250191e-02 7.250191e-02
1.800000e+01 0.000000e+00 7.243126e-02 7.243126e-02
1.810000e+01 0.000000e+00 7.236066e-02 7.236066e-02
1.820000e+01 0.000000e+00 7.229011e-02 7.229011e-02
1.830000e+01 0.000000e+00 7.221960e-02 7.221960e-02
1.840000e+01 0.000000e+00 7.214915e-02 7.214915e-02
1.850000e+01 0.000000e+00 7.207874e-02 7.207874e-02
1.860000e+01 0.000000e+00 7.200839e-02 7.200839e-02
1.870000e+01 0.000000e+00 7.193809e-02 7.193809e-02
1.880000e+01 0.000000e+00 7.186785e-02 7.186785e-02
1.890000e+01 0.000000e+00 7.179767e-02 7.179767e-02
1.900000e+01 0.000000e+00 7.172755e-02 7.172755e-02
1.910000e+01 0.000000e+00 7.165749e-02 7.165749e-02
1.920000e+01 0.000000e+00 7.158749e-02 7.158749e-02
1.930000e+01 0.000000e+00 7.151756e-02 7.151756e-02
1.940000e+01 0.000000e+00 7.144769e-02 7.144769e-02
1.950000e+01 0.000000e+00 7.137789e-02 7.137789e-02
1.960000e+01 0.000000e+00 7.130815e-02 7.130815e-02
1.970000e+01 0.000000e+00 7.123849e-02 7.123849e-02
1.980000e+01 0.000000e+00 7.116889e-02 7.116889e-02
1.990000e+01 0.000000e+00 7.109937e-02 7.109937e-02
2.000000e+01 0.000000e+00 7.102992e-02 7.102992e-02
2.010000e+01 0.000000e+00 7.096054e-02 7.096054e-02
2.020000e+01 0.000000e+00 7.089124e-02 7.089124e-02
2.030000e+01 0.000000e+00 7.082201e-02 7.082201e-02
2.040000e+01 0.000000e+00 7.075286e-02 7.075286e-02
2.050000e+01 0.000000e+00 7.068378e-02 7.068378e-02
2.060000e+01 0.000000e+00 7.061478e-02 7.061478e-02
2.070000e+01 0.000000e+00 7.054586e-02 7.054586e-02
2.080000e+01 0.000000e+00 7.047701e-02 7.047701e-02
2.090000e+01 0.000000e+00 7.040825e-02 7.040825e-02
2.100000e+01 0.000000e+00 7.033957e-02 7.033957e-02
2.110000e+01 0.000000e+00 7.027097e-02 7.027097e-02
2.120000e+01 0.000000e+00 7.020245e-02 7.020245e-02
2.130000e+01 0.000000e+00 7.013401e-02 7.013401e-02
2.140000e+01 0.000000e+00 7.006566e-02 7.006566e-02
2.150000e+01 0.000000e+00 6.999739e-02 6.999739e-02
2.160000e+01 0.000000e+00 6.992920e-02 6.992920e-02
2.170000e+01 0.000000e+00 6.986110e-02 6.986110e-02
2.180000e+01 0.000000e+00 6.979309e-02 6.979309e-02
2.190000e+01 0.000000e+00 6.972517e-02 6.972517e-02
2.200000e+01 0.000000e+00 6.965733e-02 6.965733e-02
2.210000e+01 0.000000e+00 6.958958e-02 6.958958e-02
2.220000e+01 0.000000e+00 6.952191e-02 6.952191e-02
2.230000e+01 0.000000e+00 6.945434e-02 6.945434e-02
2.240000e+01 0.000000e+00 6.938685e-02 6.938685e-02
2.250000e+01 0.000000e+00 6.931946e-02 6.931946e-02
2.260000e+01 0.000000e+00 6.925215e-02 6.925215e-02
2.270000e+01 0.000000e+00 6.918493e-02 6.918493e-02
2.280000e+01 0.000000e+00 6.911781e-02 6.911781e-02
2.290000e+01 0.000000e+00 6.905077e-02 6.905077e-02
2.300000e+01 0.000000e+00 6.898382e-02 6.898382e-02
2.310000e+01 0.000000e+00 6.891697e-02 6.891697e-02
2.320000e+01 0.000000e+00 6.885021e-02 6.885021e-02
2.330000e+01 0.000000e+00 6.878354e-02 6.878354e-02
2.340000e+01 0.000000e+00 6.871696e-02 6.871696e-02
2.350000e+01 0.000000e+00 6.865048e-02 6.865048e-02
2.360000e+01 0.000000e+00 6.858409e-02 6.858409e-02
2.370000e+01 0.000000e+00 6.851779e-02 6.851779e-02
2.380000e+01 0.000000e+00 6.845159e-02 6.845159e-02
2.390000e+01 0.000000e+00 6.838547e-02 6.838547e-02
2.400000e+01 0.000000e+00 6.831946e-02 6.831946e-02
2.410000e+01 0.000000e+00 6.825353e-02 6.825353e-02
2.420000e+01 0.000000e+00 6.818770e-02 6.818770e-02
2.430000e+01 0.000000e+00 6.812196e-02 6.812196e-02
2.440000e+01 0.000000e+00 6.805632e-02 6.805632e-02
2.450000e+01 0.000000e+00 6.799077e-02 6.799077e-02
2.460000e+01 0.000000e+00 6.792531e-02 6.792531e-02
2.470000e+01 0.000000e+00 6.785995e-02 6.785995e-02
2.480000e+01 0.000000e+00 6.779468e-02 6.779468e-02
2.490000e+01 0.000000e+00 6.772951e-02 6.772951e-02
2.500000e+01 0.000000e+00 6.766443e-02 6.766443e-02
2.510000e+01 0.000000e+00 6.759944e-02 6.759944e-02
2.520000e+01 0.000000e+00 6.753455e-02 6.753455e-02
2.530000e+01 0.000000e+00 6.746975e-02 6.746975e-02
2.540000e+01 0.000000e+00 6.740505e-02 6.740505e-02
2.550000e+01 0.000000e+00 6.734044e-02 6.734044e-02
2.560000e+01 0.000000e+00 6.727592e-02 6.727592e-02
2.570000e+01 0.000000e+00 6.721150e-02 6.721150e-02
2.580000e+01 0.000000e+00 6.714718e-02 6.714718e-02
2.590000e+01 0.000000e+00 6.708295e-02 6.708295e-02
2.600000e+01 0.000000e+00 6.701881e-02 6.701881e-02
2.610000e+01 0.000000e+00 6.695477e-02 6.695477e-02
2.620000e+01 0.000000e+00 6.689083e-02 6.689083e-02
2.630000e+01 0.000000e+00 6.682698e-02 6.682698e-02
2.640000e+01 0.000000e+00 6.676322e-02 6.676322e-02
2.650000e+01 0.000000e+00 6.669956e-02 6.669956e-02
2.660000e+01 0.000000e+00 6.663599e-02 6.663599e-02
2.670000e+01 0.000000e+00 6.657251e-02 6.657251e-02
2.680000e+01 0.000000e+00 6.650913e-02 6.650913e-02
2.690000e+01 0.000000e+00 6.644585e-02 6.644585e-02
2.700000e+01 0.000000e+00 6.638265e-02 6.638265e-02
2.710000e+01 0.000000e+00 6.631955e-02 6.631955e-02
2.720000e+01 0.000000e+00 6.625655e-02 6.625655e-02
2.730000e+01 0.000000e+00 6.619364e-02 6.619364e-02
2.740000e+01 0.000000e+00 6.613082e-02 6.613082e-02
2.750000e+01 0.000000e+00 6.606809e-02 6.606809e-02
2.760000e+01 0.000000e+00 6.600546e-02 6.600546e-02
2.770000e+01 0.000000e+00 6.594291e-02 6.594291e-02
2.780000e+01 0.000000e+00 6.588046e-02 6.588046e-02
2.790000e+01 0.000000e+00 6.581811e-02 6.581811e-02
2.800000e+01 0.000000e+00 6.575584e-02 6.575584e-02
2.810000e+01 0.000000e+00 6.569367e-02 6.569367e-02
2.820000e+01 0.000000e+00 6.563158e-02 6.563158e-02
2.830000e+01 0.000000e+00 6.556959e-02 6.556959e-02
2.840000e+01 0.000000e+00 6.550769e-02 6.550769e-02
2.850000e+01 0.000000e+00 6.544588e-02 6.544588e-02
2.860000e+01 0.000000e+00 6.538416e-02 6.538416e-02
2.870000e+01 0.000000e+00 6.532254e-02 6.532254e-02
2.880000e+01 0.000000e+00 6.526100e-02 6.526100e-02
2.890000e+01 0.000000e+00 6.519956e-02 6.519956e-02
2.900000e+01 0.000000e+00 6.513820e-02 6.513820e-02
2.910000e+01 0.000000e+00 6.507694e-02 6.507694e-02
2.920000e+01 0.000000e+00 6.501576e-02 6.501576e-02
2.930000e+01 0.000000e+00 6.495468e-02 6.495468e-02
2.940000e+01 0.000000e+00 6.489369e-02 6.489369e-02
2.950000e+01 0.000000e+00 6.483278e-02 6.483278e-02
2.960000e+01 0.000000e+00 6.477197e-02 6.477197e-02
2.970000e+01 0.000000e+00 6.471124e-02 6.471124e-02
2.980000e+01 0.000000e+00 6.465061e-02 6.465061e-02
2.990000e+01 0.000000e+00 6.459006e-02 6.459006e-02
3.000000e+01 0.000000e+00 6.452961e-02 6.452961e-02
3.010000e+01 0.000000e+00 6.446924e-02 6.446924e-02
3.020000e+01 0.000000e+00 6.440896e-02 6.440896e-02
3.030000e+01 0.000000e+00 6.434877e-02 6.434877e-02
3.040000e+01 0.000000e+00 6.428867e-02 6.428867e-02
3.050000e+01 0.000000e+00 6.422865e-02 6.422865e-02
3.060000e+01 0.000000e+00 6.416873e-02 6.416873e-02
3.070000e+01 0.000000e+00 6.410889e-02 6.410889e-02
3.080000e+01 0.000000e+00 6.404914e-02 6.404914e-02
3.090000e+01 0.000000e+00 6.398948e-02 6.398948e-02
3.100000e+01 0.000000e+00 6.392990e-02 6.392990e-02
3.110000e+01 0.000000e+00 6.387042e-02 6.387042e-02
3.120000e+01 0.000000e+00 6.381102e-02 6.381102e-02
3.130000e+01 0.000000e+00 6.375170e-02 6.375170e-02
3.140000e+01 0.000000e+00 6.369248e-02 6.369248e-02
3.150000e+01 0.000000e+00 6.363334e-02 6.363334e-02
3.160000e+01 0.000000e+00 6.357429e-02 6.357429e-02
3.170000e+01 0.000000e+00 6.351532e-02 6.351532e-02
3.180000e+01 0.000000e+00 6.345644e-02 6.345644e-02
3.190000e+01 0.000000e+00 6.339765e-02 6.339765e-02
3.200000e+01 0.000000e+00 6.333894e-02 6.333894e-02
3.210000e+01 0.000000e+00 6.328032e-02 6.328032e-02
3.220000e+01 0.000000e+00 6.322178e-02 6.322178e-02
3.230000e+01 0.000000e+00 6.316332e-02 6.316332e-02
3.240000e+01 0.000000e+00 6.310496e-02 6.310496e-02
3.250000e+01 0.000000e+00 6.304667e-02 6.304667e-02
3.260000e+01 0.000000e+00 6.298847e-02 6.298847e-02
3.270000e+01 0.000000e+00 6.293036e-02 6.293036e-02
3.280000e+01 0.000000e+00 6.287232e-02 6.287232e-02
3.290000e+01 0.000000e+00 6.281438e-02 6.281438e-02
3.300000e+01 0.000000e+00 6.275651e-02 6.275651e-02
3.310000e+01 0.000000e+00 6.269873e-02 6.269873e-02
3.320000e+01 0.000000e+00 6.264104e-02 6.264104e-02
3.330000e+01 0.000000e+00 6.258343e-02 6.258343e-02
3.340000e+01 0.000000e+00 6.252590e-02 6.252590e-02
3.350000e+01 0.000000e+00 6.246845e-02 6.246845e-02
3.360000e+01 0.000000e+00 6.241109e-02 6.241109e-02
3.370000e+01 0.000000e+00 6.235381e-02 6.235381e-02
3.380000e+01 0.000000e+00 6.229662e-02 6.229662e-02
3.390000e+01 0.000000e+00 6.223950e-02 6.223950e-02
3.400000e+01 0.000000e+00 6.218247e-02 6.218247e-02
3.410000e+01 0.000000e+00 6.212553e-02 6.212553e-02
3.420000e+01 0.000000e+00 6.206866e-02 6.206866e-02
3.430000e+01 0.000000e+00 6.201188e-02 6.201188e-02
3.440000e+01 0.000000e+00 6.195517e-02 6.195517e-02
3.450000e+01 0.000000e+00 6.189855e-02 6.189855e-02
3.460000e+01 0.000000e+00 6.184202e-02 6.184202e-02
3.470000e+01 0.000000e+00 6.178556e-02 6.178556e-02
3.480000e+01 0.000000e+00 6.172918e-02 6.172918e-02
3.490000e+01 0.000000e+00 6.167288e-02 6.167288e-02
3.500000e+01 0.000000e+00 6.161667e-02 6.161667e-02
3.510000e+01 0.000000e+00 6.156054e-02 6.156054e-02
3.520000e+01 0.000000e+00 6.150448e-02 6.150448e-02
3.530000e+01 0.000000e+00 6.144851e-02 6.144851e-02
3.540000e+01 0.000000e+00 6.139261e-02 6.139261e-02
3.550000e+01 0.000000e+00 6.133680e-02 6.133680e-02
3.560000e+01 0.000000e+00 6.128106e-02 6.128106e-02
3.570000e+01 0.000000e+00 6.122540e-02 6.122540e-02
3.580000e+01 0.000000e+00 6.116983e-02 6.116983e-02
3.590000e+01 0.000000e+00 6.111433e-02 6.111433e-02
3.600000e+01 0.000000e+00 6.105891e-02 6.105891e-02
3.610000e+01 0.000000e+00 6.100357e-02 6.100357e-02
3.620000e+01 0.000000e+00 6.094830e-02 6.094830e-02
3.630000e+01 0.000000e+00 6.089312e-02 6.089312e-02
3.640000e+01 0.000000e+00 6.083801e-02 6.083801e-02
3.650000e+01 0.000000e+00 6.078298e-02 6.078298e-02
3.660000e+01 0.000000e+00 6.072803e-02 6.072803e-02
3.670000e+01 0.000000e+00 6.067316e-02 6.067316e-02
3.680000e+01 0.000000e+00 6.061836e-02 6.061836e-02
3.690000e+01 0.000000e+00 6.056364e-02 6.056364e-02
3.700000e+01 0.000000e+00 6.050900e-02 6.050900e-02
3.710000e+01 0.000000e+00 6.045443e-02 6.045443e-02
3.720000e+01 0.000000e+00 6.039994e-02 6.039994e-02
3.730000e+01 0.000000e+00 6.034553e-02 6.034553e-02
3.740000e+01 0.000000e+00 6.029120e-02 6.029120e-02
3.750000e+01 0.000000e+00 6.023694e-02 6.023694e-02
3.760000e+01 0.000000e+00 6.018276e-02 6.018276e-02
3.770000e+01 0.000000e+00 6.012866e-02 6.012866e-02
3.780000e+01 0.000000e+00 6.007463e-02 6.007463e-02
3.790000e+01 0.000000e+00 6.002068e-02 6.002068e-02
3.800000e+01 0.000000e+00 5.996681e-02 5.996681e-02
3.810000e+01 0.000000e+00 5.991301e-02 5.991301e-02
3.820000e+01 0.000000e+00 5.985928e-02 5.985928e-02
3.830000e+01 0.000000e+00 5.980563e-02 5.980563e-02
3.840000e+01 0.000000e+00 5.975206e-02 5.975206e-02
3.850000e+01 0.000000e+00 5.969856e-02 5.969856e-02
3.860000e+01 0.000000e+00 5.964514e-02 5.964514e-02
3.870000e+01 0.000000e+00 5.959179e-02 5.959179e-02
3.880000e+01 0.000000e+00 5.953852e-02 5.953852e-02
3.890000e+01 0.000000e+00 5.948532e-02 5.948532e-02
3.900000e+01 0.000000e+00 5.943220e-02 5.943220e-02
3.910000e+01 0.000000e+00 5.937915e-02 5.937915e-02
3.920000e+01 0.000000e+00 5.932618e-02 5.932618e-02
3.930000e+01 0.000000e+00 5.927328e-02 5.927328e-02
3.940000e+01 0.000000e+00 5.922046e-02 5.922046e-02
3.950000e+01 0.000000e+00 5.916771e-02 5.916771e-02
3.960000e+01 0.000000e+00 5.911503e-02 5.911503e-02
3.970000e+01 0.000000e+00 5.906243e-02 5.906243e-02
3.980000e+01 0.000000e+00 5.900990e-02 5.900990e-02
3.990000e+01 0.000000e+00 5.895745e-02 5.895745e-02
4.000000e+01 0.000000e+00 5.890507e-02 5.890507e-02
4.010000e+01 0.000000e+00 5.885276e-02 5.885276e-02
4.020000e+01 0.000000e+00 5.880052e-02 5.880052e-02
4.030000e+01 0.000000e+00 5.874836e-02 5.874836e-02
4.040000e+01 0.000000e+00 5.869628e-02 5.869628e-02
4.050000e+01 0.000000e+00 5.864426e-02 5.864426e-02
4.060000e+01 0.000000e+00 5.859232e-02 5.859232e-02
4.070000e+01 0.000000e+00 5.854045e-02 5.854045e-02
4.080000e+01 0.000000e+00 5.848865e-02 5.848865e-02
4.090000e+01 0.000000e+00 5.843693e-02 5.843693e-02
4.100000e+01 0.000000e+00 5.838528e-02 5.838528e-02
4.110000e+01 0.000000e+00 5.833370e-02 5.833370e-02
4.120000e+01 0.000000e+00 5.828219e-02 5.828219e-02
4.130000e+01 0.000000e+00 5.823075e-02 5.823075e-02
4.140000e+01 0.000000e+00 5.817939e-02 5.817939e-02
4.150000e+01 0.000000e+00 5.812810e-02 5.812810e-02
4.160000e+01 0.000000e+00 5.807688e-02 5.807688e-02
4.170000e+01 0.000000e+00 5.802573e-02 5.802573e-02
4.180000e+01 0.000000e+00 5.797465e-02 5.797465e-02
4.190000e+01 0.000000e+00 5.792365e-02 5.792365e-02
4.200000e+01 0.000000e+00 5.787271e-02 5.787271e-02
4.210000e+01 0.000000e+00 5.782185e-02 5.782185e-02
4.220000e+01 0.000000e+00 5.777106e-02 5.777106e-02
4.230000e+01 0.000000e+00 5.772034e-02 5.772034e-02
4.240000e+01 0.000000e+00 5.766969e-02 5.766969e-02
4.250000e+01 0.000000e+00 5.761911e-02 5.761911e-02
4.260000e+01 0.000000e+00 5.756861e-02 5.756861e-02
4.270000e+01 0.000000e+00 5.751817e-02 5.751817e-02
4.280000e+01 0.000000e+00 5.746781e-02 5.746781e-02
4.290000e+01 0.000000e+00 5.741752e-02 5.741752e-02
4.300000e+01 0.000000e+00 5.736729e-02 5.736729e-02
4.310000e+01 0.000000e+00 5.731714e-02 5.731714e-02
4.320000e+01 0.000000e+00 5.726706e-02 5.726706e-02
4.330000e+01 0.000000e+00 5.721705e-02 5.721705e-02
4.340000e+01 0.000000e+00 5.716711e-02 5.716711e-02
4.350000e+01 0.000000e+00 5.711723e-02 5.711723e-02
4.360000e+01 0.000000e+00 5.706743e-02 5.706743e-02
4.370000e+01 0.000000e+00 5.701770e-02 5.701770e-02
4.380000e+01 0.000000e+00 5.696804e-02 5.696804e-02
4.390000e+01 0.000000e+00 5.691845e-02 5.691845e-02
4.400000e+01 0.000000e+00 5.686892e-02 5.686892e-02
4.410000e+01 0.000000e+00 5.681947e-02 5.681947e-02
4.420000e+01 0.000000e+00 5.677009e-02 5.677009e-02
4.430000e+01 0.000000e+00 5.672077e-02 5.672077e-02
4.440000e+01 0.000000e+00 5.667153e-02 5.667153e-02
4.450000e+01 0.000000e+00 5.662235e-02 5.662235e-02
4.460000e+01 0.000000e+00 5.657325e-02 5.657325e-02
4.470000e+01 0.000000e+00 5.652421e-02 5.652421e-02
4.480000e+01 0.000000e+00 5.647524e-02 5.647524e-02
4.490000e+01 0.000000e+00 5.642634e-02 5.642634e-02
4.500000e+01 0.000000e+00 5.637750e-02 5.637750e-02
4.510000e+01 0.000000e+00 5.632874e-02 5.632874e-02
4.520000e+01 0.000000e+00 5.628004e-02 5.628004e-02
4.530000e+01 0.000000e+00 5.623142e-02 5.623142e-02
4.540000e+01 0.000000e+00 5.618286e-02 5.618286e-02
4.550000e+01 0.000000e+00 5.613436e-02 5.613436e-02
4.560000e+01 0.000000e+00 5.608594e-02 5.608594e-02
4.570000e+01 0.000000e+00 5.603758e-02 5.603758e-02
4.580000e+01 0.000000e+00 5.598929e-02 5.598929e-02
4.590000e+01 0.000000e+00 5.594107e-02 5.594107e-02
4.600000e+01 0.000000e+00 5.589292e-02 5.589292e-02
4.610000e+01 0.000000e+00 5.584483e-02 5.584483e-02
4.620000e+01 0.000000e+00 5.579682e-02 5.579682e-02
4.630000e+01 0.000000e+00 5.574886e-02 5.574886e-02
4.640000e+01 0.000000e+00 5.570098e-02 5.570098e-02
4.650000e+01 0.000000e+00 5.565316e-02 5.565316e-02
4.660000e+01 0.000000e+00 5.560541e-02 5.560541e-02
4.670000e+01 0.000000e+00 5.555773e-02 5.555773e-02
4.680000e+01 0.000000e+00 5.551012e-02 5.551012e-02
4.690000e+01 0.000000e+00 5.546257e-02 5.546257e-02
4.700000e+01 0.000000e+00 5.541509e-02 5.541509e-02
4.710000e+01 0.000000e+00 5.536767e-02 5.536767e-02
4.720000e+01 0.000000e+00 5.532033e-02 5.532033e-02
4.730000e+01 0.000000e+00 5.527305e-02 5.527305e-02
4.740000e+01 0.000000e+00 5.522583e-02 5.522583e-02
4.750000e+01 0.000000e+00 5.517868e-02 5.517868e-02
4.760000e+01 0.000000e+00 5.513160e-02 5.513160e-02
4.770000e+01 0.000000e+00 5.508459e-02 5.508459e-02
4.780000e+01 0.000000e+00 5.503764e-02 5.503764e-02
4.790000e+01 0.000000e+00 5.499076e-02 5.499076e-02
4.800000e+01 0.000000e+00 5.494394e-02 5.494394e-02
4.810000e+01 0.000000e+00 5.489719e-02 5.489719e-02
4.820000e+01 0.000000e+00 5.485051e-02 5.485051e-02
4.830000e+01 0.000000e+00 5.480389e-02 5.480389e-02
4.840000e+01 0.000000e+00 5.475734e-02 5.475734e-02
4.850000e+01 0.000000e+00 5.471085e-02 5.471085e-02
4.860000e+01 0.000000e+00 5.466443e-02 5.466443e-02
4.870000e+01 0.000000e+00 5.461807e-02 5.461807e-02
4.880000e+01 0.000000e+00 5.457178e-02 5.457178e-02
4.890000e+01 0.000000e+00 5.452556e-02 5.452556e-02
4.900000e+01 0.000000e+00 5.447940e-02 5.447940e-02
4.910000e+01 0.000000e+00 5.443330e-02 5.443330e-02
4.920000e+01 0.000000e+00 5.438728e-02 5.438728e-02
4.930000e+01 0.000000e+00 5.434131e-02 5.434131e-02
4.940000e+01 0.000000e+00 5.429542e-02 5.429542e-02
4.950000e+01 0.000000e+00 5.424958e-02 5.424958e-02
4.960000e+01 0.000000e+00 5.420382e-02 5.420382e-02
4.970000e+01 0.000000e+00 5.415811e-02 5.415811e-02
4.980000e+01 0.000000e+00 5.411248e-02 5.411248e-02
4.990000e+01 0.000000e+00 5.406690e-02 5.406690e-02
5.000000e+01 0.000000e+00 5.402140e-02 5.402140e-02
5.010000e+01 0.000000e+00 5.397595e-02 5.397595e-02
5.020000e+01 0.000000e+00 5.393057e-02 5.393057e-02
5.030000e+01 0.000000e+00 5.388526e-02 5.388526e-02
5.040000e+01 0.000000e+00 5.384001e-02 5.384001e-02
5.050000e+01 0.000000e+00 5.379483e-02 5.379483e-02
5.060000e+01 0.000000e+00 5.374970e-02 5.374970e-02
5.070000e+01 0.000000e+00 5.370465e-02 5.370465e-02
5.080000e+01 0.000000e+00 5.365966e-02 5.365966e-02
5.090000e+01 0.000000e+00 5.361473e-02 5.361473e-02
5.100000e+01 0.000000e+00 5.356986e-02 5.356986e-02
5.110000e+01 0.000000e+00 5.352506e-02 5.352506e-02
5.120000e+01 0.000000e+00 5.348033e-02 5.348033e-02
5.130000e+01 0.000000e+00 5.343565e-02 5.343565e-02
5.140000e+01 0.000000e+00 5.339105e-02 5.339105e-02
5.150000e+01 0.000000e+00 5.334650e-02 5.334650e-02
5.160000e+01 0.000000e+00 5.330202e-02 5.330202e-02
5.170000e+01 0.000000e+00 5.325760e-02 5.325760e-02
5.180000e+01 0.000000e+00 5.321325e-02 5.321325e-02
5.190000e+01 0.000000e+00 5.316896e-02 5.316896e-02
5.200000e+01 0.000000e+00 5.312473e-02 5.312473e-02
5.210000e+01 0.000000e+00 5.308057e-02 5.308057e-02
5.220000e+01 0.000000e+00 5.303647e-02 5.303647e-02
5.230000e+01 0.000000e+00 5.299243e-02 5.299243e-02
5.240000e+01 0.000000e+00 5.294846e-02 5.294846e-02
5.250000e+01 0.000000e+00 5.290455e-02 5.290455e-02
5.260000e+01 0.000000e+00 5.286070e-02 5.286070e-02
5.270000e+01 0.000000e+00 5.281692e-02 5.281692e-02
5.280000e+01 0.000000e+00 5.277320e-02 5.277320e-02
5.290000e+01 0.000000e+00 5.272954e-02 5.272954e-02
5.300000e+01 0.000000e+00 5.268595e-02 5.268595e-02
5.310000e+01 0.000000e+00 5.264242e-02 5.264242e-02
5.320000e+01 0.000000e+00 5.259895e-02 5.259895e-02
5.330000e+01 0.000000e+00 5.255554e-02 5.255554e-02
5.340000e+01 0.000000e+00 5.251220e-02 5.251220e-02
5.350000e+01 0.000000e+00 5.246892e-02 5.246892e-02
5.360000e+01 0.000000e+00 5.242570e-02 5.242570e-02
5.370000e+01 0.000000e+00 5.238254e-02 5.238254e-02
5.380000e+01 0.000000e+00 5.233945e-02 5.233945e-02
5.390000e+01 0.000000e+00 5.229641e-02 5.229641e-02
5.400000e+01 0.000000e+00 5.225344e-02 5.225344e-02
5.410000e+01 0.000000e+00 5.221054e-02 5.221054e-02
5.420000e+01 0.000000e+00 5.216769e-02 5.216769e-02
5.430000e+01 0.000000e+00 5.212491e-02 5.212491e-02
5.440000e+01 0.000000e+00 5.208218e-02 5.208218e-02
5.450000e+01 0.000000e+00 5.203952e-02 5.203952e-02
5.460000e+01 0.000000e+00 5.199692e-02 5.199692e-02
5.470000e+01 0.000000e+00 5.195439e-02 5.195439e-02
5.480000e+01 0.000000e+00 5.191191e-02 5.191191e-02
5.490000e+01 0.000000e+00 5.186950e-02 5.186950e-02
5.500000e+01 0.000000e+00 5.182714e-02 5.182714e-02
5.510000e+01 0.000000e+00 5.178485e-02 5.178485e-02
5.520000e+01 0.000000e+00 5.174262e-02 5.174262e-02
5.530000e+01 0.000000e+00 5.170045e-02 5.170045e-02
5.540000e+01 0.000000e+00 5.165834e-02 5.165834e-02
5.550000e+01 0.000000e+00 5.161629e-02 5.161629e-02
5.560000e+01 0.000000e+00 5.157431e-02 5.157431e-02
5.570000e+01 0.000000e+00 5.153238e-02 5.153238e-02
5.580000e+01 0.000000e+00 5.149052e-02 5.149052e-02
5.590000e+01 0.000000e+00 5.144871e-02 5.144871e-02
5.600000e+01 0.000000e+00 5.140696e-02 5.140696e-02
5.610000e+01 0.000000e+00 5.136528e-02 5.136528e-02
5.620000e+01 0.000000e+00 5.132366e-02 5.132366e-02
5.630000e+01 0.000000e+00 5.128209e-02 5.128209e-02
5.640000e+01 0.000000e+00 5.124059e-02 5.124059e-02
5.650000e+01 0.000000e+00 5.119915e-02 5.119915e-02
5.660000e+01 0.000000e+00 5.115776e-02 5.115776e-02
5.670000e+01 0.000000e+00 5.111644e-02 5.111644e-02
5.680000e+01 0.000000e+00 5.107518e-02 5.107518e-02
5.690000e+01 0.000000e+00 5.103397e-02 5.103397e-02
5.700000e+01 0.000000e+00 5.099283e-02 5.099283e-02
5.710000e+01 0.000000e+00 5.095175e-02 5.095175e-02
5.720000e+01 0.000000e+00 5.091072e-02 5.091072e-02
5.730000e+01 0.000000e+00 5.086976e-02 5.086976e-02
5.740000e+01 0.000000e+00 5.082886e-02 5.082886e-02
5.750000e+01 0.000000e+00 5.078802e-02 5.078802e-02
5.760000e+01 0.000000e+00 5.074723e-02 5.074723e-02
5.770000e+01 0.000000e+00 5.070651e-02 5.070651e-02
5.780000e+01 0.000000e+00 5.066584e-02 5.066584e-02
5.790000e+01 0.000000e+00 5.062524e-02 5.062524e-02
5.800000e+01 0.000000e+00 5.058470e-02 5.058470e-02
5.810000e+01 0.000000e+00 5.054421e-02 5.054421e-02
5.820000e+01 0.000000e+00 5.050378e-02 5.050378e-02
5.830000e+01 0.000000e+00 5.046342e-02 5.046342e-02
5.840000e+01 0.000000e+00 5.042311e-02 5.042311e-02
5.850000e+01 0.000000e+00 5.038286e-02 5.038286e-02
5.860000e+01 0.000000e+00 5.034267e-02 5.034267e-02
5.870000e+01 0.000000e+00 5.030254e-02 5.030254e-02
5.880000e+01 0.000000e+00 5.026246e-02 5.026246e-02
5.890000e+01 0.000000e+00 5.022245e-02 5.022245e-02
5.900000e+01 0.000000e+00 5.018250e-02 5.018250e-02
5.910000e+01 0.000000e+00 5.014260e-02 5.014260e-02
5.920000e+01 0.000000e+00 5.010276e-02 5.010276e-02
5.930000e+01 0.000000e+00 5.006298e-02 5.006298e-02
5.940000e+01 0.000000e+00 5.002326e-02 5.002326e-02
5.950000e+01 0.000000e+00 4.998360e-02 4.998360e-02
5.960000e+01 0.000000e+00 4.994399e-02 4.994399e-02
5.970000e+01 0.000000e+00 4.990445e-02 4.990445e-02
5.980000e+01 0.000000e+00 4.986496e-02 4.986496e-02
5.990000e+01 0.000000e+00 4.982553e-02 4.982553e-02
6.000000e+01 0.000000e+00 4.978616e-02 4.978616e-02
6.010000e+01 0.000000e+00 4.974685e-02 4.974685e-02
6.020000e+01 0.000000e+00 4.970759e-02 4.970759e-02
6.030000e+01 0.000000e+00 4.966839e-02 4.966839e-02
6.040000e+01 0.000000e+00 4.962925e-02 4.962925e-02
6.050000e+01 0.000000e+00 4.959017e-02 4.959017e-02
6.060000e+01 0.000000e+00 4.955115e-02 4.955115e-02
6.070000e+01 0.000000e+00 4.951218e-02 4.951218e-02
6.080000e+01 0.000000e+00 4.947327e-02 4.947327e-02
6.090000e+01 0.000000e+00 4.943442e-02 4.943442e-02
6.100000e+01 0.000000e+00 4.939563e-02 4.939563e-02
6.110000e+01 0.000000e+00 4.935689e-02 4.935689e-02
6.120000e+01 0.000000e+00 4.931821e-02 4.931821e-02
6.130000e+01 0.000000e+00 4.927959e-02 4.927959e-02
6.140000e+01 0.000000e+00 4.924102e-02 4.924102e-02
6.150000e+01 0.000000e+00 4.920252e-02 4.920252e-02
6.160000e+01 0.000000e+00 4.916407e-02 4.916407e-02
6.170000e+01 0.000000e+00 4.912567e-02 4.912567e-02
6.180000e+01 0.000000e+00 4.908734e-02 4.908734e-02
6.190000e+01 0.000000e+00 4.904905e-02 4.904905e-02
6.200000e+01 0.000000e+00 4.901083e-02 4.901083e-02
6.210000e+01 0.000000e+00 4.897266e-02 4.897266e-02
6.220000e+01 0.000000e+00 4.893455e-02 4.893455e-02
6.230000e+01 0.000000e+00 4.889650e-02 4.889650e-02
6.240000e+01 0.000000e+00 4.885850e-02 4.885850e-02
6.250000e+01 0.000000e+00 4.882056e-02 4.882056e-02
6.260000e+01 0.000000e+00 4.878267e-02 4.878267e-02
6.270000e+01 0.000000e+00 4.874484e-02 4.874484e-02
6.280000e+01 0.000000e+00 4.870707e-02 4.870707e-02
6.290000e+01 0.000000e+00 4.866935e-02 4.866935e-02
6.300000e+01 0.000000e+00 4.863169e-02 4.863169e-02
6.310000e+01 0.000000e+00 4.859409e-02 4.859409e-02
6.320000e+01 0.000000e+00 4.855654e-02 4.855654e-02
6.330000e+01 0.000000e+00 4.851904e-02 4.851904e-02
6.340000e+01 0.000000e+00 4.848160e-02 4.848160e-02
6.350000e+01 0.000000e+00 4.844422e-02 4.844422e-02
6.360000e+01 0.000000e+00 4.840690e-02 4.840690e-02
6.370000e+01 0.000000e+00 4.836962e-02 4.836962e-02
6.380000e+01 0.000000e+00 4.833241e-02 4.833241e-02
6.390000e+01 0.000000e+00 4.829525e-02 4.829525e-02
6.400000e+01 0.000000e+00 4.825815e-02 4.825815e-02
6.410000e+01 0.000000e+00 4.822110e-02 4.822110e-02
6.420000e+01 0.000000e+00 4.818411e-02 4.818411e-02
6.430000e+01 0.000000e+00 4.814717e-02 4.814717e-02
6.440000e+01 0.000000e+00 4.811029e-02 4.811029e-02
6.450000e+01 0.000000e+00 4.807346e-02 4.807346e-02
6.460000e+01 0.000000e+00 4.803669e-02 4.803669e-02
6.470000e+01 0.000000e+00 4.799997e-02 4.799997e-02
6.480000e+01 0.000000e+00 4.796331e-02 4.796331e-02
6.490000e+01 0.000000e+00 4.792670e-02 4.792670e-02
6.500000e+01 0.000000e+00 4.789015e-02 4.789015e-02
6.510000e+01 0.000000e+00 4.785365e-02 4.785365e-02
6.520000e+01 0.000000e+00 4.781721e-02 4.781721e-02
6.530000e+01 0.000000e+00 4.778082e-02 4.778082e-02
6.540000e+01 0.000000e+00 4.774449e-02 4.774449e-02
6.550000e+01 0.000000e+00 4.770821e-02 4.770821e-02
6.560000e+01 0.000000e+00 4.767199e-02 4.767199e-02
6.570000e+01 0.000000e+00 4.763581e-02 4.763581e-02
6.580000e+01 0.000000e+00 4.759970e-02 4.759970e-02
6.590000e+01 0.000000e+00 4.756364e-02 4.756364e-02
6.600000e+01 0.000000e+00 4.752763e-02 4.752763e-02
6.610000e+01 0.000000e+00 4.749167e-02 4.749167e-02
6.620000e+01 0.000000e+00 4.745577e-02 4.745577e-02
6.630000e+01 0.000000e+00 4.741993e-02 4.741993e-02
6.640000e+01 0.000000e+00 4.738413e-02 4.738413e-02
6.650000e+01 0.000000e+00 4.734839e-02 4.734839e-02
6.660000e+01 0.000000e+00 4.731271e-02 4.731271e-02
6.670000e+01 0.000000e+00 4.727708e-02 4.727708e-02
6.680000e+01 0.000000e+00 4.724150e-02 4.724150e-02
6.690000e+01 0.000000e+00 4.720597e-02 4.720597e-02
6.700000e+01 0.000000e+00 4.717050e-02 4.717050e-02
6.710000e+01 0.000000e+00 4.713508e-02 4.713508e-02
6.720000e+01 0.000000e+00 4.709971e-02 4.709971e-02
6.730000e+01 0.000000e+00 4.706440e-02 4.706440e-02
6.740000e+01 0.000000e+00 4.702914e-02 4.702914e-02
6.750000e+01 0.000000e+00 4.699393e-02 4.699393e-02
6.760000e+01 0.000000e+00 4.695878e-02 4.695878e-02
6.770000e+01 0.000000e+00 4.692368e-02 4.692368e-02
6.780000e+01 0.000000e+00 4.688863e-02 4.688863e-02
6.790000e+01 0.000000e+00 4.685363e-02 4.685363e-02
6.800000e+01 0.000000e+00 4.681869e-02 4.681869e-02
6.810000e+01 0.000000e+00 4.678379e-02 4.678379e-02
6.820000e+01 0.000000e+00 4.674895e-02 4.674895e-02
6.830000e+01 0.000000e+00 4.671417e-02 4.671417e-02
6.840000e+01 0.000000e+00 4.667943e-02 4.667943e-02
6.850000e+01 0.000000e+00 4.664475e-02 4.664475e-02
6.860000e+01 0.000000e+00 4.661012e-02 4.661012e-02
6.870000e+01 0.000000e+00 4.657554e-02 4.657554e-02
6.880000e+01 0.000000e+00 4.654101e-02 4.654101e-02
6.890000e+01 0.000000e+00 4.650654e-02 4.650654e-02
6.900000e+01 0.000000e+00 4.647211e-02 4.647211e-02
6.910000e+01 0.000000e+00 4.643774e-02 4.643774e-02
6.920000e+01 0.000000e+00 4.640342e-02 4.640342e-02
6.930000e+01 0.000000e+00 4.636916e-02 4.636916e-02
6.940000e+01 0.000000e+00 4.633494e-02 4.633494e-02
6.950000e+01 0.000000e+00 4.630077e-02 4.630077e-02
6.960000e+01 0.000000e+00 4.626666e-02 4.626666e-02
6.970000e+01 0.000000e+00 4.623259e-02 4.623259e-02
6.980000e+01 0.000000e+00 4.619858e-02 4.619858e-02
6.990000e+01 0.000000e+00 4.616462e-02 4.616462e-02
7.000000e+01 0.000000e+00 4.613071e-02 4.613071e-02
7.010000e+01 0.000000e+00 4.609685e-02 4.609685e-02
7.020000e+01 0.000000e+00 4.606305e-02 4.606305e-02
7.030000e+01 0.000000e+00 4.602929e-02 4.602929e-02
7.040000e+01 0.000000e+00 4.599558e-02 4.599558e-02
7.050000e+01 0.000000e+00 4.596193e-02 4.596193e-02
7.060000e+01 0.000000e+00 4.592832e-02 4.592832e-02
7.070000e+01 0.000000e+00 4.589477e-02 4.589477e-02
7.080000e+01 0.000000e+00 4.586127e-02 4.586127e-02
7.090000e+01 0.000000e+00 4.582781e-02 4.582781e-02
7.100000e+01 0.000000e+00 4.579441e-02 4.579441e-02
7.110000e+01 0.000000e+00 4.576106e-02 4.576106e-02
7.120000e+01 0.000000e+00 4.572776e-02 4.572776e-02
7.130000e+01 0.000000e+00 4.569450e-02 4.569450e-02
7.140000e+01 0.000000e+00 4.566130e-02 4.566130e-02
7.150000e+01 0.000000e+00 4.562815e-02 4.562815e-02
7.160000e+01 0.000000e+00 4.559505e-02 4.559505e-02
7.170000e+01 0.000000e+00 4.556200e-02 4.556200e-02
7.180000e+01 0.000000e+00 4.552900e-02 4.552900e-02
7.190000e+01 0.000000e+00 4.549604e-02 4.549604e-02
7.200000e+01 0.000000e+00 4.546314e-02 4.546314e-02
7.210000e+01 0.000000e+00 4.543029e-02 4.543029e-02
7.220000e+01 0.000000e+00 4.539749e-02 4.539749e-02
7.230000e+01 0.000000e+00 4.536474e-02 4.536474e-02
7.240000e+01 0.000000e+00 4.533203e-02 4.533203e-02
7.250000e+01 0.000000e+00 4.529938e-02 4.529938e-02
7.260000e+01 0.000000e+00 4.526677e-02 4.526677e-02
7.270000e+01 0.000000e+00 4.523422e-02 4.523422e-02
7.280000e+01 0.000000e+00 4.520171e-02 4.520171e-02
7.290000e+01 0.000000e+00 4.516926e-02 4.516926e-02
7.300000e+01 0.000000e+00 4.513685e-02 4.513685e-02
7.310000e+01 0.000000e+00 4.510449e-02 4.510449e-02
7.320000e+01 0.000000e+00 4.507218e-02 4.507218e-02
7.330000e+01 0.000000e+00 4.503992e-02 4.503992e-02
7.340000e+01 0.000000e+00 4.500771e-02 4.500771e-02
7.350000e+01 0.000000e+00 4.497554e-02 4.497554e-02
7.360000e+01 0.000000e+00 4.494343e-02 4.494343e-02
7.370000e+01 0.000000e+00 4.491136e-02 4.491136e-02
7.380000e+01 0.000000e+00 4.487934e-02 4.487934e-02
7.390000e+01 0.000000e+00 4.484737e-02 4.484737e-02
7.400000e+01 0.000000e+00 4.481545e-02 4.481545e-02
7.410000e+01 0.000000e+00 4.478358e-02 4.478358e-02
7.420000e+01 0.000000e+00 4.475176e-02 4.475176e-02
7.430000e+01 0.000000e+00 4.471998e-02 4.471998e-02
7.440000e+01 0.000000e+00 4.468825e-02 4.468825e-02
7.450000e+01 0.000000e+00 4.465657e-02 4.465657e-02
7.460000e+01 0.000000e+00 4.462494e-02 4.462494e-02
7.470000e+01 0.000000e+00 4.459335e-02 4.459335e-02
7.480000e+01 0.000000e+00 4.456181e-02 4.456181e-02
7.490000e+01 0.000000e+00 4.453032e-02 4.453032e-02
7.500000e+01 0.000000e+00 4.449888e-02 4.449888e-02
7.510000e+01 0.000000e+00 4.446749e-02 4.446749e-02
7.520000e+01 0.000000e+00 4.443614e-02 4.443614e-02
7.530000e+01 0.000000e+00 4.440484e-02 4.440484e-02
7.540000e+01 0.000000e+00 4.437359e-02 4.437359e-02
7.550000e+01 0.000000e+00 4.434238e-02 4.434238e-02
7.560000e+01 0.000000e+00 4.431123e-02 4.431123e-02
7.570000e+01 0.000000e+00 4.428012e-02 4.428012e-02
7.580000e+01 0.000000e+00 4.424905e-02 4.424905e-02
7.590000e+01 0.000000e+00 4.421804e-02 4.421804e-02
7.600000e+01 0.000000e+00 4.418707e-02 4.418707e-02
7.610000e+01 0.000000e+00 4.415614e-02 4.415614e-02
7.620000e+01 0.000000e+00 4.412527e-02 4.412527e-02
7.630000e+01 0.000000e+00 4.409444e-02 4.409444e-02
7.640000e+01 0.000000e+00 4.406365e-02 4.406365e-02
7.650000e+01 0.000000e+00 4.403292e-02 4.403292e-02
7.660000e+01 0.000000e+00 4.400223e-02 4.400223e-02
7.670000e+01 0.000000e+00 4.397158e-02 4.397158e-02
7.680000e+01 0.000000e+00 4.394099e-02 4.394099e-02
7.690000e+01 0.000000e+00 4.391044e-02 4.391044e-02
7.700000e+01 0.000000e+00 4.387993e-02 4.387993e-02
7.710000e+01 0.000000e+00 4.384947e-02 4.384947e-02
7.720000e+01 0.000000e+00 4.381906e-02 4.381906e-02
7.730000e+01 0.000000e+00 4.378869e-02 4.378869e-02
7.740000e+01 0.000000e+00 4.375837e-02 4.375837e-02
7.750000e+01 0.000000e+00 4.372810e-02 4.372810e-02
7.760000e+01 0.000000e+00 4.369787e-02 4.369787e-02
7.770000e+01 0.000000e+00 4.366768e-02 4.366768e-02
7.780000e+01 0.000000e+00 4.363755e-02 4.363755e-02
7.790000e+01 0.000000e+00 4.360745e-02 4.360745e-02
7.800000e+01 0.000000e+00 4.357741e-02 4.357741e-02
7.810000e+01 0.000000e+00 4.354741e-02 4.354741e-02
7.820000e+01 0.000000e+00 4.351745e-02 4.351745e-02
7.830000e+01 0.000000e+00 4.348754e-02 4.348754e-02
7.840000e+01 0.000000e+00 4.345767e-02 4.345767e-02
7.850000e+01 0.000000e+00 4.342785e-02 4.342785e-02
7.860000e+01 0.000000e+00 4.339808e-02 4.339808e-02
7.870000e+01 0.000000e+00 4.336835e-02 4.336835e-02
7.880000e+01 0.000000e+00 4.333866e-02 4.333866e-02
7.890000e+01 0.000000e+00 4.330902e-02 4.330902e-02
7.900000e+01 0.000000e+00 4.327943e-02 4.327943e-02
7.910000e+01 0.000000e+00 4.324988e-02 4.324988e-02
7.920000e+01 0.000000e+00 4.322037e-02 4.322037e-02
7.930000e+01 0.000000e+00 4.319091e-02 4.319091e-02
7.940000e+01 0.000000e+00 4.316150e-02 4.316150e-02
7.950000e+01 0.000000e+00 4.313212e-02 4.313212e-02
7.960000e+01 0.000000e+00 4.310280e-02 4.310280e-02
7.970000e+01 0.000000e+00 4.307352e-02 4.307352e-02
7.980000e+01 0.000000e+00 4.304428e-02 4.304428e-02
7.990000e+01 0.000000e+00 4.301508e-02 4.301508e-02
8.000000e+01 0.000000e+00 4.298593e-02 4.298593e-02
8.010000e+01 0.000000e+00 4.295683e-02 4.295683e-02
8.020000e+01 0.000000e+00 4.292776e-02 4.292776e-02
8.030000e+01 0.000000e+00 4.289875e-02 4.289875e-02
8.040000e+01 0.000000e+00 4.286977e-02 4.286977e-02
8.050000e+01 0.000000e+00 4.284084e-02 4.284084e-02
8.060000e+01 0.000000e+00 4.281195e-02 4.281195e-02
8.070000e+01 0.000000e+00 4.278311e-02 4.278311e-02
8.080000e+01 0.000000e+00 4.275431e-02 4.275431e-02
8.090000e+01 0.000000e+00 4.272555e-02 4.272555e-02
8.100000e+01 0.000000e+00 4.269684e-02 4.269684e-02
8.110000e+01 0.000000e+00 4.266817e-02 4.266817e-02
8.120000e+01 0.000000e+00 4.263955e-02 4.263955e-02
8.130000e+01 0.000000e+00 4.261096e-02 4.261096e-02
8.140000e+01 0.000000e+00 4.258242e-02 4.258242e-02
8.150000e+01 0.000000e+00 4.255393e-02 4.255393e-02
8.160000e+01 0.000000e+00 4.252547e-02 4.252547e-02
8.170000e+01 0.000000e+00 4.249706e-02 4.249706e-02
8.180000e+01 0.000000e+00 4.246869e-02 4.246869e-02
8.190000e+01 0.000000e+00 4.244037e-02 4.244037e-02
8.200000e+01 0.000000e+00 4.241208e-02 4.241208e-02
8.210000e+01 0.000000e+00 4.238384e-02 4.238384e-02
8.220000e+01 0.000000e+00 4.235564e-02 4.235564e-02
8.230000e+01 0.000000e+00 4.232749e-02 4.232749e-02
8.240000e+01 0.000000e+00 4.229937e-02 4.229937e-02
8.250000e+01 0.000000e+00 4.227130e-02 4.227130e-02
8.260000e+01 0.000000e+00 4.224327e-02 4.224327e-02
8.270000e+01 0.000000e+00 4.221529e-02 4.221529e-02
8.280000e+01 0.000000e+00 4.218734e-02 4.218734e-02
8.290000e+01 0.000000e+00 4.215944e-02 4.215944e-02
8.300000e+01 0.000000e+00 4.213158e-02 4.213158e-02
8.310000e+01 0.000000e+00 4.210376e-02 4.210376e-02
8.320000e+01 0.000000e+00 4.207598e-02 4.207598e-02
8.330000e+01 0.000000e+00 4.204825e-02 4.204825e-02
8.340000e+01 0.000000e+00 4.202055e-02 4.202055e-02
8.350000e+01 0.000000e+00 4.199290e-02 4.199290e-02
8.360000e+01 0.000000e+00 4.196529e-02 4.196529e-02
8.370000e+01 0.000000e+00 4.193772e-02 4.193772e-02
8.380000e+01 0.000000e+00 4.191020e-02 4.191020e-02
8.390000e+01 0.000000e+00 4.188271e-02 4.188271e-02
8.400000e+01 0.000000e+00 4.185526e-02 4.185526e-02
8.410000e+01 0.000000e+00 4.182786e-02 4.182786e-02
8.420000e+01 0.000000e+00 4.180050e-02 4.180050e-02
8.430000e+01 0.000000e+00 4.177317e-02 4.177317e-02
8.440000e+01 0.000000e+00 4.174589e-02 4.174589e-02
8.450000e+01 0.000000e+00 4.171865e-02 4.171865e-02
8.460000e+01 0.000000e+00 4.169145e-02 4.169145e-02
8.470000e+01 0.000000e+00 4.166429e-02 4.166429e-02
8.480000e+01 0.000000e+00 4.163718e-02 4.163718e-02
8.490000e+01 0.000000e+00 4.161010e-02 4.161010e-02
8.500000e+01 0.000000e+00 4.158306e-02 4.158306e-02
8.510000e+01 0.000000e+00 4.155607e-02 4.155607e-02
8.520000e+01 0.000000e+00 4.152911e-02 4.152911e-02
8.530000e+01 0.000000e+00 4.150219e-02 4.150219e-02
8.540000e+01 0.000000e+00 4.147532e-02 4.147532e-02
8.550000e+01 0.000000e+00 4.144848e-02 4.144848e-02
8.560000e+01 0.000000e+00 4.142169e-02 4.142169e-02
8.570000e+01 0.000000e+00 4.139493e-02 4.139493e-02
8.580000e+01 0.000000e+00 4.136822e-02 4.136822e-02
8.590000e+01 0.000000e+00 4.134154e-02 4.134154e-02
8.600000e+01 0.000000e+00 4.131491e-02 4.131491e-02
8.610000e+01 0.000000e+00 4.128831e-02 4.128831e-02
8.620000e+01 0.000000e+00 4.126176e-02 4.126176e-02
8.630000e+01 0.000000e+00 4.123524e-02 4.123524e-02
8.640000e+01 0.000000e+00 4.120877e-02 4.120877e-02
8.650000e+01 0.000000e+00 4.118233e-02 4.118233e-02
8.660000e+01 0.000000e+00 4.115594e-02 4.115594e-02
8.670000e+01 0.000000e+00 4.112958e-02 4.112958e-02
8.680000e+01 0.000000e+00 4.110326e-02 4.110326e-02
8.690000e+01 0.000000e+00 4.107698e-02 4.107698e-02
8.700000e+01 0.000000e+00 4.105075e-02 4.105075e-02
8.710000e+01 0.000000e+00 4.102455e-02 4.102455e-02
8.720000e+01 0.000000e+00 4.099839e-02 4.099839e-02
8.730000e+01 0.000000e+00 4.097227e-02 4.097227e-02
8.740000e+01 0.000000e+00 4.094618e-02 4.094618e-02
8.750000e+01 0.000000e+00 4.092014e-02 4.092014e-02
8.760000e+01 0.000000e+00 4.089414e-02 4.089414e-02
8.770000e+01 0.000000e+00 4.086817e-02 4.086817e-02
8.780000e+01 0.000000e+00 4.084225e-02 4.084225e-02
8.790000e+01 0.000000e+00 4.081636e-02 4.081636e-02
8.800000e+01 0.000000e+00 4.079051e-02 4.079051e-02
8.810000e+01 0.000000e+00 4.076470e-02 4.076470e-02
8.820000e+01 0.000000e+00 4.073893e-02 4.073893e-02
8.830000e+01 0.000000e+00 4.071319e-02 4.071319e-02
8.840000e+01 0.000000e+00 4.068750e-02 4.068750e-02
8.850000e+01 0.000000e+00 4.066184e-02 4.066184e-02
8.860000e+01 0.000000e+00 4.063622e-02 4.063622e-02
8.870000e+01 0.000000e+00 4.061064e-02 4.061064e-02
8.880000e+01 0.000000e+00 4.058510e-02 4.058510e-02
8.890000e+01 0.000000e+00 4.055960e-02 4.055960e-02
8.900000e+01 0.000000e+00 4.053413e-02 4.053413e-02
8.910000e+01 0.000000e+00 4.050871e-02 4.050871e-02
8.920000e+01 0.000000e+00 4.048332e-02 4.048332e-02
8.930000e+01 0.000000e+00 4.045796e-02 4.045796e-02
8.940000e+01 0.000000e+00 4.043265e-02 4.043265e-02
8.950000e+01 0.000000e+00 4.040737e-02 4.040737e-02
8.960000e+01 0.000000e+00 4.038213e-02 4.038213e-02
8.970000e+01 0.000000e+00 4.035693e-02 4.035693e-02
8.980000e+01 0.000000e+00 4.033177e-02 4.033177e-02
8.990000e+01 0.000000e+00 4.030664e-02 4.030664e-02
9.000000e+01 0.000000e+00 4.028155e-02 4.028155e-02
9.010000e+01 0.000000e+00 4.025650e-02 4.025650e-02
9.020000e+01 0.000000e+00 4.023148e-02 4.023148e-02
9.030000e+01 0.000000e+00 4.020651e-02 4.020651e-02
9.040000e+01 0.000000e+00 4.018157e-02 4.018157e-02
9.050000e+01 0.000000e+00 4.015666e-02 4.015666e-02
9.060000e+01 0.000000e+00 4.013179e-02 4.013179e-02
9.070000e+01 0.000000e+00 4.010696e-02 4.010696e-02
9.080000e+01 0.000000e+00 4.008217e-02 4.008217e-02
9.090000e+01 0.000000e+00 4.005742e-02 4.005742e-02
9.100000e+01 0.000000e+00 4.003270e-02 4.003270e-02
9.110000e+01 0.000000e+00 4.000801e-02 4.000801e-02
9.120000e+01 0.000000e+00 3.998337e-02 3.998337e-02
9.130000e+01 0.000000e+00 3.995876e-02 3.995876e-02
9.140000e+01 0.000000e+00 3.993418e-02 3.993418e-02
9.150000e+01 0.000000e+00 3.990965e-02 3.990965e-02
9.160000e+01 0.000000e+00 3.988514e-02 3.988514e-02
9.170000e+01 0.000000e+00 3.986068e-02 3.986068e-02
9.180000e+01 0.000000e+00 3.983625e-02 3.983625e-02
9.190000e+01 0.000000e+00 3.981186e-02 3.981186e-02
9.200000e+01 0.000000e+00 3.978750e-02 3.978750e-02
9.210000e+01 0.000000e+00 3.976318e-02 3.976318e-02
9.220000e+01 0.000000e+00 3.973890e-02 3.973890e-02
9.230000e+01 0.000000e+00 3.971465e-02 3.971465e-02
9.240000e+01 0.000000e+00 3.969043e-02 3.969043e-02
9.250000e+01 0.000000e+00 3.966626e-02 3.966626e-02
9.260000e+01 0.000000e+00 3.964211e-02 3.964211e-02
9.270000e+01 0.000000e+00 3.961801e-02 3.961801e-02
9.280000e+01 0.000000e+00 3.959394e-02 3.959394e-02
9.290000e+01 0.000000e+00 3.956990e-02 3.956990e-02
9.300000e+01 0.000000e+00 3.954590e-02 3.954590e-02
9.310000e+01 0.000000e+00 3.952194e-02 3.952194e-02
9.320000e+01 0.000000e+00 3.949801e-02 3.949801e-02
9.330000e+01 0.000000e+00 3.947411e-02 3.947411e-02
9.340000e+01 0.000000e+00 3.945025e-02 3.945025e-02
9.350000e+01 0.000000e+00 3.942643e-02 3.942643e-02
9.360000e+01 0.000000e+00 3.940264e-02 3.940264e-02
9.370000e+01 0.000000e+00 3.937889e-02 3.937889e-02
9.380000e+01 0.000000e+00 3.935517e-02 3.935517e-02
9.390000e+01 0.000000e+00 3.933149e-02 3.933149e-02
9.400000e+01 0.000000e+00 3.930784e-02 3.930784e-02
9.410000e+01 0.000000e+00 3.928423e-02 3.928423e-02
9.420000e+01 0.000000e+00 3.926065e-02 3.926065e-02
9.430000e+01 0.000000e+00 3.923710e-02 3.923710e-02
9.440000e+01 0.000000e+00 3.921359e-02 3.921359e-02
9.450000e+01 0.000000e+00 3.919012e-02 3.919012e-02
9.460000e+01 0.000000e+00 3.916668e-02 3.916668e-02
9.470000e+01 0.000000e+00 3.914327e-02 3.914327e-02
9.480000e+01 0.000000e+00 3.911990e-02 3.911990e-02
9.490000e+01 0.000000e+00 3.909657e-02 3.909657e-02
9.500000e+01 0.000000e+00 3.907327e-02 3.907327e-02
9.510000e+01 0.000000e+00 3.905000e-02 3.905000e-02
9.520000e+01 0.000000e+00 3.902676e-02 3.902676e-02
9.530000e+01 0.000000e+00 3.900356e-02 3.900356e-02
9.540000e+01 0.000000e+00 3.898040e-02 3.898040e-02
9.550000e+01 0.000000e+00 3.895727e-02 3.895727e-02
9.560000e+01 0.000000e+00 3.893417e-02 3.893417e-02
9.570000e+01 0.000000e+00 3.891110e-02 3.891110e-02
9.580000e+01 0.000000e+00 3.888807e-02 3.888807e-02
9.590000e+01 0.000000e+00 3.886507e-02 3.886507e-02
9.600000e+01 0.000000e+00 3.884211e-02 3.884211e-02
9.610000e+01 0.000000e+00 3.881918e-02 3.881918e-02
9.620000e+01 0.000000e+00 3.879629e-02 3.879629e-02
9.630000e+01 0.000000e+00 3.877342e-02 3.877342e-02
9.640000e+01 0.000000e+00 3.875059e-02 3.875059e-02
9.650000e+01 0.000000e+00 3.872780e-02 3.872780e-02
9.660000e+01 0.000000e+00 3.870503e-02 3.870503e-02
9.670000e+01 0.000000e+00 3.868231e-02 3.868231e-02
9.680000e+01 0.000000e+00 3.865961e-02 3.865961e-02
9.690000e+01 0.000000e+00 3.863695e-02 3.863695e-02
9.700000e+01 0.000000e+00 3.861432e-02 3.861432e-02
9.710000e+01 0.000000e+00 3.859172e-02 3.859172e-02
9.720000e+01 0.000000e+00 3.856915e-02 3.856915e-02
9.730000e+01 0.000000e+00 3.854662e-02 3.854662e-02
9.740000e+01 0.000000e+00 3.852412e-02 3.852412e-02
9.750000e+01 0.000000e+00 3.850166e-02 3.850166e-02
9.760000e+01 0.000000e+00 3.847922e-02 3.847922e-02
9.770000e+01 0.000000e+00 3.845682e-02 3.845682e-02
9.780000e+01 0.000000e+00 3.843446e-02 3.843446e-02
9.790000e+01 0.000000e+00 3.841212e-02 3.841212e-02
9.800000e+01 0.000000e+00 3.838982e-02 3.838982e-02
9.810000e+01 0.000000e+00 3.836754e-02 3.836754e-02
9.820000e+01 0.000000e+00 3.834531e-02 3.834531e-02
9.830000e+01 0.000000e+00 3.832310e-02 3.832310e-02
9.840000e+01 0.000000e+00 3.830092e-02 3.830092e-02
9.850000e+01 0.000000e+00 3.827878e-02 3.827878e-02
9.860000e+01 0.000000e+00 3.825667e-02 3.825667e-02
9.870000e+01 0.000000e+00 3.823459e-02 3.823459e-02
9.880000e+01 0.000000e+00 3.821255e-02 3.821255e-02
9.890000e+01 0.000000e+00 3.819053e-02 3.819053e-02
9.900000e+01 0.000000e+00 3.816855e-02 3.816855e-02
9.910000e+01 0.000000e+00 3.814660e-02 3.814660e-02
9.920000e+01 0.000000e+00 3.812468e-02 3.812468e-02
9.930000e+01 0.000000e+00 3.810280e-02 3.810280e-02
9.940000e+01 0.000000e+00 3.808094e-02 3.808094e-02
9.950000e+01 0.000000e+00 3.805912e-02 3.805912e-02
9.960000e+01 0.000000e+00 3.803732e-02 3.803732e-02
9.970000e+01 0.000000e+00 3.801556e-02 3.801556e-02
9.980000e+01 0.000000e+00 3.799383e-02 3.799383e-02
9.990000e+01 0.000000e+00 3.797213e-02 3.797213e-02
1.000000e+02 0.000000e+00 3.795046e-02 3.795046e-02
