# # chi(t) for Pe = 250, beta = 0.1, bridge_width = 1.0
# # Columns: time, chi, I_T (signed), I_|T| (unsigned)
0.000000e+00 0.000000e+00 7.671023e-02 7.671023e-02
1.000000e-01 4.480000e-05 7.980900e-02 7.981257e-02
2.000000e-01 0.000000e+00 8.005103e-02 8.005103e-02
3.000000e-01 0.000000e+00 8.004653e-02 8.004653e-02
4.000000e-01 0.000000e+00 8.005307e-02 8.005307e-02
5.000000e-01 0.000000e+00 8.005961e-02 8.005961e-02
6.000000e-01 0.000000e+00 8.006965e-02 8.006965e-02
7.000000e-01 9.000000e-07 8.007956e-02 8.007963e-02
8.000000e-01 5.900000e-06 8.008957e-02 8.009004e-02
9.000000e-01 1.570000e-05 8.009973e-02 8.010099e-02
1.000000e+00 2.730000e-05 8.010999e-02 8.011218e-02
1.100000e+00 3.700000e-05 8.012023e-02 8.012320e-02
1.200000e+00 4.270000e-05 8.013037e-02 8.013379e-02
1.300000e+00 4.430000e-05 8.014033e-02 8.014388e-02
1.400000e+00 4.240000e-05 8.015010e-02 8.015349e-02
1.500000e+00 3.780000e-05 8.015966e-02 8.016269e-02
1.600000e+00 3.150000e-05 8.016902e-02 8.017155e-02
1.700000e+00 2.430000e-05 8.017815e-02 8.018011e-02
1.800000e+00 1.700000e-05 8.018705e-02 8.018841e-02
1.900000e+00 1.010000e-05 8.019568e-02 8.019649e-02
2.000000e+00 4.500000e-06 8.020402e-02 8.020438e-02
2.100000e+00 9.000000e-07 8.021201e-02 8.021209e-02
2.200000e+00 0.000000e+00 8.021961e-02 8.021961e-02
2.300000e+00 0.000000e+00 8.022678e-02 8.022678e-02
2.400000e+00 0.000000e+00 8.023345e-02 8.023345e-02
2.500000e+00 0.000000e+00 8.023957e-02 8.023957e-02
2.600000e+00 0.000000e+00 8.024510e-02 8.024510e-02
2.700000e+00 0.000000e+00 8.024998e-02 8.024998e-02
2.800000e+00 0.000000e+00 8.025416e-02 8.025416e-02
2.900000e+00 0.000000e+00 8.025761e-02 8.025761e-02
3.000000e+00 0.000000e+00 8.026027e-02 8.026027e-02
3.100000e+00 0.000000e+00 8.026212e-02 8.026212e-02
3.200000e+00 0.000000e+00 8.026311e-02 8.026311e-02
3.300000e+00 0.000000e+00 8.026322e-02 8.026322e-02
3.400000e+00 0.000000e+00 8.026241e-02 8.026241e-02
3.500000e+00 0.000000e+00 8.026067e-02 8.026067e-02
3.600000e+00 0.000000e+00 8.025798e-02 8.025798e-02
3.700000e+00 0.000000e+00 8.025430e-02 8.025430e-02
3.800000e+00 0.000000e+00 8.024964e-02 8.024964e-02
3.900000e+00 0.000000e+00 8.024397e-02 8.024397e-02
4.000000e+00 0.000000e+00 8.023729e-02 8.023729e-02
4.100000e+00 0.000000e+00 8.022959e-02 8.022959e-02
4.200000e+00 0.000000e+00 8.022086e-02 8.022086e-02
4.300000e+00 0.000000e+00 8.021111e-02 8.021111e-02
4.400000e+00 0.000000e+00 8.020033e-02 8.020033e-02
4.500000e+00 0.000000e+00 8.018852e-02 8.018852e-02
4.600000e+00 0.000000e+00 8.017568e-02 8.017568e-02
4.700000e+00 0.000000e+00 8.016181e-02 8.016181e-02
4.800000e+00 0.000000e+00 8.014692e-02 8.014692e-02
4.900000e+00 0.000000e+00 8.013102e-02 8.013102e-02
5.000000e+00 0.000000e+00 8.011411e-02 8.011411e-02
5.100000e+00 0.000000e+00 8.009619e-02 8.009619e-02
5.200000e+00 0.000000e+00 8.007728e-02 8.007728e-02
5.300000e+00 0.000000e+00 8.005739e-02 8.005739e-02
5.400000e+00 0.000000e+00 8.003651e-02 8.003651e-02
5.500000e+00 0.000000e+00 8.001467e-02 8.001467e-02
5.600000e+00 0.000000e+00 7.999188e-02 7.999188e-02
5.700000e+00 0.000000e+00 7.996813e-02 7.996813e-02
5.800000e+00 0.000000e+00 7.994345e-02 7.994345e-02
5.900000e+00 0.000000e+00 7.991785e-02 7.991785e-02
6.000000e+00 0.000000e+00 7.989134e-02 7.989134e-02
6.100000e+00 0.000000e+00 7.986392e-02 7.986392e-02
6.200000e+00 0.000000e+00 7.983562e-02 7.983562e-02
6.300000e+00 0.000000e+00 7.980645e-02 7.980645e-02
6.400000e+00 0.000000e+00 7.977641e-02 7.977641e-02
6.500000e+00 0.000000e+00 7.974552e-02 7.974552e-02
6.600000e+00 0.000000e+00 7.971381e-02 7.971381e-02
6.700000e+00 0.000000e+00 7.968127e-02 7.968127e-02
6.800000e+00 0.000000e+00 7.964792e-02 7.964792e-02
6.900000e+00 0.000000e+00 7.961377e-02 7.961377e-02
7.000000e+00 0.000000e+00 7.957885e-02 7.957885e-02
7.100000e+00 0.000000e+00 7.954315e-02 7.954315e-02
7.200000e+00 0.000000e+00 7.950670e-02 7.950670e-02
7.300000e+00 0.000000e+00 7.946951e-02 7.946951e-02
7.400000e+00 0.000000e+00 7.943159e-02 7.943159e-02
7.500000e+00 0.000000e+00 7.939296e-02 7.939296e-02
7.600000e+00 0.000000e+00 7.935362e-02 7.935362e-02
7.700000e+00 0.000000e+00 7.931360e-02 7.931360e-02
7.800000e+00 0.000000e+00 7.927290e-02 7.927290e-02
7.900000e+00 0.000000e+00 7.923154e-02 7.923154e-02
8.000000e+00 0.000000e+00 7.918953e-02 7.918953e-02
8.100000e+00 0.000000e+00 7.914688e-02 7.914688e-02
8.200000e+00 0.000000e+00 7.910362e-02 7.910362e-02
8.300000e+00 0.000000e+00 7.905974e-02 7.905974e-02
8.400000e+00 0.000000e+00 7.901526e-02 7.901526e-02
8.500000e+00 0.000000e+00 7.897020e-02 7.897020e-02
8.600000e+00 0.000000e+00 7.892457e-02 7.892457e-02
8.700000e+00 0.000000e+00 7.887838e-02 7.887838e-02
8.800000e+00 0.000000e+00 7.883164e-02 7.883164e-02
8.900000e+00 0.000000e+00 7.878437e-02 7.878437e-02
9.000000e+00 0.000000e+00 7.873657e-02 7.873657e-02
9.100000e+00 0.000000e+00 7.868827e-02 7.868827e-02
9.200000e+00 0.000000e+00 7.863946e-02 7.863946e-02
9.300000e+00 0.000000e+00 7.859018e-02 7.859018e-02
9.400000e+00 0.000000e+00 7.854041e-02 7.854041e-02
9.500000e+00 0.000000e+00 7.849019e-02 7.849019e-02
9.600000e+00 0.000000e+00 7.843951e-02 7.843951e-02
9.700000e+00 0.000000e+00 7.838839e-02 7.838839e-02
9.800000e+00 0.000000e+00 7.833684e-02 7.833684e-02
9.900000e+00 0.000000e+00 7.828487e-02 7.828487e-02
1.000000e+01 0.000000e+00 7.823249e-02 7.823249e-02
1.010000e+01 0.000000e+00 7.817972e-02 7.817972e-02
1.020000e+01 0.000000e+00 7.812656e-02 7.812656e-02
1.030000e+01 0.000000e+00 7.807302e-02 7.807302e-02
1.040000e+01 0.000000e+00 7.801912e-02 7.801912e-02
1.050000e+01 0.000000e+00 7.796486e-02 7.796486e-02
1.060000e+01 0.000000e+00 7.791025e-02 7.791025e-02
1.070000e+01 0.000000e+00 7.785530e-02 7.785530e-02
1.080000e+01 0.000000e+00 7.780003e-02 7.780003e-02
1.090000e+01 0.000000e+00 7.774444e-02 7.774444e-02
1.100000e+01 0.000000e+00 7.768854e-02 7.768854e-02
1.110000e+01 0.000000e+00 7.763234e-02 7.763234e-02
1.120000e+01 0.000000e+00 7.757585e-02 7.757585e-02
1.130000e+01 0.000000e+00 7.751908e-02 7.751908e-02
1.140000e+01 0.000000e+00 7.746203e-02 7.746203e-02
1.150000e+01 0.000000e+00 7.740472e-02 7.740472e-02
1.160000e+01 0.000000e+00 7.734714e-02 7.734714e-02
1.170000e+01 0.000000e+00 7.728932e-02 7.728932e-02
1.180000e+01 0.000000e+00 7.723126e-02 7.723126e-02
1.190000e+01 0.000000e+00 7.717296e-02 7.717296e-02
1.200000e+01 0.000000e+00 7.711444e-02 7.711444e-02
1.210000e+01 0.000000e+00 7.705570e-02 7.705570e-02
1.220000e+01 0.000000e+00 7.699675e-02 7.699675e-02
1.230000e+01 0.000000e+00 7.693760e-02 7.693760e-02
1.240000e+01 0.000000e+00 7.687826e-02 7.687826e-02
1.250000e+01 0.000000e+00 7.681872e-02 7.681872e-02
1.260000e+01 0.000000e+00 7.675900e-02 7.675900e-02
1.270000e+01 0.000000e+00 7.669911e-02 7.669911e-02
1.280000e+01 0.000000e+00 7.663905e-02 7.663905e-02
1.290000e+01 0.000000e+00 7.657883e-02 7.657883e-02
1.300000e+01 0.000000e+00 7.651845e-02 7.651845e-02
1.310000e+01 0.000000e+00 7.645793e-02 7.645793e-02
1.320000e+01 0.000000e+00 7.639726e-02 7.639726e-02
1.330000e+01 0.000000e+00 7.633645e-02 7.633645e-02
1.340000e+01 0.000000e+00 7.627551e-02 7.627551e-02
1.350000e+01 0.000000e+00 7.621445e-02 7.621445e-02
1.360000e+01 0.000000e+00 7.615326e-02 7.615326e-02
1.370000e+01 0.000000e+00 7.609196e-02 7.609196e-02
1.380000e+01 0.000000e+00 7.603055e-02 7.603055e-02
1.390000e+01 0.000000e+00 7.596903e-02 7.596903e-02
1.400000e+01 0.000000e+00 7.590742e-02 7.590742e-02
1.410000e+01 0.000000e+00 7.584570e-02 7.584570e-02
1.420000e+01 0.000000e+00 7.578390e-02 7.578390e-02
1.430000e+01 0.000000e+00 7.572201e-02 7.572201e-02
1.440000e+01 0.000000e+00 7.566004e-02 7.566004e-02
1.450000e+01 0.000000e+00 7.559799e-02 7.559799e-02
1.460000e+01 0.000000e+00 7.553587e-02 7.553587e-02
1.470000e+01 0.000000e+00 7.547369e-02 7.547369e-02
1.480000e+01 0.000000e+00 7.541144e-02 7.541144e-02
1.490000e+01 0.000000e+00 7.534913e-02 7.534913e-02
1.500000e+01 0.000000e+00 7.528676e-02 7.528676e-02
1.510000e+01 0.000000e+00 7.522435e-02 7.522435e-02
1.520000e+01 0.000000e+00 7.516189e-02 7.516189e-02
1.530000e+01 0.000000e+00 7.509938e-02 7.509938e-02
1.540000e+01 0.000000e+00 7.503684e-02 7.503684e-02
1.550000e+01 0.000000e+00 7.497426e-02 7.497426e-02
1.560000e+01 0.000000e+00 7.491165e-02 7.491165e-02
1.570000e+01 0.000000e+00 7.484900e-02 7.484900e-02
1.580000e+01 0.000000e+00 7.478634e-02 7.478634e-02
1.590000e+01 0.000000e+00 7.472365e-02 7.472365e-02
1.600000e+01 0.000000e+00 7.466094e-02 7.466094e-02
1.610000e+01 0.000000e+00 7.459821e-02 7.459821e-02
1.620000e+01 0.000000e+00 7.453547e-02 7.453547e-02
1.630000e+01 0.000000e+00 7.447272e-02 7.447272e-02
1.640000e+01 0.000000e+00 7.440997e-02 7.440997e-02
1.650000e+01 0.000000e+00 7.434721e-02 7.434721e-02
1.660000e+01 0.000000e+00 7.428445e-02 7.428445e-02
1.670000e+01 0.000000e+00 7.422168e-02 7.422168e-02
1.680000e+01 0.000000e+00 7.415893e-02 7.415893e-02
1.690000e+01 0.000000e+00 7.409618e-02 7.409618e-02
1.700000e+01 0.000000e+00 7.403343e-02 7.403343e-02
1.710000e+01 0.000000e+00 7.397070e-02 7.397070e-02
1.720000e+01 0.000000e+00 7.390798e-02 7.390798e-02
1.730000e+01 0.000000e+00 7.384528e-02 7.384528e-02
1.740000e+01 0.000000e+00 7.378259e-02 7.378259e-02
1.750000e+01 0.000000e+00 7.371992e-02 7.371992e-02
1.760000e+01 0.000000e+00 7.365727e-02 7.365727e-02
1.770000e+01 0.000000e+00 7.359465e-02 7.359465e-02
1.780000e+01 0.000000e+00 7.353205e-02 7.353205e-02
1.790000e+01 0.000000e+00 7.346948e-02 7.346948e-02
1.800000e+01 0.000000e+00 7.340693e-02 7.340693e-02
1.810000e+01 0.000000e+00 7.334442e-02 7.334442e-02
1.820000e+01 0.000000e+00 7.328193e-02 7.328193e-02
1.830000e+01 0.000000e+00 7.321949e-02 7.321949e-02
1.840000e+01 0.000000e+00 7.315707e-02 7.315707e-02
1.850000e+01 0.000000e+00 7.309470e-02 7.309470e-02
1.860000e+01 0.000000e+00 7.303236e-02 7.303236e-02
1.870000e+01 0.000000e+00 7.297006e-02 7.297006e-02
1.880000e+01 0.000000e+00 7.290781e-02 7.290781e-02
1.890000e+01 0.000000e+00 7.284560e-02 7.284560e-02
1.900000e+01 0.000000e+00 7.278344e-02 7.278344e-02
1.910000e+01 0.000000e+00 7.272132e-02 7.272132e-02
1.920000e+01 0.000000e+00 7.265925e-02 7.265925e-02
1.930000e+01 0.000000e+00 7.259722e-02 7.259722e-02
1.940000e+01 0.000000e+00 7.253525e-02 7.253525e-02
1.950000e+01 0.000000e+00 7.247333e-02 7.247333e-02
1.960000e+01 0.000000e+00 7.241146e-02 7.241146e-02
1.970000e+01 0.000000e+00 7.234964e-02 7.234964e-02
1.980000e+01 0.000000e+00 7.228787e-02 7.228787e-02
1.990000e+01 0.000000e+00 7.222616e-02 7.222616e-02
2.000000e+01 0.000000e+00 7.216451e-02 7.216451e-02
2.010000e+01 0.000000e+00 7.210291e-02 7.210291e-02
2.020000e+01 0.000000e+00 7.204137e-02 7.204137e-02
2.030000e+01 0.000000e+00 7.197989e-02 7.197989e-02
2.040000e+01 0.000000e+00 7.191846e-02 7.191846e-02
2.050000e+01 0.000000e+00 7.185710e-02 7.185710e-02
2.060000e+01 0.000000e+00 7.179579e-02 7.179579e-02
2.070000e+01 0.000000e+00 7.173455e-02 7.173455e-02
2.080000e+01 0.000000e+00 7.167337e-02 7.167337e-02
2.090000e+01 0.000000e+00 7.161224e-02 7.161224e-02
2.100000e+01 0.000000e+00 7.155119e-02 7.155119e-02
2.110000e+01 0.000000e+00 7.149019e-02 7.149019e-02
2.120000e+01 0.000000e+00 7.142926e-02 7.142926e-02
2.130000e+01 0.000000e+00 7.136839e-02 7.136839e-02
2.140000e+01 0.000000e+00 7.130758e-02 7.130758e-02
2.150000e+01 0.000000e+00 7.124685e-02 7.124685e-02
2.160000e+01 0.000000e+00 7.118617e-02 7.118617e-02
2.170000e+01 0.000000e+00 7.112557e-02 7.112557e-02
2.180000e+01 0.000000e+00 7.106503e-02 7.106503e-02
2.190000e+01 0.000000e+00 7.100456e-02 7.100456e-02
2.200000e+01 0.000000e+00 7.094416e-02 7.094416e-02
2.210000e+01 0.000000e+00 7.088382e-02 7.088382e-02
2.220000e+01 0.000000e+00 7.082356e-02 7.082356e-02
2.230000e+01 0.000000e+00 7.076336e-02 7.076336e-02
2.240000e+01 0.000000e+00 7.070324e-02 7.070324e-02
2.250000e+01 0.000000e+00 7.064318e-02 7.064318e-02
2.260000e+01 0.000000e+00 7.058320e-02 7.058320e-02
2.270000e+01 0.000000e+00 7.052328e-02 7.052328e-02
2.280000e+01 0.000000e+00 7.046344e-02 7.046344e-02
2.290000e+01 0.000000e+00 7.040366e-02 7.040366e-02
2.300000e+01 0.000000e+00 7.034396e-02 7.034396e-02
2.310000e+01 0.000000e+00 7.028433e-02 7.028433e-02
2.320000e+01 4.500000e-06 7.022477e-02 7.022509e-02
2.330000e+01 2.080000e-05 7.016528e-02 7.016674e-02
2.340000e+01 4.310000e-05 7.010587e-02 7.010889e-02
2.350000e+01 7.130000e-05 7.004652e-02 7.005152e-02
2.360000e+01 1.026000e-04 6.998725e-02 6.999444e-02
2.370000e+01 1.382000e-04 6.992806e-02 6.993772e-02
2.380000e+01 1.769000e-04 6.986893e-02 6.988129e-02
2.390000e+01 2.176000e-04 6.980988e-02 6.982507e-02
2.400000e+01 2.599000e-04 6.975090e-02 6.976904e-02
2.410000e+01 3.060000e-04 6.969200e-02 6.971333e-02
2.420000e+01 3.543000e-04 6.963316e-02 6.965784e-02
2.430000e+01 4.035000e-04 6.957440e-02 6.960249e-02
2.440000e+01 4.558000e-04 6.951572e-02 6.954742e-02
2.450000e+01 5.089000e-04 6.945710e-02 6.949247e-02
2.460000e+01 5.632000e-04 6.939856e-02 6.943767e-02
2.470000e+01 6.197000e-04 6.934010e-02 6.938310e-02
2.480000e+01 6.763000e-04 6.928170e-02 6.932859e-02
2.490000e+01 7.357000e-04 6.922338e-02 6.927435e-02
2.500000e+01 7.953000e-04 6.916513e-02 6.922018e-02
2.510000e+01 8.569000e-04 6.910695e-02 6.916622e-02
2.520000e+01 9.198000e-04 6.904885e-02 6.911242e-02
2.530000e+01 9.831000e-04 6.899082e-02 6.905871e-02
2.540000e+01 1.048300e-03 6.893286e-02 6.900520e-02
2.550000e+01 1.113200e-03 6.887498e-02 6.895173e-02
2.560000e+01 1.180500e-03 6.881717e-02 6.889850e-02
2.570000e+01 1.246800e-03 6.875943e-02 6.884526e-02
2.580000e+01 1.316000e-03 6.870176e-02 6.879229e-02
2.590000e+01 1.383700e-03 6.864417e-02 6.873929e-02
2.600000e+01 1.454500e-03 6.858665e-02 6.868656e-02
2.610000e+01 1.523700e-03 6.852921e-02 6.863379e-02
2.620000e+01 1.595700e-03 6.847184e-02 6.858127e-02
2.630000e+01 1.666200e-03 6.841454e-02 6.852872e-02
2.640000e+01 1.739500e-03 6.835731e-02 6.847642e-02
2.650000e+01 1.811000e-03 6.830016e-02 6.842407e-02
2.660000e+01 1.885500e-03 6.824307e-02 6.837199e-02
2.670000e+01 1.958100e-03 6.818606e-02 6.831984e-02
2.680000e+01 2.033500e-03 6.812913e-02 6.826795e-02
2.690000e+01 2.107200e-03 6.807226e-02 6.821600e-02
2.700000e+01 2.183200e-03 6.801546e-02 6.816428e-02
2.710000e+01 2.258000e-03 6.795874e-02 6.811254e-02
2.720000e+01 2.334500e-03 6.790209e-02 6.806098e-02
2.730000e+01 2.410300e-03 6.784551e-02 6.800943e-02
2.740000e+01 2.487200e-03 6.778900e-02 6.795802e-02
2.750000e+01 2.563900e-03 6.773256e-02 6.790667e-02
2.760000e+01 2.641000e-03 6.767619e-02 6.785540e-02
2.770000e+01 2.718600e-03 6.761989e-02 6.780423e-02
2.780000e+01 2.796100e-03 6.756367e-02 6.775311e-02
2.790000e+01 2.875200e-03 6.750751e-02 6.770216e-02
2.800000e+01 2.952800e-03 6.745142e-02 6.765118e-02
2.810000e+01 3.032700e-03 6.739540e-02 6.760041e-02
2.820000e+01 3.110800e-03 6.733945e-02 6.754958e-02
2.830000e+01 3.191000e-03 6.728356e-02 6.749895e-02
2.840000e+01 3.269900e-03 6.722775e-02 6.744830e-02
2.850000e+01 3.349700e-03 6.717201e-02 6.739777e-02
2.860000e+01 3.429400e-03 6.711633e-02 6.734729e-02
2.870000e+01 3.508700e-03 6.706072e-02 6.729684e-02
2.880000e+01 3.589200e-03 6.700518e-02 6.724654e-02
2.890000e+01 3.667900e-03 6.694971e-02 6.719618e-02
2.900000e+01 3.749100e-03 6.689430e-02 6.714604e-02
2.910000e+01 3.828300e-03 6.683896e-02 6.709583e-02
2.920000e+01 3.909000e-03 6.678369e-02 6.704577e-02
2.930000e+01 3.988900e-03 6.672849e-02 6.699573e-02
2.940000e+01 4.068700e-03 6.667336e-02 6.694574e-02
2.950000e+01 4.149200e-03 6.661829e-02 6.689586e-02
2.960000e+01 4.228100e-03 6.656329e-02 6.684592e-02
2.970000e+01 4.309300e-03 6.650835e-02 6.679620e-02
2.980000e+01 4.388600e-03 6.645348e-02 6.674641e-02
2.990000e+01 4.470000e-03 6.639868e-02 6.669682e-02
3.000000e+01 4.550800e-03 6.634395e-02 6.664725e-02
3.010000e+01 4.631100e-03 6.628928e-02 6.659770e-02
3.020000e+01 4.712600e-03 6.623467e-02 6.654828e-02
3.030000e+01 4.792100e-03 6.618013e-02 6.649880e-02
3.040000e+01 4.873600e-03 6.612566e-02 6.644951e-02
3.050000e+01 4.953700e-03 6.607125e-02 6.640017e-02
3.060000e+01 5.033900e-03 6.601690e-02 6.635091e-02
3.070000e+01 5.114500e-03 6.596262e-02 6.630172e-02
3.080000e+01 5.193400e-03 6.590841e-02 6.625248e-02
3.090000e+01 5.274400e-03 6.585426e-02 6.620344e-02
3.100000e+01 5.353600e-03 6.580017e-02 6.615433e-02
3.110000e+01 5.433300e-03 6.574615e-02 6.610532e-02
3.120000e+01 5.512900e-03 6.569219e-02 6.605635e-02
3.130000e+01 5.591100e-03 6.563829e-02 6.600735e-02
3.140000e+01 5.672200e-03 6.558446e-02 6.595859e-02
3.150000e+01 5.751500e-03 6.553069e-02 6.590977e-02
3.160000e+01 5.831700e-03 6.547699e-02 6.586107e-02
3.170000e+01 5.911500e-03 6.542334e-02 6.581239e-02
3.180000e+01 5.990000e-03 6.536976e-02 6.576369e-02
3.190000e+01 6.070200e-03 6.531624e-02 6.571515e-02
3.200000e+01 6.148600e-03 6.526279e-02 6.566654e-02
3.210000e+01 6.227500e-03 6.520939e-02 6.561803e-02
3.220000e+01 6.306200e-03 6.515606e-02 6.556956e-02
3.230000e+01 6.383400e-03 6.510279e-02 6.552103e-02
3.240000e+01 6.462400e-03 6.504958e-02 6.547269e-02
3.250000e+01 6.539600e-03 6.499643e-02 6.542428e-02
3.260000e+01 6.617000e-03 6.494334e-02 6.537593e-02
3.270000e+01 6.695000e-03 6.489031e-02 6.532768e-02
3.280000e+01 6.772000e-03 6.483735e-02 6.527942e-02
3.290000e+01 6.851000e-03 6.478444e-02 6.523134e-02
3.300000e+01 6.928400e-03 6.473159e-02 6.518320e-02
3.310000e+01 7.005300e-03 6.467880e-02 6.513510e-02
3.320000e+01 7.083000e-03 6.462607e-02 6.508709e-02
3.330000e+01 7.158900e-03 6.457340e-02 6.503901e-02
3.340000e+01 7.235800e-03 6.452080e-02 6.499106e-02
3.350000e+01 7.312000e-03 6.446825e-02 6.494311e-02
3.360000e+01 7.386800e-03 6.441576e-02 6.489512e-02
3.370000e+01 7.463200e-03 6.436333e-02 6.484729e-02
3.380000e+01 7.537800e-03 6.431095e-02 6.479940e-02
3.390000e+01 7.612400e-03 6.425864e-02 6.475156e-02
3.400000e+01 7.688700e-03 6.420639e-02 6.470387e-02
3.410000e+01 7.763200e-03 6.415419e-02 6.465613e-02
3.420000e+01 7.839200e-03 6.410206e-02 6.460853e-02
3.430000e+01 7.914000e-03 6.404998e-02 6.456091e-02
3.440000e+01 7.987600e-03 6.399796e-02 6.451326e-02
3.450000e+01 8.062600e-03 6.394599e-02 6.446576e-02
3.460000e+01 8.135900e-03 6.389409e-02 6.441819e-02
3.470000e+01 8.209100e-03 6.384224e-02 6.437067e-02
3.480000e+01 8.282600e-03 6.379045e-02 6.432321e-02
3.490000e+01 8.354300e-03 6.373871e-02 6.427569e-02
3.500000e+01 8.427100e-03 6.368704e-02 6.422829e-02
3.510000e+01 8.499200e-03 6.363542e-02 6.418090e-02
3.520000e+01 8.571100e-03 6.358385e-02 6.413355e-02
3.530000e+01 8.644700e-03 6.353234e-02 6.408635e-02
3.540000e+01 8.716600e-03 6.348089e-02 6.403910e-02
3.550000e+01 8.788000e-03 6.342950e-02 6.399185e-02
3.560000e+01 8.860000e-03 6.337815e-02 6.394471e-02
3.570000e+01 8.930400e-03 6.332687e-02 6.389750e-02
3.580000e+01 9.001000e-03 6.327564e-02 6.385036e-02
3.590000e+01 9.071500e-03 6.322446e-02 6.380326e-02
3.600000e+01 9.140300e-03 6.317334e-02 6.375609e-02
3.610000e+01 9.210200e-03 6.312228e-02 6.370905e-02
3.620000e+01 9.279100e-03 6.307127e-02 6.366199e-02
3.630000e+01 9.347800e-03 6.302031e-02 6.361497e-02
3.640000e+01 9.418500e-03 6.296941e-02 6.356812e-02
3.650000e+01 9.487500e-03 6.291856e-02 6.352122e-02
3.660000e+01 9.555500e-03 6.286777e-02 6.347429e-02
3.670000e+01 9.624600e-03 6.281703e-02 6.342749e-02
3.680000e+01 9.692100e-03 6.276634e-02 6.338063e-02
3.690000e+01 9.759100e-03 6.271571e-02 6.333379e-02
3.700000e+01 9.826700e-03 6.266512e-02 6.328703e-02
3.710000e+01 9.892600e-03 6.261460e-02 6.324021e-02
3.720000e+01 9.958600e-03 6.256412e-02 6.319344e-02
3.730000e+01 1.002470e-02 6.251370e-02 6.314673e-02
3.740000e+01 1.009080e-02 6.246334e-02 6.310007e-02
3.750000e+01 1.015740e-02 6.241302e-02 6.305348e-02
3.760000e+01 1.022360e-02 6.236276e-02 6.300692e-02
3.770000e+01 1.028810e-02 6.231255e-02 6.296030e-02
3.780000e+01 1.035360e-02 6.226240e-02 6.291379e-02
3.790000e+01 1.041830e-02 6.221230e-02 6.286727e-02
3.800000e+01 1.048130e-02 6.216225e-02 6.282069e-02
3.810000e+01 1.054570e-02 6.211225e-02 6.277425e-02
3.820000e+01 1.060880e-02 6.206230e-02 6.272777e-02
3.830000e+01 1.067030e-02 6.201241e-02 6.268124e-02
3.840000e+01 1.073420e-02 6.196257e-02 6.263490e-02
3.850000e+01 1.079750e-02 6.191278e-02 6.258858e-02
3.860000e+01 1.085930e-02 6.186304e-02 6.254221e-02
3.870000e+01 1.092270e-02 6.181336e-02 6.249598e-02
3.880000e+01 1.098450e-02 6.176372e-02 6.244970e-02
3.890000e+01 1.104490e-02 6.171414e-02 6.240338e-02
3.900000e+01 1.110680e-02 6.166461e-02 6.235719e-02
3.910000e+01 1.116710e-02 6.161512e-02 6.231096e-02
3.920000e+01 1.122620e-02 6.156569e-02 6.226469e-02
3.930000e+01 1.128650e-02 6.151632e-02 6.221855e-02
3.940000e+01 1.134550e-02 6.146699e-02 6.217237e-02
3.950000e+01 1.140480e-02 6.141771e-02 6.212625e-02
3.960000e+01 1.146540e-02 6.136849e-02 6.208026e-02
3.970000e+01 1.152440e-02 6.131931e-02 6.203422e-02
3.980000e+01 1.158220e-02 6.127019e-02 6.198815e-02
3.990000e+01 1.164130e-02 6.122112e-02 6.194220e-02
4.000000e+01 1.169890e-02 6.117209e-02 6.189621e-02
4.010000e+01 1.175510e-02 6.112312e-02 6.185018e-02
4.020000e+01 1.181270e-02 6.107420e-02 6.180427e-02
4.030000e+01 1.186880e-02 6.102533e-02 6.175833e-02
4.040000e+01 1.192340e-02 6.097651e-02 6.171233e-02
4.050000e+01 1.198120e-02 6.092774e-02 6.166658e-02
4.060000e+01 1.203760e-02 6.087901e-02 6.162078e-02
4.070000e+01 1.209250e-02 6.083034e-02 6.157494e-02
4.080000e+01 1.214860e-02 6.078172e-02 6.152922e-02
4.090000e+01 1.220360e-02 6.073315e-02 6.148347e-02
4.100000e+01 1.225700e-02 6.068463e-02 6.143767e-02
4.110000e+01 1.231140e-02 6.063615e-02 6.139197e-02
4.120000e+01 1.236490e-02 6.058773e-02 6.134627e-02
4.130000e+01 1.241690e-02 6.053936e-02 6.130052e-02
4.140000e+01 1.246950e-02 6.049103e-02 6.125485e-02
4.150000e+01 1.252330e-02 6.044276e-02 6.120930e-02
4.160000e+01 1.257570e-02 6.039453e-02 6.116370e-02
4.170000e+01 1.262810e-02 6.034635e-02 6.111816e-02
4.180000e+01 1.268050e-02 6.029822e-02 6.107265e-02
4.190000e+01 1.273140e-02 6.025014e-02 6.102710e-02
4.200000e+01 1.278200e-02 6.020211e-02 6.098158e-02
4.210000e+01 1.283290e-02 6.015413e-02 6.093612e-02
4.220000e+01 1.288240e-02 6.010620e-02 6.089062e-02
4.230000e+01 1.293110e-02 6.005831e-02 6.084511e-02
4.240000e+01 1.298110e-02 6.001048e-02 6.079973e-02
4.250000e+01 1.303100e-02 5.996269e-02 6.075438e-02
4.260000e+01 1.307950e-02 5.991496e-02 6.070900e-02
4.270000e+01 1.312920e-02 5.986727e-02 6.066374e-02
4.280000e+01 1.317780e-02 5.981963e-02 6.061845e-02
4.290000e+01 1.322490e-02 5.977204e-02 6.057312e-02
4.300000e+01 1.327260e-02 5.972450e-02 6.052786e-02
4.310000e+01 1.331970e-02 5.967701e-02 6.048262e-02
4.320000e+01 1.336550e-02 5.962956e-02 6.043734e-02
4.330000e+01 1.341110e-02 5.958217e-02 6.039209e-02
4.340000e+01 1.345800e-02 5.953482e-02 6.034697e-02
4.350000e+01 1.350410e-02 5.948752e-02 6.030185e-02
4.360000e+01 1.354930e-02 5.944027e-02 6.025671e-02
4.370000e+01 1.359550e-02 5.939307e-02 6.021167e-02
4.380000e+01 1.364020e-02 5.934591e-02 6.016660e-02
4.390000e+01 1.368370e-02 5.929881e-02 6.012149e-02
4.400000e+01 1.372800e-02 5.925175e-02 6.007648e-02
4.410000e+01 1.377140e-02 5.920474e-02 6.003146e-02
4.420000e+01 1.381360e-02 5.915778e-02 5.998640e-02
4.430000e+01 1.385590e-02 5.911086e-02 5.994141e-02
4.440000e+01 1.389980e-02 5.906400e-02 5.989655e-02
4.450000e+01 1.394230e-02 5.901718e-02 5.985165e-02
4.460000e+01 1.398380e-02 5.897041e-02 5.980674e-02
4.470000e+01 1.402630e-02 5.892369e-02 5.976193e-02
4.480000e+01 1.406750e-02 5.887701e-02 5.971708e-02
4.490000e+01 1.410750e-02 5.883038e-02 5.967221e-02
4.500000e+01 1.414780e-02 5.878380e-02 5.962740e-02
4.510000e+01 1.418770e-02 5.873727e-02 5.958261e-02
4.520000e+01 1.422630e-02 5.869079e-02 5.953779e-02
4.530000e+01 1.426580e-02 5.864435e-02 5.949306e-02
4.540000e+01 1.430610e-02 5.859796e-02 5.944843e-02
4.550000e+01 1.434510e-02 5.855162e-02 5.940377e-02
4.560000e+01 1.438290e-02 5.850532e-02 5.935908e-02
4.570000e+01 1.442140e-02 5.845907e-02 5.931447e-02
4.580000e+01 1.445910e-02 5.841287e-02 5.926986e-02
4.590000e+01 1.449570e-02 5.836671e-02 5.922522e-02
4.600000e+01 1.453170e-02 5.832061e-02 5.918060e-02
4.610000e+01 1.456810e-02 5.827455e-02 5.913605e-02
4.620000e+01 1.460440e-02 5.822853e-02 5.909153e-02
4.630000e+01 1.464010e-02 5.818257e-02 5.904702e-02
4.640000e+01 1.467650e-02 5.813665e-02 5.900260e-02
4.650000e+01 1.471220e-02 5.809078e-02 5.895818e-02
4.660000e+01 1.474670e-02 5.804495e-02 5.891373e-02
4.670000e+01 1.478050e-02 5.799917e-02 5.886929e-02
4.680000e+01 1.481490e-02 5.795344e-02 5.882493e-02
4.690000e+01 1.484820e-02 5.790776e-02 5.878054e-02
4.700000e+01 1.488020e-02 5.786212e-02 5.873613e-02
4.710000e+01 1.491340e-02 5.781653e-02 5.869182e-02
4.720000e+01 1.494710e-02 5.777099e-02 5.864760e-02
4.730000e+01 1.497970e-02 5.772549e-02 5.860335e-02
4.740000e+01 1.501110e-02 5.768004e-02 5.855908e-02
4.750000e+01 1.504360e-02 5.763464e-02 5.851492e-02
4.760000e+01 1.507490e-02 5.758929e-02 5.847073e-02
4.770000e+01 1.510510e-02 5.754398e-02 5.842652e-02
4.780000e+01 1.513490e-02 5.749872e-02 5.838233e-02
4.790000e+01 1.516500e-02 5.745351e-02 5.833820e-02
4.800000e+01 1.519470e-02 5.740834e-02 5.829410e-02
4.810000e+01 1.522420e-02 5.736322e-02 5.825003e-02
4.820000e+01 1.525410e-02 5.731815e-02 5.820603e-02
4.830000e+01 1.528360e-02 5.727312e-02 5.816204e-02
4.840000e+01 1.531190e-02 5.722814e-02 5.811804e-02
4.850000e+01 1.533920e-02 5.718321e-02 5.807401e-02
4.860000e+01 1.536730e-02 5.713832e-02 5.803008e-02
4.870000e+01 1.539440e-02 5.709348e-02 5.798614e-02
4.880000e+01 1.542040e-02 5.704869e-02 5.794218e-02
4.890000e+01 1.544660e-02 5.700394e-02 5.789827e-02
4.900000e+01 1.547430e-02 5.695924e-02 5.785450e-02
4.910000e+01 1.550080e-02 5.691459e-02 5.781070e-02
4.920000e+01 1.552630e-02 5.686998e-02 5.776689e-02
4.930000e+01 1.555150e-02 5.682543e-02 5.772311e-02
4.940000e+01 1.557690e-02 5.678091e-02 5.767938e-02
4.950000e+01 1.560120e-02 5.673645e-02 5.763563e-02
4.960000e+01 1.562440e-02 5.669203e-02 5.759187e-02
4.970000e+01 1.564760e-02 5.664766e-02 5.754815e-02
4.980000e+01 1.567190e-02 5.660333e-02 5.750454e-02
4.990000e+01 1.569570e-02 5.655906e-02 5.746095e-02
5.000000e+01 1.571850e-02 5.651482e-02 5.741734e-02
5.010000e+01 1.574140e-02 5.647064e-02 5.737379e-02
5.020000e+01 1.576400e-02 5.642650e-02 5.733026e-02
5.030000e+01 1.578560e-02 5.638241e-02 5.728672e-02
5.040000e+01 1.580610e-02 5.633837e-02 5.724316e-02
5.050000e+01 1.582700e-02 5.629437e-02 5.719967e-02
5.060000e+01 1.584740e-02 5.625042e-02 5.715620e-02
5.070000e+01 1.586840e-02 5.620651e-02 5.711280e-02
5.080000e+01 1.588850e-02 5.616266e-02 5.706940e-02
5.090000e+01 1.590900e-02 5.611885e-02 5.702607e-02
5.100000e+01 1.592890e-02 5.607508e-02 5.698276e-02
5.110000e+01 1.594790e-02 5.603136e-02 5.693943e-02
5.120000e+01 1.596580e-02 5.598769e-02 5.689608e-02
5.130000e+01 1.598410e-02 5.594407e-02 5.685281e-02
5.140000e+01 1.600190e-02 5.590049e-02 5.680955e-02
5.150000e+01 1.601920e-02 5.585696e-02 5.676631e-02
5.160000e+01 1.603670e-02 5.581348e-02 5.672313e-02
5.170000e+01 1.605440e-02 5.577004e-02 5.668000e-02
5.180000e+01 1.607180e-02 5.572665e-02 5.663690e-02
5.190000e+01 1.608820e-02 5.568330e-02 5.659380e-02
5.200000e+01 1.610360e-02 5.564000e-02 5.655068e-02
5.210000e+01 1.611910e-02 5.559675e-02 5.650760e-02
5.220000e+01 1.613440e-02 5.555355e-02 5.646457e-02
5.230000e+01 1.614870e-02 5.551039e-02 5.642153e-02
5.240000e+01 1.616330e-02 5.546728e-02 5.637854e-02
5.250000e+01 1.617800e-02 5.542422e-02 5.633562e-02
5.260000e+01 1.619290e-02 5.538120e-02 5.629275e-02
5.270000e+01 1.620690e-02 5.533823e-02 5.624987e-02
5.280000e+01 1.621990e-02 5.529531e-02 5.620698e-02
5.290000e+01 1.623230e-02 5.525243e-02 5.616410e-02
5.300000e+01 1.624510e-02 5.520960e-02 5.612130e-02
5.310000e+01 1.625700e-02 5.516682e-02 5.607849e-02
5.320000e+01 1.626840e-02 5.512409e-02 5.603570e-02
5.330000e+01 1.628010e-02 5.508140e-02 5.599297e-02
5.340000e+01 1.629240e-02 5.503876e-02 5.595032e-02
5.350000e+01 1.630400e-02 5.499616e-02 5.590768e-02
5.360000e+01 1.631460e-02 5.495361e-02 5.586503e-02
5.370000e+01 1.632430e-02 5.491111e-02 5.582237e-02
5.380000e+01 1.633410e-02 5.486865e-02 5.577977e-02
5.390000e+01 1.634370e-02 5.482624e-02 5.573719e-02
5.400000e+01 1.635230e-02 5.478388e-02 5.569462e-02
5.410000e+01 1.636140e-02 5.474157e-02 5.565212e-02
5.420000e+01 1.637030e-02 5.469930e-02 5.560964e-02
5.430000e+01 1.637950e-02 5.465708e-02 5.556724e-02
5.440000e+01 1.638780e-02 5.461490e-02 5.552483e-02
5.450000e+01 1.639530e-02 5.457277e-02 5.548242e-02
5.460000e+01 1.640190e-02 5.453069e-02 5.544001e-02
5.470000e+01 1.640880e-02 5.448866e-02 5.539766e-02
5.480000e+01 1.641510e-02 5.444667e-02 5.535533e-02
5.490000e+01 1.642150e-02 5.440473e-02 5.531305e-02
5.500000e+01 1.642780e-02 5.436283e-02 5.527081e-02
5.510000e+01 1.643360e-02 5.432098e-02 5.522859e-02
5.520000e+01 1.643980e-02 5.427918e-02 5.518643e-02
5.530000e+01 1.644500e-02 5.423742e-02 5.514427e-02
5.540000e+01 1.644940e-02 5.419572e-02 5.510211e-02
5.550000e+01 1.645300e-02 5.415405e-02 5.505995e-02
5.560000e+01 1.645670e-02 5.411244e-02 5.501785e-02
5.570000e+01 1.646050e-02 5.407087e-02 5.497580e-02
5.580000e+01 1.646470e-02 5.402935e-02 5.493381e-02
5.590000e+01 1.646800e-02 5.398787e-02 5.489183e-02
5.600000e+01 1.647050e-02 5.394644e-02 5.484985e-02
5.610000e+01 1.647370e-02 5.390506e-02 5.480794e-02
5.620000e+01 1.647600e-02 5.386372e-02 5.476604e-02
5.630000e+01 1.647740e-02 5.382243e-02 5.472414e-02
5.640000e+01 1.647800e-02 5.378118e-02 5.468224e-02
5.650000e+01 1.647850e-02 5.373999e-02 5.464038e-02
5.660000e+01 1.648060e-02 5.369883e-02 5.459865e-02
5.670000e+01 1.648190e-02 5.365773e-02 5.455693e-02
5.680000e+01 1.648230e-02 5.361667e-02 5.451521e-02
5.690000e+01 1.648200e-02 5.357566e-02 5.447349e-02
5.700000e+01 1.648160e-02 5.353469e-02 5.443182e-02
5.710000e+01 1.648110e-02 5.349377e-02 5.439018e-02
5.720000e+01 1.647970e-02 5.345290e-02 5.434855e-02
5.730000e+01 1.647760e-02 5.341207e-02 5.430692e-02
5.740000e+01 1.647630e-02 5.337129e-02 5.426539e-02
5.750000e+01 1.647520e-02 5.333056e-02 5.422391e-02
5.760000e+01 1.647370e-02 5.328987e-02 5.418246e-02
5.770000e+01 1.647140e-02 5.324923e-02 5.414101e-02
5.780000e+01 1.646830e-02 5.320864e-02 5.409957e-02
5.790000e+01 1.646450e-02 5.316809e-02 5.405813e-02
5.800000e+01 1.646090e-02 5.312759e-02 5.401676e-02
5.810000e+01 1.645680e-02 5.308714e-02 5.397540e-02
5.820000e+01 1.645360e-02 5.304673e-02 5.393415e-02
5.830000e+01 1.644970e-02 5.300637e-02 5.389289e-02
5.840000e+01 1.644490e-02 5.296606e-02 5.385165e-02
5.850000e+01 1.644040e-02 5.292579e-02 5.381046e-02
5.860000e+01 1.643550e-02 5.288557e-02 5.376930e-02
5.870000e+01 1.642980e-02 5.284540e-02 5.372814e-02
5.880000e+01 1.642330e-02 5.280527e-02 5.368699e-02
5.890000e+01 1.641620e-02 5.276519e-02 5.364585e-02
5.900000e+01 1.641060e-02 5.272516e-02 5.360485e-02
5.910000e+01 1.640480e-02 5.268517e-02 5.356388e-02
5.920000e+01 1.639830e-02 5.264523e-02 5.352291e-02
5.930000e+01 1.639100e-02 5.260533e-02 5.348195e-02
5.940000e+01 1.638290e-02 5.256548e-02 5.344101e-02
5.950000e+01 1.637470e-02 5.252568e-02 5.340009e-02
5.960000e+01 1.636640e-02 5.248593e-02 5.335923e-02
5.970000e+01 1.635770e-02 5.244622e-02 5.331838e-02
5.980000e+01 1.634960e-02 5.240656e-02 5.327762e-02
5.990000e+01 1.634070e-02 5.236694e-02 5.323687e-02
6.000000e+01 1.633130e-02 5.232737e-02 5.319613e-02
6.010000e+01 1.632220e-02 5.228785e-02 5.315546e-02
6.020000e+01 1.631240e-02 5.224837e-02 5.311480e-02
6.030000e+01 1.630190e-02 5.220894e-02 5.307415e-02
6.040000e+01 1.629070e-02 5.216956e-02 5.303351e-02
6.050000e+01 1.627940e-02 5.213022e-02 5.299291e-02
6.060000e+01 1.626910e-02 5.209093e-02 5.295242e-02
6.070000e+01 1.625860e-02 5.205169e-02 5.291196e-02
6.080000e+01 1.624730e-02 5.201249e-02 5.287151e-02
6.090000e+01 1.623530e-02 5.197334e-02 5.283107e-02
6.100000e+01 1.622270e-02 5.193424e-02 5.279064e-02
6.110000e+01 1.620950e-02 5.189518e-02 5.275023e-02
6.120000e+01 1.619660e-02 5.185617e-02 5.270989e-02
6.130000e+01 1.618400e-02 5.181720e-02 5.266961e-02
6.140000e+01 1.617130e-02 5.177828e-02 5.262937e-02
6.150000e+01 1.615800e-02 5.173941e-02 5.258914e-02
6.160000e+01 1.614390e-02 5.170058e-02 5.254893e-02
6.170000e+01 1.612970e-02 5.166180e-02 5.250875e-02
6.180000e+01 1.611540e-02 5.162307e-02 5.246862e-02
6.190000e+01 1.610040e-02 5.158438e-02 5.242850e-02
6.200000e+01 1.608480e-02 5.154574e-02 5.238840e-02
6.210000e+01 1.607000e-02 5.150715e-02 5.234839e-02
6.220000e+01 1.605460e-02 5.146860e-02 5.230839e-02
6.230000e+01 1.603930e-02 5.143010e-02 5.226845e-02
6.240000e+01 1.602370e-02 5.139164e-02 5.222854e-02
6.250000e+01 1.600740e-02 5.135323e-02 5.218864e-02
6.260000e+01 1.599040e-02 5.131487e-02 5.214875e-02
6.270000e+01 1.597270e-02 5.127655e-02 5.210887e-02
6.280000e+01 1.595510e-02 5.123828e-02 5.206905e-02
6.290000e+01 1.593860e-02 5.120006e-02 5.202933e-02
6.300000e+01 1.592170e-02 5.116188e-02 5.198964e-02
6.310000e+01 1.590410e-02 5.112375e-02 5.194996e-02
6.320000e+01 1.588580e-02 5.108566e-02 5.191030e-02
6.330000e+01 1.586690e-02 5.104762e-02 5.187065e-02
6.340000e+01 1.584740e-02 5.100963e-02 5.183101e-02
6.350000e+01 1.582800e-02 5.097168e-02 5.179144e-02
6.360000e+01 1.580960e-02 5.093378e-02 5.175196e-02
6.370000e+01 1.579080e-02 5.089592e-02 5.171250e-02
6.380000e+01 1.577130e-02 5.085811e-02 5.167306e-02
6.390000e+01 1.575120e-02 5.082035e-02 5.163364e-02
6.400000e+01 1.573050e-02 5.078263e-02 5.159423e-02
6.410000e+01 1.570970e-02 5.074496e-02 5.155487e-02
6.420000e+01 1.568880e-02 5.070734e-02 5.151555e-02
6.430000e+01 1.566790e-02 5.066976e-02 5.147628e-02
6.440000e+01 1.564720e-02 5.063222e-02 5.143707e-02
6.450000e+01 1.562590e-02 5.059474e-02 5.139788e-02
6.460000e+01 1.560400e-02 5.055730e-02 5.135870e-02
6.470000e+01 1.558180e-02 5.051990e-02 5.131955e-02
6.480000e+01 1.555960e-02 5.048256e-02 5.128046e-02
6.490000e+01 1.553680e-02 5.044525e-02 5.124138e-02
6.500000e+01 1.551360e-02 5.040800e-02 5.120233e-02
6.510000e+01 1.549110e-02 5.037079e-02 5.116337e-02
6.520000e+01 1.546810e-02 5.033363e-02 5.112442e-02
6.530000e+01 1.544450e-02 5.029651e-02 5.108550e-02
6.540000e+01 1.542090e-02 5.025944e-02 5.104662e-02
6.550000e+01 1.539700e-02 5.022241e-02 5.100778e-02
6.560000e+01 1.537250e-02 5.018543e-02 5.096895e-02
6.570000e+01 1.534750e-02 5.014850e-02 5.093015e-02
6.580000e+01 1.532300e-02 5.011161e-02 5.089142e-02
6.590000e+01 1.529820e-02 5.007477e-02 5.085272e-02
6.600000e+01 1.527290e-02 5.003797e-02 5.081405e-02
6.610000e+01 1.524790e-02 5.000122e-02 5.077544e-02
6.620000e+01 1.522240e-02 4.996452e-02 5.073685e-02
6.630000e+01 1.519620e-02 4.992786e-02 5.069828e-02
6.640000e+01 1.516950e-02 4.989125e-02 5.065973e-02
6.650000e+01 1.514300e-02 4.985468e-02 5.062124e-02
6.660000e+01 1.511660e-02 4.981816e-02 5.058280e-02
6.670000e+01 1.508980e-02 4.978168e-02 5.054439e-02
6.680000e+01 1.506320e-02 4.974525e-02 5.050603e-02
6.690000e+01 1.503600e-02 4.970887e-02 5.046770e-02
6.700000e+01 1.500820e-02 4.967253e-02 5.042938e-02
6.710000e+01 1.497990e-02 4.963624e-02 5.039109e-02
6.720000e+01 1.495150e-02 4.959999e-02 5.035284e-02
6.730000e+01 1.492360e-02 4.956379e-02 5.031466e-02
6.740000e+01 1.489520e-02 4.952763e-02 5.027651e-02
6.750000e+01 1.486690e-02 4.949152e-02 5.023841e-02
6.760000e+01 1.483810e-02 4.945545e-02 5.020033e-02
6.770000e+01 1.480880e-02 4.941943e-02 5.016228e-02
6.780000e+01 1.477900e-02 4.938346e-02 5.012424e-02
6.790000e+01 1.474900e-02 4.934753e-02 5.008625e-02
6.800000e+01 1.471950e-02 4.931164e-02 5.004833e-02
6.810000e+01 1.468960e-02 4.927580e-02 5.001043e-02
6.820000e+01 1.465950e-02 4.924001e-02 4.997258e-02
6.830000e+01 1.462920e-02 4.920426e-02 4.993477e-02
6.840000e+01 1.459840e-02 4.916856e-02 4.989697e-02
6.850000e+01 1.456710e-02 4.913290e-02 4.985920e-02
6.860000e+01 1.453560e-02 4.909728e-02 4.982147e-02
6.870000e+01 1.450470e-02 4.906172e-02 4.978381e-02
6.880000e+01 1.447330e-02 4.902619e-02 4.974618e-02
6.890000e+01 1.444140e-02 4.899071e-02 4.970857e-02
6.900000e+01 1.440950e-02 4.895528e-02 4.967102e-02
6.910000e+01 1.437730e-02 4.891989e-02 4.963349e-02
6.920000e+01 1.434460e-02 4.888455e-02 4.959598e-02
6.930000e+01 1.431170e-02 4.884925e-02 4.955852e-02
6.940000e+01 1.427950e-02 4.881400e-02 4.952113e-02
6.950000e+01 1.424670e-02 4.877879e-02 4.948377e-02
6.960000e+01 1.421340e-02 4.874363e-02 4.944643e-02
6.970000e+01 1.417960e-02 4.870851e-02 4.940911e-02
6.980000e+01 1.414590e-02 4.867344e-02 4.937184e-02
6.990000e+01 1.411180e-02 4.863841e-02 4.933461e-02
7.000000e+01 1.407780e-02 4.860342e-02 4.929742e-02
7.010000e+01 1.404420e-02 4.856848e-02 4.926030e-02
7.020000e+01 1.401010e-02 4.853359e-02 4.922321e-02
7.030000e+01 1.397550e-02 4.849874e-02 4.918614e-02
7.040000e+01 1.394040e-02 4.846394e-02 4.914909e-02
7.050000e+01 1.390490e-02 4.842918e-02 4.911207e-02
7.060000e+01 1.386910e-02 4.839446e-02 4.907509e-02
7.070000e+01 1.383390e-02 4.835979e-02 4.903818e-02
7.080000e+01 1.379910e-02 4.832516e-02 4.900134e-02
7.090000e+01 1.376370e-02 4.829058e-02 4.896451e-02
7.100000e+01 1.372780e-02 4.825604e-02 4.892772e-02
7.110000e+01 1.369150e-02 4.822155e-02 4.889094e-02
7.120000e+01 1.365470e-02 4.818710e-02 4.885419e-02
7.130000e+01 1.361740e-02 4.815270e-02 4.881747e-02
7.140000e+01 1.358070e-02 4.811834e-02 4.878082e-02
7.150000e+01 1.354440e-02 4.808402e-02 4.874423e-02
7.160000e+01 1.350770e-02 4.804975e-02 4.870768e-02
7.170000e+01 1.347070e-02 4.801553e-02 4.867116e-02
7.180000e+01 1.343310e-02 4.798134e-02 4.863466e-02
7.190000e+01 1.339510e-02 4.794721e-02 4.859818e-02
7.200000e+01 1.335670e-02 4.791311e-02 4.856174e-02
7.210000e+01 1.331920e-02 4.787906e-02 4.852538e-02
7.220000e+01 1.328130e-02 4.784506e-02 4.848905e-02
7.230000e+01 1.324290e-02 4.781110e-02 4.845275e-02
7.240000e+01 1.320420e-02 4.777718e-02 4.841648e-02
7.250000e+01 1.316550e-02 4.774331e-02 4.838026e-02
7.260000e+01 1.312630e-02 4.770948e-02 4.834406e-02
7.270000e+01 1.308730e-02 4.767569e-02 4.830791e-02
7.280000e+01 1.304870e-02 4.764195e-02 4.827183e-02
7.290000e+01 1.300960e-02 4.760826e-02 4.823578e-02
7.300000e+01 1.297010e-02 4.757460e-02 4.819976e-02
7.310000e+01 1.293010e-02 4.754099e-02 4.816376e-02
7.320000e+01 1.288970e-02 4.750743e-02 4.812778e-02
7.330000e+01 1.284890e-02 4.747391e-02 4.809184e-02
7.340000e+01 1.280910e-02 4.744043e-02 4.805599e-02
7.350000e+01 1.276940e-02 4.740700e-02 4.802019e-02
7.360000e+01 1.272920e-02 4.737361e-02 4.798442e-02
7.370000e+01 1.268860e-02 4.734027e-02 4.794867e-02
7.380000e+01 1.264760e-02 4.730697e-02 4.791295e-02
7.390000e+01 1.260610e-02 4.727371e-02 4.787726e-02
7.400000e+01 1.256470e-02 4.724050e-02 4.784161e-02
7.410000e+01 1.252380e-02 4.720732e-02 4.780604e-02
7.420000e+01 1.248250e-02 4.717420e-02 4.777049e-02
7.430000e+01 1.244080e-02 4.714112e-02 4.773497e-02
7.440000e+01 1.239860e-02 4.710808e-02 4.769948e-02
7.450000e+01 1.235650e-02 4.707508e-02 4.766404e-02
7.460000e+01 1.231400e-02 4.704213e-02 4.762863e-02
7.470000e+01 1.227230e-02 4.700922e-02 4.759330e-02
7.480000e+01 1.223040e-02 4.697635e-02 4.755801e-02
7.490000e+01 1.218810e-02 4.694353e-02 4.752274e-02
7.500000e+01 1.214530e-02 4.691075e-02 4.748750e-02
7.510000e+01 1.210220e-02 4.687802e-02 4.745229e-02
7.520000e+01 1.205860e-02 4.684533e-02 4.741711e-02
7.530000e+01 1.201540e-02 4.681268e-02 4.738199e-02
7.540000e+01 1.197240e-02 4.678007e-02 4.734693e-02
7.550000e+01 1.192900e-02 4.674751e-02 4.731189e-02
7.560000e+01 1.188550e-02 4.671499e-02 4.727690e-02
7.570000e+01 1.184180e-02 4.668251e-02 4.724194e-02
7.580000e+01 1.179770e-02 4.665008e-02 4.720701e-02
7.590000e+01 1.175340e-02 4.661769e-02 4.717212e-02
7.600000e+01 1.170990e-02 4.658534e-02 4.713731e-02
7.610000e+01 1.166600e-02 4.655303e-02 4.710253e-02
7.620000e+01 1.162170e-02 4.652077e-02 4.706778e-02
7.630000e+01 1.157700e-02 4.648855e-02 4.703305e-02
7.640000e+01 1.153190e-02 4.645638e-02 4.699836e-02
7.650000e+01 1.148650e-02 4.642424e-02 4.696369e-02
7.660000e+01 1.144200e-02 4.639215e-02 4.692911e-02
7.670000e+01 1.139710e-02 4.636010e-02 4.689457e-02
7.680000e+01 1.135200e-02 4.632810e-02 4.686005e-02
7.690000e+01 1.130680e-02 4.629613e-02 4.682558e-02
7.700000e+01 1.126120e-02 4.626421e-02 4.679114e-02
7.710000e+01 1.121520e-02 4.623233e-02 4.675672e-02
7.720000e+01 1.117000e-02 4.620050e-02 4.672239e-02
7.730000e+01 1.112470e-02 4.616871e-02 4.668809e-02
7.740000e+01 1.107900e-02 4.613695e-02 4.665383e-02
7.750000e+01 1.103290e-02 4.610525e-02 4.661960e-02
7.760000e+01 1.098650e-02 4.607358e-02 4.658539e-02
7.770000e+01 1.093970e-02 4.604196e-02 4.655121e-02
7.780000e+01 1.089350e-02 4.601038e-02 4.651711e-02
7.790000e+01 1.084730e-02 4.597884e-02 4.648306e-02
7.800000e+01 1.080080e-02 4.594734e-02 4.644903e-02
7.810000e+01 1.075400e-02 4.591589e-02 4.641503e-02
7.820000e+01 1.070670e-02 4.588448e-02 4.638107e-02
7.830000e+01 1.065950e-02 4.585311e-02 4.634714e-02
7.840000e+01 1.061280e-02 4.582178e-02 4.631329e-02
7.850000e+01 1.056620e-02 4.579049e-02 4.627949e-02
7.860000e+01 1.051920e-02 4.575925e-02 4.624571e-02
7.870000e+01 1.047190e-02 4.572804e-02 4.621197e-02
7.880000e+01 1.042420e-02 4.569688e-02 4.617826e-02
7.890000e+01 1.037620e-02 4.566576e-02 4.614457e-02
7.900000e+01 1.032870e-02 4.563469e-02 4.611095e-02
7.910000e+01 1.028140e-02 4.560365e-02 4.607739e-02
7.920000e+01 1.023370e-02 4.557266e-02 4.604386e-02
7.930000e+01 1.018560e-02 4.554171e-02 4.601035e-02
7.940000e+01 1.013720e-02 4.551080e-02 4.597687e-02
7.950000e+01 1.008850e-02 4.547993e-02 4.594343e-02
7.960000e+01 1.004040e-02 4.544910e-02 4.591006e-02
7.970000e+01 9.992400e-03 4.541831e-02 4.587673e-02
7.980000e+01 9.944000e-03 4.538757e-02 4.584344e-02
7.990000e+01 9.895500e-03 4.535687e-02 4.581018e-02
8.000000e+01 9.846700e-03 4.532620e-02 4.577696e-02
8.010000e+01 9.797600e-03 4.529558e-02 4.574376e-02
8.020000e+01 9.749300e-03 4.526500e-02 4.571065e-02
8.030000e+01 9.700900e-03 4.523447e-02 4.567758e-02
8.040000e+01 9.652200e-03 4.520397e-02 4.564454e-02
8.050000e+01 9.603100e-03 4.517352e-02 4.561153e-02
8.060000e+01 9.553700e-03 4.514310e-02 4.557854e-02
8.070000e+01 9.504100e-03 4.511273e-02 4.554560e-02
8.080000e+01 9.455400e-03 4.508240e-02 4.551274e-02
8.090000e+01 9.406300e-03 4.505211e-02 4.547991e-02
8.100000e+01 9.357000e-03 4.502186e-02 4.544710e-02
8.110000e+01 9.307300e-03 4.499165e-02 4.541433e-02
8.120000e+01 9.257300e-03 4.496148e-02 4.538159e-02
8.130000e+01 9.207600e-03 4.493135e-02 4.534891e-02
8.140000e+01 9.158300e-03 4.490127e-02 4.531629e-02
8.150000e+01 9.108700e-03 4.487122e-02 4.528370e-02
8.160000e+01 9.058800e-03 4.484122e-02 4.525114e-02
8.170000e+01 9.008600e-03 4.481125e-02 4.521861e-02
8.180000e+01 8.958000e-03 4.478133e-02 4.518611e-02
8.190000e+01 8.908200e-03 4.475145e-02 4.515368e-02
8.200000e+01 8.858600e-03 4.472160e-02 4.512131e-02
8.210000e+01 8.808600e-03 4.469180e-02 4.508897e-02
8.220000e+01 8.758400e-03 4.466204e-02 4.505666e-02
8.230000e+01 8.707900e-03 4.463232e-02 4.502438e-02
8.240000e+01 8.657300e-03 4.460264e-02 4.499215e-02
8.250000e+01 8.607500e-03 4.457300e-02 4.495999e-02
8.260000e+01 8.557300e-03 4.454340e-02 4.492786e-02
8.270000e+01 8.506900e-03 4.451384e-02 4.489576e-02
8.280000e+01 8.456200e-03 4.448431e-02 4.486369e-02
8.290000e+01 8.405200e-03 4.445483e-02 4.483165e-02
8.300000e+01 8.354800e-03 4.442539e-02 4.479969e-02
8.310000e+01 8.304500e-03 4.439599e-02 4.476777e-02
8.320000e+01 8.254000e-03 4.436663e-02 4.473588e-02
8.330000e+01 8.203100e-03 4.433731e-02 4.470403e-02
8.340000e+01 8.152000e-03 4.430803e-02 4.467220e-02
8.350000e+01 8.100800e-03 4.427879e-02 4.464042e-02
8.360000e+01 8.050400e-03 4.424959e-02 4.460871e-02
8.370000e+01 7.999800e-03 4.422043e-02 4.457703e-02
8.380000e+01 7.948800e-03 4.419131e-02 4.454539e-02
8.390000e+01 7.897600e-03 4.416222e-02 4.451377e-02
8.400000e+01 7.846000e-03 4.413318e-02 4.448219e-02
8.410000e+01 7.795300e-03 4.410418e-02 4.445069e-02
8.420000e+01 7.744600e-03 4.407521e-02 4.441922e-02
8.430000e+01 7.693500e-03 4.404629e-02 4.438779e-02
8.440000e+01 7.642200e-03 4.401740e-02 4.435638e-02
8.450000e+01 7.590600e-03 4.398856e-02 4.432501e-02
8.460000e+01 7.539500e-03 4.395975e-02 4.429370e-02
8.470000e+01 7.488600e-03 4.393098e-02 4.426245e-02
8.480000e+01 7.437500e-03 4.390226e-02 4.423123e-02
8.490000e+01 7.386200e-03 4.387357e-02 4.420004e-02
8.500000e+01 7.334600e-03 4.384492e-02 4.416888e-02
8.510000e+01 7.283000e-03 4.381631e-02 4.413776e-02
8.520000e+01 7.232200e-03 4.378773e-02 4.410672e-02
8.530000e+01 7.181100e-03 4.375920e-02 4.407571e-02
8.540000e+01 7.129700e-03 4.373071e-02 4.404473e-02
8.550000e+01 7.078000e-03 4.370225e-02 4.401379e-02
8.560000e+01 7.026300e-03 4.367384e-02 4.398287e-02
8.570000e+01 6.975400e-03 4.364546e-02 4.395204e-02
8.580000e+01 6.924300e-03 4.361712e-02 4.392125e-02
8.590000e+01 6.873000e-03 4.358882e-02 4.389048e-02
8.600000e+01 6.821400e-03 4.356056e-02 4.385975e-02
8.610000e+01 6.769600e-03 4.353234e-02 4.382904e-02
8.620000e+01 6.718800e-03 4.350415e-02 4.379843e-02
8.630000e+01 6.667700e-03 4.347601e-02 4.376784e-02
8.640000e+01 6.616400e-03 4.344790e-02 4.373728e-02
8.650000e+01 6.564800e-03 4.341983e-02 4.370676e-02
8.660000e+01 6.513000e-03 4.339180e-02 4.367626e-02
8.670000e+01 6.462200e-03 4.336381e-02 4.364585e-02
8.680000e+01 6.411100e-03 4.333585e-02 4.361548e-02
8.690000e+01 6.359800e-03 4.330794e-02 4.358513e-02
8.700000e+01 6.308300e-03 4.328006e-02 4.355482e-02
8.710000e+01 6.256600e-03 4.325222e-02 4.352453e-02
8.720000e+01 6.205800e-03 4.322442e-02 4.349433e-02
8.730000e+01 6.154800e-03 4.319665e-02 4.346416e-02
8.740000e+01 6.103600e-03 4.316893e-02 4.343403e-02
8.750000e+01 6.052100e-03 4.314124e-02 4.340392e-02
8.760000e+01 6.000500e-03 4.311359e-02 4.337385e-02
8.770000e+01 5.949800e-03 4.308597e-02 4.334386e-02
8.780000e+01 5.899000e-03 4.305840e-02 4.331390e-02
8.790000e+01 5.847800e-03 4.303086e-02 4.328398e-02
8.800000e+01 5.796500e-03 4.300336e-02 4.325408e-02
8.810000e+01 5.745200e-03 4.297590e-02 4.322423e-02
8.820000e+01 5.694600e-03 4.294848e-02 4.319445e-02
8.830000e+01 5.643800e-03 4.292109e-02 4.316470e-02
8.840000e+01 5.592800e-03 4.289374e-02 4.313499e-02
8.850000e+01 5.541600e-03 4.286643e-02 4.310530e-02
8.860000e+01 5.490700e-03 4.283915e-02 4.307567e-02
8.870000e+01 5.440300e-03 4.281192e-02 4.304610e-02
8.880000e+01 5.389700e-03 4.278472e-02 4.301657e-02
8.890000e+01 5.338900e-03 4.275756e-02 4.298706e-02
8.900000e+01 5.287900e-03 4.273043e-02 4.295759e-02
8.910000e+01 5.237500e-03 4.270335e-02 4.292819e-02
8.920000e+01 5.187300e-03 4.267630e-02 4.289883e-02
8.930000e+01 5.136900e-03 4.264929e-02 4.286950e-02
8.940000e+01 5.086300e-03 4.262231e-02 4.284021e-02
8.950000e+01 5.035500e-03 4.259537e-02 4.281095e-02
8.960000e+01 4.985700e-03 4.256847e-02 4.278176e-02
8.970000e+01 4.935600e-03 4.254161e-02 4.275262e-02
8.980000e+01 4.885400e-03 4.251478e-02 4.272350e-02
8.990000e+01 4.834900e-03 4.248799e-02 4.269441e-02
9.000000e+01 4.784900e-03 4.246123e-02 4.266538e-02
9.010000e+01 4.735200e-03 4.243452e-02 4.263641e-02
9.020000e+01 4.685400e-03 4.240784e-02 4.260747e-02
9.030000e+01 4.635300e-03 4.238119e-02 4.257856e-02
9.040000e+01 4.585100e-03 4.235458e-02 4.254968e-02
9.050000e+01 4.535800e-03 4.232801e-02 4.252088e-02
9.060000e+01 4.486400e-03 4.230148e-02 4.249212e-02
9.070000e+01 4.436800e-03 4.227498e-02 4.246338e-02
9.080000e+01 4.387000e-03 4.224852e-02 4.243468e-02
9.090000e+01 4.337600e-03 4.222209e-02 4.240604e-02
9.100000e+01 4.288600e-03 4.219571e-02 4.237745e-02
9.110000e+01 4.239400e-03 4.216935e-02 4.234889e-02
9.120000e+01 4.190000e-03 4.214304e-02 4.232036e-02
9.130000e+01 4.140700e-03 4.211676e-02 4.229187e-02
9.140000e+01 4.092100e-03 4.209051e-02 4.226346e-02
9.150000e+01 4.043300e-03 4.206430e-02 4.223508e-02
9.160000e+01 3.994400e-03 4.203813e-02 4.220672e-02
9.170000e+01 3.945300e-03 4.201200e-02 4.217840e-02
9.180000e+01 3.897000e-03 4.198589e-02 4.215016e-02
9.190000e+01 3.848700e-03 4.195983e-02 4.212195e-02
9.200000e+01 3.800400e-03 4.193380e-02 4.209377e-02
9.210000e+01 3.751900e-03 4.190781e-02 4.206563e-02
9.220000e+01 3.704100e-03 4.188185e-02 4.203756e-02
9.230000e+01 3.656400e-03 4.185593e-02 4.200953e-02
9.240000e+01 3.608600e-03 4.183004e-02 4.198153e-02
9.250000e+01 3.560600e-03 4.180419e-02 4.195357e-02
9.260000e+01 3.513000e-03 4.177838e-02 4.192566e-02
9.270000e+01 3.465800e-03 4.175260e-02 4.189780e-02
9.280000e+01 3.418400e-03 4.172685e-02 4.186998e-02
9.290000e+01 3.370900e-03 4.170114e-02 4.184219e-02
9.300000e+01 3.323700e-03 4.167547e-02 4.181445e-02
9.310000e+01 3.277100e-03 4.164983e-02 4.178677e-02
9.320000e+01 3.230200e-03 4.162423e-02 4.175912e-02
9.330000e+01 3.183200e-03 4.159866e-02 4.173150e-02
9.340000e+01 3.136500e-03 4.157313e-02 4.170393e-02
9.350000e+01 3.090300e-03 4.154763e-02 4.167642e-02
9.360000e+01 3.044000e-03 4.152217e-02 4.164895e-02
9.370000e+01 2.997700e-03 4.149674e-02 4.162151e-02
9.380000e+01 2.951800e-03 4.147135e-02 4.159413e-02
9.390000e+01 2.906400e-03 4.144599e-02 4.156680e-02
9.400000e+01 2.860800e-03 4.142067e-02 4.153950e-02
9.410000e+01 2.815000e-03 4.139538e-02 4.151224e-02
9.420000e+01 2.769800e-03 4.137012e-02 4.148503e-02
9.430000e+01 2.724900e-03 4.134491e-02 4.145787e-02
9.440000e+01 2.679800e-03 4.131972e-02 4.143075e-02
9.450000e+01 2.634600e-03 4.129457e-02 4.140366e-02
9.460000e+01 2.590200e-03 4.126946e-02 4.137663e-02
9.470000e+01 2.545800e-03 4.124438e-02 4.134964e-02
9.480000e+01 2.501200e-03 4.121933e-02 4.132269e-02
9.490000e+01 2.456800e-03 4.119432e-02 4.129577e-02
9.500000e+01 2.413400e-03 4.116934e-02 4.126894e-02
9.510000e+01 2.369800e-03 4.114440e-02 4.124213e-02
9.520000e+01 2.326100e-03 4.111949e-02 4.121536e-02
9.530000e+01 2.282700e-03 4.109461e-02 4.118864e-02
9.540000e+01 2.239900e-03 4.106977e-02 4.116197e-02
9.550000e+01 2.196900e-03 4.104497e-02 4.113533e-02
9.560000e+01 2.153700e-03 4.102019e-02 4.110873e-02
9.570000e+01 2.111400e-03 4.099545e-02 4.108220e-02
9.580000e+01 2.069100e-03 4.097075e-02 4.105570e-02
9.590000e+01 2.026800e-03 4.094608e-02 4.102924e-02
9.600000e+01 1.984900e-03 4.092144e-02 4.100283e-02
9.610000e+01 1.943600e-03 4.089684e-02 4.097648e-02
9.620000e+01 1.902200e-03 4.087227e-02 4.095017e-02
9.630000e+01 1.860700e-03 4.084773e-02 4.092388e-02
9.640000e+01 1.820000e-03 4.082323e-02 4.089767e-02
9.650000e+01 1.779300e-03 4.079876e-02 4.087149e-02
9.660000e+01 1.738500e-03 4.077433e-02 4.084534e-02
9.670000e+01 1.698200e-03 4.074993e-02 4.081925e-02
9.680000e+01 1.658600e-03 4.072556e-02 4.079322e-02
9.690000e+01 1.618800e-03 4.070123e-02 4.076722e-02
9.700000e+01 1.579300e-03 4.067693e-02 4.074127e-02
9.710000e+01 1.540400e-03 4.065266e-02 4.071538e-02
9.720000e+01 1.501400e-03 4.062842e-02 4.068951e-02
9.730000e+01 1.462300e-03 4.060422e-02 4.066369e-02
9.740000e+01 1.424100e-03 4.058006e-02 4.063793e-02
9.750000e+01 1.386100e-03 4.055592e-02 4.061221e-02
9.760000e+01 1.348100e-03 4.053182e-02 4.058653e-02
9.770000e+01 1.311000e-03 4.050775e-02 4.056093e-02
9.780000e+01 1.273800e-03 4.048372e-02 4.053535e-02
9.790000e+01 1.236500e-03 4.045972e-02 4.050981e-02
9.800000e+01 1.200100e-03 4.043575e-02 4.048433e-02
9.810000e+01 1.163700e-03 4.041181e-02 4.045889e-02
9.820000e+01 1.127600e-03 4.038791e-02 4.043350e-02
9.830000e+01 1.092300e-03 4.036404e-02 4.040817e-02
9.840000e+01 1.057000e-03 4.034020e-02 4.038288e-02
9.850000e+01 1.021700e-03 4.031639e-02 4.035763e-02
9.860000e+01 9.873000e-04 4.029262e-02 4.033244e-02
9.870000e+01 9.529000e-04 4.026888e-02 4.030729e-02
9.880000e+01 9.190000e-04 4.024517e-02 4.028219e-02
9.890000e+01 8.857000e-04 4.022150e-02 4.025715e-02
9.900000e+01 8.523000e-04 4.019785e-02 4.023214e-02
9.910000e+01 8.194000e-04 4.017424e-02 4.020719e-02
9.920000e+01 7.870000e-04 4.015066e-02 4.018229e-02
9.930000e+01 7.548000e-04 4.012712e-02 4.015743e-02
9.940000e+01 7.235000e-04 4.010360e-02 4.013264e-02
9.950000e+01 6.922000e-04 4.008012e-02 4.010788e-02
9.960000e+01 6.611000e-04 4.005667e-02 4.008317e-02
9.970000e+01 6.311000e-04 4.003326e-02 4.005853e-02
9.980000e+01 6.009000e-04 4.000987e-02 4.003393e-02
9.990000e+01 5.717000e-04 3.998652e-02 4.000939e-02
1.000000e+02 5.424000e-04 3.996319e-02 3.998488e-02
