# # chi(t) for Pe = 10, beta = 0.1, bridge_width = 1.0
# # Columns: time, chi, I_T (signed), I_|T| (unsigned)
0.000000e+00 0.000000e+00 7.671023e-02 7.671023e-02
1.000000e-01 0.000000e+00 8.000771e-02 8.000771e-02
2.000000e-01 0.000000e+00 8.002218e-02 8.002218e-02
3.000000e-01 0.000000e+00 8.001552e-02 8.001552e-02
4.000000e-01 0.000000e+00 7.997084e-02 7.997084e-02
5.000000e-01 0.000000e+00 7.985807e-02 7.985807e-02
6.000000e-01 0.000000e+00 7.965173e-02 7.965173e-02
7.000000e-01 0.000000e+00 7.933864e-02 7.933864e-02
8.000000e-01 0.000000e+00 7.891943e-02 7.891943e-02
9.000000e-01 0.000000e+00 7.840524e-02 7.840524e-02
1.000000e+00 0.000000e+00 7.781266e-02 7.781266e-02
1.100000e+00 0.000000e+00 7.715952e-02 7.715952e-02
1.200000e+00 0.000000e+00 7.646220e-02 7.646220e-02
1.300000e+00 0.000000e+00 7.573453e-02 7.573453e-02
1.400000e+00 0.000000e+00 7.498757e-02 7.498757e-02
1.500000e+00 0.000000e+00 7.422996e-02 7.422996e-02
1.600000e+00 0.000000e+00 7.346827e-02 7.346827e-02
1.700000e+00 0.000000e+00 7.270754e-02 7.270754e-02
1.800000e+00 0.000000e+00 7.195155e-02 7.195155e-02
1.900000e+00 0.000000e+00 7.120313e-02 7.120313e-02
2.000000e+00 0.000000e+00 7.046437e-02 7.046437e-02
2.100000e+00 0.000000e+00 6.973683e-02 6.973683e-02
2.200000e+00 0.000000e+00 6.902157e-02 6.902157e-02
2.300000e+00 0.000000e+00 6.831937e-02 6.831937e-02
2.400000e+00 0.000000e+00 6.763071e-02 6.763071e-02
2.500000e+00 0.000000e+00 6.695588e-02 6.695588e-02
2.600000e+00 0.000000e+00 6.629500e-02 6.629500e-02
2.700000e+00 0.000000e+00 6.564809e-02 6.564809e-02
2.800000e+00 0.000000e+00 6.501506e-02 6.501506e-02
2.900000e+00 0.000000e+00 6.439575e-02 6.439575e-02
3.000000e+00 0.000000e+00 6.378997e-02 6.378997e-02
3.100000e+00 0.000000e+00 6.319745e-02 6.319745e-02
3.200000e+00 0.000000e+00 6.261794e-02 6.261794e-02
3.300000e+00 0.000000e+00 6.205114e-02 6.205114e-02
3.400000e+00 0.000000e+00 6.149673e-02 6.149673e-02
3.500000e+00 0.000000e+00 6.095440e-02 6.095440e-02
3.600000e+00 0.000000e+00 6.042384e-02 6.042384e-02
3.700000e+00 0.000000e+00 5.990472e-02 5.990472e-02
3.800000e+00 0.000000e+00 5.939674e-02 5.939674e-02
3.900000e+00 0.000000e+00 5.889956e-02 5.889956e-02
4.000000e+00 0.000000e+00 5.841290e-02 5.841290e-02
4.100000e+00 0.000000e+00 5.793643e-02 5.793643e-02
4.200000e+00 0.000000e+00 5.746987e-02 5.746987e-02
4.300000e+00 0.000000e+00 5.701293e-02 5.701293e-02
4.400000e+00 0.000000e+00 5.656533e-02 5.656533e-02
4.500000e+00 0.000000e+00 5.612679e-02 5.612679e-02
4.600000e+00 0.000000e+00 5.569705e-02 5.569705e-02
4.700000e+00 0.000000e+00 5.527586e-02 5.527586e-02
4.800000e+00 0.000000e+00 5.486296e-02 5.486296e-02
4.900000e+00 0.000000e+00 5.445812e-02 5.445812e-02
5.000000e+00 0.000000e+00 5.406110e-02 5.406110e-02
5.100000e+00 0.000000e+00 5.367168e-02 5.367168e-02
5.200000e+00 0.000000e+00 5.328964e-02 5.328964e-02
5.300000e+00 0.000000e+00 5.291477e-02 5.291477e-02
5.400000e+00 0.000000e+00 5.254686e-02 5.254686e-02
5.500000e+00 0.000000e+00 5.218573e-02 5.218573e-02
5.600000e+00 0.000000e+00 5.183119e-02 5.183119e-02
5.700000e+00 0.000000e+00 5.148304e-02 5.148304e-02
5.800000e+00 0.000000e+00 5.114112e-02 5.114112e-02
5.900000e+00 0.000000e+00 5.080525e-02 5.080525e-02
6.000000e+00 0.000000e+00 5.047527e-02 5.047527e-02
6.100000e+00 0.000000e+00 5.015102e-02 5.015102e-02
6.200000e+00 0.000000e+00 4.983234e-02 4.983234e-02
6.300000e+00 0.000000e+00 4.951909e-02 4.951909e-02
6.400000e+00 0.000000e+00 4.921113e-02 4.921113e-02
6.500000e+00 0.000000e+00 4.890831e-02 4.890831e-02
6.600000e+00 0.000000e+00 4.861050e-02 4.861050e-02
6.700000e+00 0.000000e+00 4.831756e-02 4.831756e-02
6.800000e+00 0.000000e+00 4.802938e-02 4.802938e-02
6.900000e+00 0.000000e+00 4.774582e-02 4.774582e-02
7.000000e+00 0.000000e+00 4.746678e-02 4.746678e-02
7.100000e+00 0.000000e+00 4.719214e-02 4.719214e-02
7.200000e+00 0.000000e+00 4.692178e-02 4.692178e-02
7.300000e+00 0.000000e+00 4.665560e-02 4.665560e-02
7.400000e+00 0.000000e+00 4.639349e-02 4.639349e-02
7.500000e+00 0.000000e+00 4.613535e-02 4.613535e-02
7.600000e+00 0.000000e+00 4.588109e-02 4.588109e-02
7.700000e+00 0.000000e+00 4.563061e-02 4.563061e-02
7.800000e+00 0.000000e+00 4.538382e-02 4.538382e-02
7.900000e+00 0.000000e+00 4.514062e-02 4.514062e-02
8.000000e+00 0.000000e+00 4.490093e-02 4.490093e-02
8.100000e+00 0.000000e+00 4.466467e-02 4.466467e-02
8.200000e+00 0.000000e+00 4.443175e-02 4.443175e-02
8.300000e+00 0.000000e+00 4.420209e-02 4.420209e-02
8.400000e+00 0.000000e+00 4.397563e-02 4.397563e-02
8.500000e+00 0.000000e+00 4.375227e-02 4.375227e-02
8.600000e+00 0.000000e+00 4.353196e-02 4.353196e-02
8.700000e+00 0.000000e+00 4.331461e-02 4.331461e-02
8.800000e+00 0.000000e+00 4.310017e-02 4.310017e-02
8.900000e+00 0.000000e+00 4.288856e-02 4.288856e-02
9.000000e+00 0.000000e+00 4.267971e-02 4.267971e-02
9.100000e+00 0.000000e+00 4.247357e-02 4.247357e-02
9.200000e+00 0.000000e+00 4.227008e-02 4.227008e-02
9.300000e+00 0.000000e+00 4.206916e-02 4.206916e-02
9.400000e+00 0.000000e+00 4.187077e-02 4.187077e-02
9.500000e+00 0.000000e+00 4.167485e-02 4.167485e-02
9.600000e+00 0.000000e+00 4.148134e-02 4.148134e-02
9.700000e+00 0.000000e+00 4.129019e-02 4.129019e-02
9.800000e+00 0.000000e+00 4.110134e-02 4.110134e-02
9.900000e+00 0.000000e+00 4.091476e-02 4.091476e-02
1.000000e+01 0.000000e+00 4.073037e-02 4.073037e-02
1.010000e+01 0.000000e+00 4.054815e-02 4.054815e-02
1.020000e+01 0.000000e+00 4.036804e-02 4.036804e-02
1.030000e+01 0.000000e+00 4.018999e-02 4.018999e-02
1.040000e+01 0.000000e+00 4.001396e-02 4.001396e-02
1.050000e+01 0.000000e+00 3.983991e-02 3.983991e-02
1.060000e+01 0.000000e+00 3.966779e-02 3.966779e-02
1.070000e+01 0.000000e+00 3.949757e-02 3.949757e-02
1.080000e+01 0.000000e+00 3.932919e-02 3.932919e-02
1.090000e+01 0.000000e+00 3.916263e-02 3.916263e-02
1.100000e+01 0.000000e+00 3.899784e-02 3.899784e-02
1.110000e+01 0.000000e+00 3.883479e-02 3.883479e-02
1.120000e+01 0.000000e+00 3.867344e-02 3.867344e-02
1.130000e+01 0.000000e+00 3.851376e-02 3.851376e-02
1.140000e+01 0.000000e+00 3.835571e-02 3.835571e-02
1.150000e+01 0.000000e+00 3.819926e-02 3.819926e-02
1.160000e+01 0.000000e+00 3.804437e-02 3.804437e-02
1.170000e+01 0.000000e+00 3.789102e-02 3.789102e-02
1.180000e+01 0.000000e+00 3.773917e-02 3.773917e-02
1.190000e+01 0.000000e+00 3.758879e-02 3.758879e-02
1.200000e+01 0.000000e+00 3.743986e-02 3.743986e-02
1.210000e+01 0.000000e+00 3.729234e-02 3.729234e-02
1.220000e+01 0.000000e+00 3.714620e-02 3.714620e-02
1.230000e+01 0.000000e+00 3.700143e-02 3.700143e-02
1.240000e+01 0.000000e+00 3.685798e-02 3.685798e-02
1.250000e+01 0.000000e+00 3.671584e-02 3.671584e-02
1.260000e+01 0.000000e+00 3.657498e-02 3.657498e-02
1.270000e+01 0.000000e+00 3.643537e-02 3.643537e-02
1.280000e+01 0.000000e+00 3.629700e-02 3.629700e-02
1.290000e+01 0.000000e+00 3.615982e-02 3.615982e-02
1.300000e+01 0.000000e+00 3.602383e-02 3.602383e-02
1.310000e+01 0.000000e+00 3.588900e-02 3.588900e-02
1.320000e+01 0.000000e+00 3.575531e-02 3.575531e-02
1.330000e+01 0.000000e+00 3.562273e-02 3.562273e-02
1.340000e+01 0.000000e+00 3.549125e-02 3.549125e-02
1.350000e+01 0.000000e+00 3.536084e-02 3.536084e-02
1.360000e+01 0.000000e+00 3.523149e-02 3.523149e-02
1.370000e+01 0.000000e+00 3.510317e-02 3.510317e-02
1.380000e+01 0.000000e+00 3.497587e-02 3.497587e-02
1.390000e+01 0.000000e+00 3.484956e-02 3.484956e-02
1.400000e+01 0.000000e+00 3.472423e-02 3.472423e-02
1.410000e+01 0.000000e+00 3.459986e-02 3.459986e-02
1.420000e+01 0.000000e+00 3.447644e-02 3.447644e-02
1.430000e+01 0.000000e+00 3.435394e-02 3.435394e-02
1.440000e+01 0.000000e+00 3.423235e-02 3.423235e-02
1.450000e+01 0.000000e+00 3.411166e-02 3.411166e-02
1.460000e+01 0.000000e+00 3.399185e-02 3.399185e-02
1.470000e+01 0.000000e+00 3.387289e-02 3.387289e-02
1.480000e+01 0.000000e+00 3.375479e-02 3.375479e-02
1.490000e+01 0.000000e+00 3.363752e-02 3.363752e-02
1.500000e+01 0.000000e+00 3.352108e-02 3.352108e-02
1.510000e+01 0.000000e+00 3.340543e-02 3.340543e-02
1.520000e+01 0.000000e+00 3.329058e-02 3.329058e-02
1.530000e+01 0.000000e+00 3.317651e-02 3.317651e-02
1.540000e+01 0.000000e+00 3.306320e-02 3.306320e-02
1.550000e+01 0.000000e+00 3.295065e-02 3.295065e-02
1.560000e+01 0.000000e+00 3.283883e-02 3.283883e-02
1.570000e+01 0.000000e+00 3.272774e-02 3.272774e-02
1.580000e+01 0.000000e+00 3.261737e-02 3.261737e-02
1.590000e+01 0.000000e+00 3.250770e-02 3.250770e-02
1.600000e+01 0.000000e+00 3.239872e-02 3.239872e-02
1.610000e+01 0.000000e+00 3.229043e-02 3.229043e-02
1.620000e+01 0.000000e+00 3.218280e-02 3.218280e-02
1.630000e+01 0.000000e+00 3.207584e-02 3.207584e-02
1.640000e+01 0.000000e+00 3.196952e-02 3.196952e-02
1.650000e+01 0.000000e+00 3.186385e-02 3.186385e-02
1.660000e+01 0.000000e+00 3.175880e-02 3.175880e-02
1.670000e+01 0.000000e+00 3.165438e-02 3.165438e-02
1.680000e+01 0.000000e+00 3.155057e-02 3.155057e-02
1.690000e+01 0.000000e+00 3.144735e-02 3.144735e-02
1.700000e+01 0.000000e+00 3.134473e-02 3.134473e-02
1.710000e+01 0.000000e+00 3.124269e-02 3.124269e-02
1.720000e+01 0.000000e+00 3.114123e-02 3.114123e-02
1.730000e+01 0.000000e+00 3.104034e-02 3.104034e-02
1.740000e+01 0.000000e+00 3.094000e-02 3.094000e-02
1.750000e+01 0.000000e+00 3.084021e-02 3.084021e-02
1.760000e+01 0.000000e+00 3.074097e-02 3.074097e-02
1.770000e+01 0.000000e+00 3.064225e-02 3.064225e-02
1.780000e+01 0.000000e+00 3.054407e-02 3.054407e-02
1.790000e+01 0.000000e+00 3.044641e-02 3.044641e-02
1.800000e+01 0.000000e+00 3.034926e-02 3.034926e-02
1.810000e+01 0.000000e+00 3.025261e-02 3.025261e-02
1.820000e+01 0.000000e+00 3.015647e-02 3.015647e-02
1.830000e+01 0.000000e+00 3.006081e-02 3.006081e-02
1.840000e+01 0.000000e+00 2.996564e-02 2.996564e-02
1.850000e+01 0.000000e+00 2.987095e-02 2.987095e-02
1.860000e+01 0.000000e+00 2.977674e-02 2.977674e-02
1.870000e+01 0.000000e+00 2.968299e-02 2.968299e-02
1.880000e+01 0.000000e+00 2.958970e-02 2.958970e-02
1.890000e+01 0.000000e+00 2.949686e-02 2.949686e-02
1.900000e+01 0.000000e+00 2.940447e-02 2.940447e-02
1.910000e+01 0.000000e+00 2.931253e-02 2.931253e-02
1.920000e+01 0.000000e+00 2.922102e-02 2.922102e-02
1.930000e+01 0.000000e+00 2.912995e-02 2.912995e-02
1.940000e+01 0.000000e+00 2.903930e-02 2.903930e-02
1.950000e+01 0.000000e+00 2.894907e-02 2.894907e-02
1.960000e+01 0.000000e+00 2.885926e-02 2.885926e-02
1.970000e+01 0.000000e+00 2.876986e-02 2.876986e-02
1.980000e+01 0.000000e+00 2.868087e-02 2.868087e-02
1.990000e+01 0.000000e+00 2.859228e-02 2.859228e-02
2.000000e+01 0.000000e+00 2.850408e-02 2.850408e-02
2.010000e+01 0.000000e+00 2.841628e-02 2.841628e-02
2.020000e+01 0.000000e+00 2.832886e-02 2.832886e-02
2.030000e+01 0.000000e+00 2.824183e-02 2.824183e-02
2.040000e+01 0.000000e+00 2.815517e-02 2.815517e-02
2.050000e+01 0.000000e+00 2.806890e-02 2.806890e-02
2.060000e+01 0.000000e+00 2.798299e-02 2.798299e-02
2.070000e+01 0.000000e+00 2.789745e-02 2.789745e-02
2.080000e+01 0.000000e+00 2.781227e-02 2.781227e-02
2.090000e+01 0.000000e+00 2.772746e-02 2.772746e-02
2.100000e+01 0.000000e+00 2.764299e-02 2.764299e-02
2.110000e+01 0.000000e+00 2.755888e-02 2.755888e-02
2.120000e+01 0.000000e+00 2.747512e-02 2.747512e-02
2.130000e+01 0.000000e+00 2.739170e-02 2.739170e-02
2.140000e+01 0.000000e+00 2.730862e-02 2.730862e-02
2.150000e+01 0.000000e+00 2.722588e-02 2.722588e-02
2.160000e+01 0.000000e+00 2.714348e-02 2.714348e-02
2.170000e+01 0.000000e+00 2.706140e-02 2.706140e-02
2.180000e+01 0.000000e+00 2.697965e-02 2.697965e-02
2.190000e+01 0.000000e+00 2.689823e-02 2.689823e-02
2.200000e+01 0.000000e+00 2.681713e-02 2.681713e-02
2.210000e+01 0.000000e+00 2.673635e-02 2.673635e-02
2.220000e+01 0.000000e+00 2.665589e-02 2.665589e-02
2.230000e+01 0.000000e+00 2.657574e-02 2.657574e-02
2.240000e+01 0.000000e+00 2.649590e-02 2.649590e-02
2.250000e+01 0.000000e+00 2.641636e-02 2.641636e-02
2.260000e+01 0.000000e+00 2.633713e-02 2.633713e-02
2.270000e+01 0.000000e+00 2.625821e-02 2.625821e-02
2.280000e+01 0.000000e+00 2.617958e-02 2.617958e-02
2.290000e+01 0.000000e+00 2.610125e-02 2.610125e-02
2.300000e+01 0.000000e+00 2.602322e-02 2.602322e-02
2.310000e+01 0.000000e+00 2.594547e-02 2.594547e-02
2.320000e+01 0.000000e+00 2.586802e-02 2.586802e-02
2.330000e+01 0.000000e+00 2.579085e-02 2.579085e-02
2.340000e+01 0.000000e+00 2.571397e-02 2.571397e-02
2.350000e+01 0.000000e+00 2.563737e-02 2.563737e-02
2.360000e+01 0.000000e+00 2.556106e-02 2.556106e-02
2.370000e+01 0.000000e+00 2.548501e-02 2.548501e-02
2.380000e+01 0.000000e+00 2.540925e-02 2.540925e-02
2.390000e+01 0.000000e+00 2.533376e-02 2.533376e-02
2.400000e+01 0.000000e+00 2.525853e-02 2.525853e-02
2.410000e+01 0.000000e+00 2.518358e-02 2.518358e-02
2.420000e+01 0.000000e+00 2.510890e-02 2.510890e-02
2.430000e+01 0.000000e+00 2.503448e-02 2.503448e-02
2.440000e+01 0.000000e+00 2.496032e-02 2.496032e-02
2.450000e+01 0.000000e+00 2.488642e-02 2.488642e-02
2.460000e+01 0.000000e+00 2.481279e-02 2.481279e-02
2.470000e+01 0.000000e+00 2.473941e-02 2.473941e-02
2.480000e+01 0.000000e+00 2.466628e-02 2.466628e-02
2.490000e+01 0.000000e+00 2.459341e-02 2.459341e-02
2.500000e+01 0.000000e+00 2.452079e-02 2.452079e-02
2.510000e+01 0.000000e+00 2.444842e-02 2.444842e-02
2.520000e+01 0.000000e+00 2.437630e-02 2.437630e-02
2.530000e+01 0.000000e+00 2.430442e-02 2.430442e-02
2.540000e+01 0.000000e+00 2.423279e-02 2.423279e-02
2.550000e+01 0.000000e+00 2.416140e-02 2.416140e-02
2.560000e+01 0.000000e+00 2.409026e-02 2.409026e-02
2.570000e+01 0.000000e+00 2.401936e-02 2.401936e-02
2.580000e+01 0.000000e+00 2.394869e-02 2.394869e-02
2.590000e+01 0.000000e+00 2.387827e-02 2.387827e-02
2.600000e+01 0.000000e+00 2.380808e-02 2.380808e-02
2.610000e+01 0.000000e+00 2.373812e-02 2.373812e-02
2.620000e+01 0.000000e+00 2.366840e-02 2.366840e-02
2.630000e+01 0.000000e+00 2.359891e-02 2.359891e-02
2.640000e+01 0.000000e+00 2.352966e-02 2.352966e-02
2.650000e+01 0.000000e+00 2.346063e-02 2.346063e-02
2.660000e+01 0.000000e+00 2.339182e-02 2.339182e-02
2.670000e+01 0.000000e+00 2.332324e-02 2.332324e-02
2.680000e+01 0.000000e+00 2.325489e-02 2.325489e-02
2.690000e+01 0.000000e+00 2.318676e-02 2.318676e-02
2.700000e+01 0.000000e+00 2.311885e-02 2.311885e-02
2.710000e+01 0.000000e+00 2.305117e-02 2.305117e-02
2.720000e+01 0.000000e+00 2.298370e-02 2.298370e-02
2.730000e+01 0.000000e+00 2.291645e-02 2.291645e-02
2.740000e+01 0.000000e+00 2.284942e-02 2.284942e-02
2.750000e+01 0.000000e+00 2.278261e-02 2.278261e-02
2.760000e+01 0.000000e+00 2.271600e-02 2.271600e-02
2.770000e+01 0.000000e+00 2.264962e-02 2.264962e-02
2.780000e+01 0.000000e+00 2.258344e-02 2.258344e-02
2.790000e+01 0.000000e+00 2.251748e-02 2.251748e-02
2.800000e+01 0.000000e+00 2.245173e-02 2.245173e-02
2.810000e+01 0.000000e+00 2.238618e-02 2.238618e-02
2.820000e+01 0.000000e+00 2.232085e-02 2.232085e-02
2.830000e+01 0.000000e+00 2.225572e-02 2.225572e-02
2.840000e+01 0.000000e+00 2.219080e-02 2.219080e-02
2.850000e+01 0.000000e+00 2.212608e-02 2.212608e-02
2.860000e+01 0.000000e+00 2.206157e-02 2.206157e-02
2.870000e+01 0.000000e+00 2.199726e-02 2.199726e-02
2.880000e+01 0.000000e+00 2.193315e-02 2.193315e-02
2.890000e+01 0.000000e+00 2.186925e-02 2.186925e-02
2.900000e+01 0.000000e+00 2.180554e-02 2.180554e-02
2.910000e+01 0.000000e+00 2.174203e-02 2.174203e-02
2.920000e+01 0.000000e+00 2.167872e-02 2.167872e-02
2.930000e+01 0.000000e+00 2.161561e-02 2.161561e-02
2.940000e+01 0.000000e+00 2.155269e-02 2.155269e-02
2.950000e+01 0.000000e+00 2.148997e-02 2.148997e-02
2.960000e+01 0.000000e+00 2.142744e-02 2.142744e-02
2.970000e+01 0.000000e+00 2.136511e-02 2.136511e-02
2.980000e+01 0.000000e+00 2.130297e-02 2.130297e-02
2.990000e+01 0.000000e+00 2.124103e-02 2.124103e-02
3.000000e+01 0.000000e+00 2.117927e-02 2.117927e-02
3.010000e+01 0.000000e+00 2.111771e-02 2.111771e-02
3.020000e+01 0.000000e+00 2.105633e-02 2.105633e-02
3.030000e+01 0.000000e+00 2.099514e-02 2.099514e-02
3.040000e+01 0.000000e+00 2.093414e-02 2.093414e-02
3.050000e+01 0.000000e+00 2.087333e-02 2.087333e-02
3.060000e+01 0.000000e+00 2.081270e-02 2.081270e-02
3.070000e+01 0.000000e+00 2.075226e-02 2.075226e-02
3.080000e+01 0.000000e+00 2.069200e-02 2.069200e-02
3.090000e+01 0.000000e+00 2.063193e-02 2.063193e-02
3.100000e+01 0.000000e+00 2.057204e-02 2.057204e-02
3.110000e+01 0.000000e+00 2.051233e-02 2.051233e-02
3.120000e+01 0.000000e+00 2.045281e-02 2.045281e-02
3.130000e+01 0.000000e+00 2.039347e-02 2.039347e-02
3.140000e+01 0.000000e+00 2.033430e-02 2.033430e-02
3.150000e+01 0.000000e+00 2.027532e-02 2.027532e-02
3.160000e+01 0.000000e+00 2.021651e-02 2.021651e-02
3.170000e+01 0.000000e+00 2.015788e-02 2.015788e-02
3.180000e+01 0.000000e+00 2.009943e-02 2.009943e-02
3.190000e+01 0.000000e+00 2.004116e-02 2.004116e-02
3.200000e+01 0.000000e+00 1.998306e-02 1.998306e-02
3.210000e+01 0.000000e+00 1.992513e-02 1.992513e-02
3.220000e+01 0.000000e+00 1.986738e-02 1.986738e-02
3.230000e+01 0.000000e+00 1.980981e-02 1.980981e-02
3.240000e+01 0.000000e+00 1.975240e-02 1.975240e-02
3.250000e+01 0.000000e+00 1.969517e-02 1.969517e-02
3.260000e+01 0.000000e+00 1.963811e-02 1.963811e-02
3.270000e+01 0.000000e+00 1.958122e-02 1.958122e-02
3.280000e+01 0.000000e+00 1.952450e-02 1.952450e-02
3.290000e+01 0.000000e+00 1.946795e-02 1.946795e-02
3.300000e+01 0.000000e+00 1.941157e-02 1.941157e-02
3.310000e+01 0.000000e+00 1.935536e-02 1.935536e-02
3.320000e+01 0.000000e+00 1.929932e-02 1.929932e-02
3.330000e+01 0.000000e+00 1.924344e-02 1.924344e-02
3.340000e+01 0.000000e+00 1.918773e-02 1.918773e-02
3.350000e+01 0.000000e+00 1.913219e-02 1.913219e-02
3.360000e+01 0.000000e+00 1.907681e-02 1.907681e-02
3.370000e+01 0.000000e+00 1.902160e-02 1.902160e-02
3.380000e+01 0.000000e+00 1.896655e-02 1.896655e-02
3.390000e+01 0.000000e+00 1.891166e-02 1.891166e-02
3.400000e+01 0.000000e+00 1.885694e-02 1.885694e-02
3.410000e+01 0.000000e+00 1.880238e-02 1.880238e-02
3.420000e+01 0.000000e+00 1.874799e-02 1.874799e-02
3.430000e+01 0.000000e+00 1.869375e-02 1.869375e-02
3.440000e+01 0.000000e+00 1.863968e-02 1.863968e-02
3.450000e+01 0.000000e+00 1.858577e-02 1.858577e-02
3.460000e+01 0.000000e+00 1.853201e-02 1.853201e-02
3.470000e+01 0.000000e+00 1.847842e-02 1.847842e-02
3.480000e+01 0.000000e+00 1.842498e-02 1.842498e-02
3.490000e+01 0.000000e+00 1.837171e-02 1.837171e-02
3.500000e+01 0.000000e+00 1.831859e-02 1.831859e-02
3.510000e+01 0.000000e+00 1.826562e-02 1.826562e-02
3.520000e+01 0.000000e+00 1.821282e-02 1.821282e-02
3.530000e+01 0.000000e+00 1.816017e-02 1.816017e-02
3.540000e+01 0.000000e+00 1.810767e-02 1.810767e-02
3.550000e+01 0.000000e+00 1.805533e-02 1.805533e-02
3.560000e+01 0.000000e+00 1.800314e-02 1.800314e-02
3.570000e+01 0.000000e+00 1.795111e-02 1.795111e-02
3.580000e+01 0.000000e+00 1.789923e-02 1.789923e-02
3.590000e+01 0.000000e+00 1.784750e-02 1.784750e-02
3.600000e+01 0.000000e+00 1.779593e-02 1.779593e-02
3.610000e+01 0.000000e+00 1.774450e-02 1.774450e-02
3.620000e+01 0.000000e+00 1.769323e-02 1.769323e-02
3.630000e+01 0.000000e+00 1.764211e-02 1.764211e-02
3.640000e+01 0.000000e+00 1.759114e-02 1.759114e-02
3.650000e+01 0.000000e+00 1.754032e-02 1.754032e-02
3.660000e+01 0.000000e+00 1.748964e-02 1.748964e-02
3.670000e+01 0.000000e+00 1.743912e-02 1.743912e-02
3.680000e+01 0.000000e+00 1.738875e-02 1.738875e-02
3.690000e+01 0.000000e+00 1.733852e-02 1.733852e-02
3.700000e+01 0.000000e+00 1.728844e-02 1.728844e-02
3.710000e+01 0.000000e+00 1.723850e-02 1.723850e-02
3.720000e+01 0.000000e+00 1.718871e-02 1.718871e-02
3.730000e+01 0.000000e+00 1.713907e-02 1.713907e-02
3.740000e+01 0.000000e+00 1.708957e-02 1.708957e-02
3.750000e+01 0.000000e+00 1.704022e-02 1.704022e-02
3.760000e+01 0.000000e+00 1.699101e-02 1.699101e-02
3.770000e+01 0.000000e+00 1.694195e-02 1.694195e-02
3.780000e+01 0.000000e+00 1.689303e-02 1.689303e-02
3.790000e+01 0.000000e+00 1.684425e-02 1.684425e-02
3.800000e+01 0.000000e+00 1.679562e-02 1.679562e-02
3.810000e+01 0.000000e+00 1.674713e-02 1.674713e-02
3.820000e+01 0.000000e+00 1.669878e-02 1.669878e-02
3.830000e+01 0.000000e+00 1.665057e-02 1.665057e-02
3.840000e+01 0.000000e+00 1.660250e-02 1.660250e-02
3.850000e+01 0.000000e+00 1.655458e-02 1.655458e-02
3.860000e+01 0.000000e+00 1.650679e-02 1.650679e-02
3.870000e+01 0.000000e+00 1.645914e-02 1.645914e-02
3.880000e+01 0.000000e+00 1.641163e-02 1.641163e-02
3.890000e+01 0.000000e+00 1.636427e-02 1.636427e-02
3.900000e+01 0.000000e+00 1.631704e-02 1.631704e-02
3.910000e+01 0.000000e+00 1.626994e-02 1.626994e-02
3.920000e+01 0.000000e+00 1.622299e-02 1.622299e-02
3.930000e+01 0.000000e+00 1.617617e-02 1.617617e-02
3.940000e+01 0.000000e+00 1.612949e-02 1.612949e-02
3.950000e+01 0.000000e+00 1.608295e-02 1.608295e-02
3.960000e+01 0.000000e+00 1.603654e-02 1.603654e-02
3.970000e+01 0.000000e+00 1.599027e-02 1.599027e-02
3.980000e+01 0.000000e+00 1.594413e-02 1.594413e-02
3.990000e+01 0.000000e+00 1.589812e-02 1.589812e-02
4.000000e+01 0.000000e+00 1.585226e-02 1.585226e-02
4.010000e+01 0.000000e+00 1.580652e-02 1.580652e-02
4.020000e+01 0.000000e+00 1.576092e-02 1.576092e-02
4.030000e+01 0.000000e+00 1.571545e-02 1.571545e-02
4.040000e+01 0.000000e+00 1.567011e-02 1.567011e-02
4.050000e+01 0.000000e+00 1.562491e-02 1.562491e-02
4.060000e+01 0.000000e+00 1.557983e-02 1.557983e-02
4.070000e+01 0.000000e+00 1.553489e-02 1.553489e-02
4.080000e+01 0.000000e+00 1.549008e-02 1.549008e-02
4.090000e+01 0.000000e+00 1.544540e-02 1.544540e-02
4.100000e+01 0.000000e+00 1.540085e-02 1.540085e-02
4.110000e+01 0.000000e+00 1.535643e-02 1.535643e-02
4.120000e+01 0.000000e+00 1.531214e-02 1.531214e-02
4.130000e+01 0.000000e+00 1.526798e-02 1.526798e-02
4.140000e+01 0.000000e+00 1.522395e-02 1.522395e-02
4.150000e+01 0.000000e+00 1.518004e-02 1.518004e-02
4.160000e+01 0.000000e+00 1.513626e-02 1.513626e-02
4.170000e+01 0.000000e+00 1.509261e-02 1.509261e-02
4.180000e+01 0.000000e+00 1.504909e-02 1.504909e-02
4.190000e+01 0.000000e+00 1.500569e-02 1.500569e-02
4.200000e+01 0.000000e+00 1.496242e-02 1.496242e-02
4.210000e+01 0.000000e+00 1.491927e-02 1.491927e-02
4.220000e+01 0.000000e+00 1.487626e-02 1.487626e-02
4.230000e+01 0.000000e+00 1.483336e-02 1.483336e-02
4.240000e+01 0.000000e+00 1.479059e-02 1.479059e-02
4.250000e+01 0.000000e+00 1.474795e-02 1.474795e-02
4.260000e+01 0.000000e+00 1.470543e-02 1.470543e-02
4.270000e+01 0.000000e+00 1.466303e-02 1.466303e-02
4.280000e+01 0.000000e+00 1.462076e-02 1.462076e-02
4.290000e+01 0.000000e+00 1.457861e-02 1.457861e-02
4.300000e+01 0.000000e+00 1.453658e-02 1.453658e-02
4.310000e+01 0.000000e+00 1.449468e-02 1.449468e-02
4.320000e+01 0.000000e+00 1.445290e-02 1.445290e-02
4.330000e+01 0.000000e+00 1.441123e-02 1.441123e-02
4.340000e+01 0.000000e+00 1.436969e-02 1.436969e-02
4.350000e+01 0.000000e+00 1.432827e-02 1.432827e-02
4.360000e+01 0.000000e+00 1.428697e-02 1.428697e-02
4.370000e+01 0.000000e+00 1.424579e-02 1.424579e-02
4.380000e+01 0.000000e+00 1.420473e-02 1.420473e-02
4.390000e+01 0.000000e+00 1.416379e-02 1.416379e-02
4.400000e+01 0.000000e+00 1.412297e-02 1.412297e-02
4.410000e+01 0.000000e+00 1.408227e-02 1.408227e-02
4.420000e+01 0.000000e+00 1.404168e-02 1.404168e-02
4.430000e+01 0.000000e+00 1.400121e-02 1.400121e-02
4.440000e+01 0.000000e+00 1.396086e-02 1.396086e-02
4.450000e+01 0.000000e+00 1.392063e-02 1.392063e-02
4.460000e+01 0.000000e+00 1.388051e-02 1.388051e-02
4.470000e+01 0.000000e+00 1.384051e-02 1.384051e-02
4.480000e+01 0.000000e+00 1.380063e-02 1.380063e-02
4.490000e+01 0.000000e+00 1.376086e-02 1.376086e-02
4.500000e+01 0.000000e+00 1.372121e-02 1.372121e-02
4.510000e+01 0.000000e+00 1.368168e-02 1.368168e-02
4.520000e+01 0.000000e+00 1.364225e-02 1.364225e-02
4.530000e+01 0.000000e+00 1.360295e-02 1.360295e-02
4.540000e+01 0.000000e+00 1.356375e-02 1.356375e-02
4.550000e+01 0.000000e+00 1.352467e-02 1.352467e-02
4.560000e+01 0.000000e+00 1.348571e-02 1.348571e-02
4.570000e+01 0.000000e+00 1.344685e-02 1.344685e-02
4.580000e+01 0.000000e+00 1.340811e-02 1.340811e-02
4.590000e+01 0.000000e+00 1.336948e-02 1.336948e-02
4.600000e+01 0.000000e+00 1.333097e-02 1.333097e-02
4.610000e+01 0.000000e+00 1.329256e-02 1.329256e-02
4.620000e+01 0.000000e+00 1.325427e-02 1.325427e-02
4.630000e+01 0.000000e+00 1.321609e-02 1.321609e-02
4.640000e+01 0.000000e+00 1.317802e-02 1.317802e-02
4.650000e+01 0.000000e+00 1.314006e-02 1.314006e-02
4.660000e+01 0.000000e+00 1.310221e-02 1.310221e-02
4.670000e+01 0.000000e+00 1.306447e-02 1.306447e-02
4.680000e+01 0.000000e+00 1.302684e-02 1.302684e-02
4.690000e+01 0.000000e+00 1.298932e-02 1.298932e-02
4.700000e+01 0.000000e+00 1.295191e-02 1.295191e-02
4.710000e+01 0.000000e+00 1.291460e-02 1.291460e-02
4.720000e+01 0.000000e+00 1.287741e-02 1.287741e-02
4.730000e+01 0.000000e+00 1.284032e-02 1.284032e-02
4.740000e+01 0.000000e+00 1.280334e-02 1.280334e-02
4.750000e+01 0.000000e+00 1.276647e-02 1.276647e-02
4.760000e+01 0.000000e+00 1.272971e-02 1.272971e-02
4.770000e+01 0.000000e+00 1.269305e-02 1.269305e-02
4.780000e+01 0.000000e+00 1.265650e-02 1.265650e-02
4.790000e+01 0.000000e+00 1.262006e-02 1.262006e-02
4.800000e+01 0.000000e+00 1.258372e-02 1.258372e-02
4.810000e+01 0.000000e+00 1.254748e-02 1.254748e-02
4.820000e+01 0.000000e+00 1.251136e-02 1.251136e-02
4.830000e+01 0.000000e+00 1.247533e-02 1.247533e-02
4.840000e+01 0.000000e+00 1.243942e-02 1.243942e-02
4.850000e+01 0.000000e+00 1.240360e-02 1.240360e-02
4.860000e+01 0.000000e+00 1.236789e-02 1.236789e-02
4.870000e+01 0.000000e+00 1.233229e-02 1.233229e-02
4.880000e+01 0.000000e+00 1.229678e-02 1.229678e-02
4.890000e+01 0.000000e+00 1.226138e-02 1.226138e-02
4.900000e+01 0.000000e+00 1.222609e-02 1.222609e-02
4.910000e+01 0.000000e+00 1.219089e-02 1.219089e-02
4.920000e+01 0.000000e+00 1.215580e-02 1.215580e-02
4.930000e+01 0.000000e+00 1.212081e-02 1.212081e-02
4.940000e+01 0.000000e+00 1.208592e-02 1.208592e-02
4.950000e+01 0.000000e+00 1.205113e-02 1.205113e-02
4.960000e+01 0.000000e+00 1.201645e-02 1.201645e-02
4.970000e+01 0.000000e+00 1.198186e-02 1.198186e-02
4.980000e+01 0.000000e+00 1.194737e-02 1.194737e-02
4.990000e+01 0.000000e+00 1.191299e-02 1.191299e-02
5.000000e+01 0.000000e+00 1.187870e-02 1.187870e-02
5.010000e+01 0.000000e+00 1.184452e-02 1.184452e-02
5.020000e+01 0.000000e+00 1.181043e-02 1.181043e-02
5.030000e+01 0.000000e+00 1.177644e-02 1.177644e-02
5.040000e+01 0.000000e+00 1.174255e-02 1.174255e-02
5.050000e+01 0.000000e+00 1.170876e-02 1.170876e-02
5.060000e+01 0.000000e+00 1.167506e-02 1.167506e-02
5.070000e+01 0.000000e+00 1.164147e-02 1.164147e-02
5.080000e+01 0.000000e+00 1.160797e-02 1.160797e-02
5.090000e+01 0.000000e+00 1.157457e-02 1.157457e-02
5.100000e+01 0.000000e+00 1.154126e-02 1.154126e-02
5.110000e+01 0.000000e+00 1.150806e-02 1.150806e-02
5.120000e+01 0.000000e+00 1.147495e-02 1.147495e-02
5.130000e+01 0.000000e+00 1.144193e-02 1.144193e-02
5.140000e+01 0.000000e+00 1.140901e-02 1.140901e-02
5.150000e+01 0.000000e+00 1.137619e-02 1.137619e-02
5.160000e+01 0.000000e+00 1.134347e-02 1.134347e-02
5.170000e+01 0.000000e+00 1.131083e-02 1.131083e-02
5.180000e+01 0.000000e+00 1.127830e-02 1.127830e-02
5.190000e+01 0.000000e+00 1.124585e-02 1.124585e-02
5.200000e+01 0.000000e+00 1.121351e-02 1.121351e-02
5.210000e+01 0.000000e+00 1.118125e-02 1.118125e-02
5.220000e+01 0.000000e+00 1.114909e-02 1.114909e-02
5.230000e+01 0.000000e+00 1.111702e-02 1.111702e-02
5.240000e+01 0.000000e+00 1.108505e-02 1.108505e-02
5.250000e+01 0.000000e+00 1.105317e-02 1.105317e-02
5.260000e+01 0.000000e+00 1.102138e-02 1.102138e-02
5.270000e+01 0.000000e+00 1.098968e-02 1.098968e-02
5.280000e+01 0.000000e+00 1.095808e-02 1.095808e-02
5.290000e+01 0.000000e+00 1.092656e-02 1.092656e-02
5.300000e+01 0.000000e+00 1.089514e-02 1.089514e-02
5.310000e+01 0.000000e+00 1.086381e-02 1.086381e-02
5.320000e+01 0.000000e+00 1.083257e-02 1.083257e-02
5.330000e+01 0.000000e+00 1.080143e-02 1.080143e-02
5.340000e+01 0.000000e+00 1.077037e-02 1.077037e-02
5.350000e+01 0.000000e+00 1.073940e-02 1.073940e-02
5.360000e+01 0.000000e+00 1.070852e-02 1.070852e-02
5.370000e+01 0.000000e+00 1.067773e-02 1.067773e-02
5.380000e+01 0.000000e+00 1.064703e-02 1.064703e-02
5.390000e+01 0.000000e+00 1.061642e-02 1.061642e-02
5.400000e+01 0.000000e+00 1.058590e-02 1.058590e-02
5.410000e+01 0.000000e+00 1.055547e-02 1.055547e-02
5.420000e+01 0.000000e+00 1.052512e-02 1.052512e-02
5.430000e+01 0.000000e+00 1.049487e-02 1.049487e-02
5.440000e+01 0.000000e+00 1.046470e-02 1.046470e-02
5.450000e+01 0.000000e+00 1.043462e-02 1.043462e-02
5.460000e+01 0.000000e+00 1.040462e-02 1.040462e-02
5.470000e+01 0.000000e+00 1.037472e-02 1.037472e-02
5.480000e+01 0.000000e+00 1.034490e-02 1.034490e-02
5.490000e+01 0.000000e+00 1.031516e-02 1.031516e-02
5.500000e+01 0.000000e+00 1.028551e-02 1.028551e-02
5.510000e+01 0.000000e+00 1.025595e-02 1.025595e-02
5.520000e+01 0.000000e+00 1.022648e-02 1.022648e-02
5.530000e+01 0.000000e+00 1.019709e-02 1.019709e-02
5.540000e+01 0.000000e+00 1.016778e-02 1.016778e-02
5.550000e+01 0.000000e+00 1.013856e-02 1.013856e-02
5.560000e+01 0.000000e+00 1.010943e-02 1.010943e-02
5.570000e+01 0.000000e+00 1.008038e-02 1.008038e-02
5.580000e+01 0.000000e+00 1.005141e-02 1.005141e-02
5.590000e+01 0.000000e+00 1.002253e-02 1.002253e-02
5.600000e+01 0.000000e+00 9.993728e-03 9.993728e-03
5.610000e+01 0.000000e+00 9.965014e-03 9.965014e-03
5.620000e+01 0.000000e+00 9.936383e-03 9.936383e-03
5.630000e+01 0.000000e+00 9.907835e-03 9.907835e-03
5.640000e+01 0.000000e+00 9.879370e-03 9.879370e-03
5.650000e+01 0.000000e+00 9.850988e-03 9.850988e-03
5.660000e+01 0.000000e+00 9.822688e-03 9.822688e-03
5.670000e+01 0.000000e+00 9.794470e-03 9.794470e-03
5.680000e+01 0.000000e+00 9.766334e-03 9.766334e-03
5.690000e+01 0.000000e+00 9.738280e-03 9.738280e-03
5.700000e+01 0.000000e+00 9.710307e-03 9.710307e-03
5.710000e+01 0.000000e+00 9.682415e-03 9.682415e-03
5.720000e+01 0.000000e+00 9.654605e-03 9.654605e-03
5.730000e+01 0.000000e+00 9.626875e-03 9.626875e-03
5.740000e+01 0.000000e+00 9.599226e-03 9.599226e-03
5.750000e+01 0.000000e+00 9.571657e-03 9.571657e-03
5.760000e+01 0.000000e+00 9.544168e-03 9.544168e-03
5.770000e+01 0.000000e+00 9.516760e-03 9.516760e-03
5.780000e+01 0.000000e+00 9.489431e-03 9.489431e-03
5.790000e+01 0.000000e+00 9.462182e-03 9.462182e-03
5.800000e+01 0.000000e+00 9.435012e-03 9.435012e-03
5.810000e+01 0.000000e+00 9.407921e-03 9.407921e-03
5.820000e+01 0.000000e+00 9.380909e-03 9.380909e-03
5.830000e+01 0.000000e+00 9.353975e-03 9.353975e-03
5.840000e+01 0.000000e+00 9.327119e-03 9.327119e-03
5.850000e+01 0.000000e+00 9.300342e-03 9.300342e-03
5.860000e+01 0.000000e+00 9.273642e-03 9.273642e-03
5.870000e+01 0.000000e+00 9.247019e-03 9.247019e-03
5.880000e+01 0.000000e+00 9.220474e-03 9.220474e-03
5.890000e+01 0.000000e+00 9.194005e-03 9.194005e-03
5.900000e+01 0.000000e+00 9.167614e-03 9.167614e-03
5.910000e+01 0.000000e+00 9.141299e-03 9.141299e-03
5.920000e+01 0.000000e+00 9.115060e-03 9.115060e-03
5.930000e+01 0.000000e+00 9.088898e-03 9.088898e-03
5.940000e+01 0.000000e+00 9.062812e-03 9.062812e-03
5.950000e+01 0.000000e+00 9.036801e-03 9.036801e-03
5.960000e+01 0.000000e+00 9.010866e-03 9.010866e-03
5.970000e+01 0.000000e+00 8.985006e-03 8.985006e-03
5.980000e+01 0.000000e+00 8.959221e-03 8.959221e-03
5.990000e+01 0.000000e+00 8.933512e-03 8.933512e-03
6.000000e+01 0.000000e+00 8.907876e-03 8.907876e-03
6.010000e+01 0.000000e+00 8.882315e-03 8.882315e-03
6.020000e+01 0.000000e+00 8.856829e-03 8.856829e-03
6.030000e+01 0.000000e+00 8.831416e-03 8.831416e-03
6.040000e+01 0.000000e+00 8.806077e-03 8.806077e-03
6.050000e+01 0.000000e+00 8.780811e-03 8.780811e-03
6.060000e+01 0.000000e+00 8.755619e-03 8.755619e-03
6.070000e+01 0.000000e+00 8.730500e-03 8.730500e-03
6.080000e+01 0.000000e+00 8.705455e-03 8.705455e-03
6.090000e+01 0.000000e+00 8.680482e-03 8.680482e-03
6.100000e+01 0.000000e+00 8.655582e-03 8.655582e-03
6.110000e+01 0.000000e+00 8.630754e-03 8.630754e-03
6.120000e+01 0.000000e+00 8.605999e-03 8.605999e-03
6.130000e+01 0.000000e+00 8.581316e-03 8.581316e-03
6.140000e+01 0.000000e+00 8.556705e-03 8.556705e-03
6.150000e+01 0.000000e+00 8.532165e-03 8.532165e-03
6.160000e+01 0.000000e+00 8.507697e-03 8.507697e-03
6.170000e+01 0.000000e+00 8.483300e-03 8.483300e-03
6.180000e+01 0.000000e+00 8.458973e-03 8.458973e-03
6.190000e+01 0.000000e+00 8.434718e-03 8.434718e-03
6.200000e+01 0.000000e+00 8.410533e-03 8.410533e-03
6.210000e+01 0.000000e+00 8.386418e-03 8.386418e-03
6.220000e+01 0.000000e+00 8.362372e-03 8.362372e-03
6.230000e+01 0.000000e+00 8.338397e-03 8.338397e-03
6.240000e+01 0.000000e+00 8.314491e-03 8.314491e-03
6.250000e+01 0.000000e+00 8.290654e-03 8.290654e-03
6.260000e+01 0.000000e+00 8.266886e-03 8.266886e-03
6.270000e+01 0.000000e+00 8.243187e-03 8.243187e-03
6.280000e+01 0.000000e+00 8.219557e-03 8.219557e-03
6.290000e+01 0.000000e+00 8.195995e-03 8.195995e-03
6.300000e+01 0.000000e+00 8.172501e-03 8.172501e-03
6.310000e+01 0.000000e+00 8.149076e-03 8.149076e-03
6.320000e+01 0.000000e+00 8.125718e-03 8.125718e-03
6.330000e+01 0.000000e+00 8.102428e-03 8.102428e-03
6.340000e+01 0.000000e+00 8.079206e-03 8.079206e-03
6.350000e+01 0.000000e+00 8.056051e-03 8.056051e-03
6.360000e+01 0.000000e+00 8.032964e-03 8.032964e-03
6.370000e+01 0.000000e+00 8.009943e-03 8.009943e-03
6.380000e+01 0.000000e+00 7.986989e-03 7.986989e-03
6.390000e+01 0.000000e+00 7.964102e-03 7.964102e-03
6.400000e+01 0.000000e+00 7.941281e-03 7.941281e-03
6.410000e+01 0.000000e+00 7.918527e-03 7.918527e-03
6.420000e+01 0.000000e+00 7.895838e-03 7.895838e-03
6.430000e+01 0.000000e+00 7.873215e-03 7.873215e-03
6.440000e+01 0.000000e+00 7.850658e-03 7.850658e-03
6.450000e+01 0.000000e+00 7.828167e-03 7.828167e-03
6.460000e+01 0.000000e+00 7.805741e-03 7.805741e-03
6.470000e+01 0.000000e+00 7.783380e-03 7.783380e-03
6.480000e+01 0.000000e+00 7.761084e-03 7.761084e-03
6.490000e+01 0.000000e+00 7.738853e-03 7.738853e-03
6.500000e+01 0.000000e+00 7.716686e-03 7.716686e-03
6.510000e+01 0.000000e+00 7.694584e-03 7.694584e-03
6.520000e+01 0.000000e+00 7.672546e-03 7.672546e-03
6.530000e+01 0.000000e+00 7.650573e-03 7.650573e-03
6.540000e+01 0.000000e+00 7.628663e-03 7.628663e-03
6.550000e+01 0.000000e+00 7.606816e-03 7.606816e-03
6.560000e+01 0.000000e+00 7.585034e-03 7.585034e-03
6.570000e+01 0.000000e+00 7.563314e-03 7.563314e-03
6.580000e+01 0.000000e+00 7.541657e-03 7.541657e-03
6.590000e+01 0.000000e+00 7.520063e-03 7.520063e-03
6.600000e+01 0.000000e+00 7.498532e-03 7.498532e-03
6.610000e+01 0.000000e+00 7.477064e-03 7.477064e-03
6.620000e+01 0.000000e+00 7.455657e-03 7.455657e-03
6.630000e+01 0.000000e+00 7.434313e-03 7.434313e-03
6.640000e+01 0.000000e+00 7.413031e-03 7.413031e-03
6.650000e+01 0.000000e+00 7.391810e-03 7.391810e-03
6.660000e+01 0.000000e+00 7.370651e-03 7.370651e-03
6.670000e+01 0.000000e+00 7.349553e-03 7.349553e-03
6.680000e+01 0.000000e+00 7.328517e-03 7.328517e-03
6.690000e+01 0.000000e+00 7.307542e-03 7.307542e-03
6.700000e+01 0.000000e+00 7.286628e-03 7.286628e-03
6.710000e+01 0.000000e+00 7.265774e-03 7.265774e-03
6.720000e+01 0.000000e+00 7.244981e-03 7.244981e-03
6.730000e+01 0.000000e+00 7.224248e-03 7.224248e-03
6.740000e+01 0.000000e+00 7.203575e-03 7.203575e-03
6.750000e+01 0.000000e+00 7.182962e-03 7.182962e-03
6.760000e+01 0.000000e+00 7.162409e-03 7.162409e-03
6.770000e+01 0.000000e+00 7.141916e-03 7.141916e-03
6.780000e+01 0.000000e+00 7.121482e-03 7.121482e-03
6.790000e+01 0.000000e+00 7.101107e-03 7.101107e-03
6.800000e+01 0.000000e+00 7.080791e-03 7.080791e-03
6.810000e+01 0.000000e+00 7.060534e-03 7.060534e-03
6.820000e+01 0.000000e+00 7.040337e-03 7.040337e-03
6.830000e+01 0.000000e+00 7.020197e-03 7.020197e-03
6.840000e+01 0.000000e+00 7.000117e-03 7.000117e-03
6.850000e+01 0.000000e+00 6.980095e-03 6.980095e-03
6.860000e+01 0.000000e+00 6.960130e-03 6.960130e-03
6.870000e+01 0.000000e+00 6.940225e-03 6.940225e-03
6.880000e+01 0.000000e+00 6.920376e-03 6.920376e-03
6.890000e+01 0.000000e+00 6.900586e-03 6.900586e-03
6.900000e+01 0.000000e+00 6.880853e-03 6.880853e-03
6.910000e+01 0.000000e+00 6.861178e-03 6.861178e-03
6.920000e+01 0.000000e+00 6.841559e-03 6.841559e-03
6.930000e+01 0.000000e+00 6.821997e-03 6.821997e-03
6.940000e+01 0.000000e+00 6.802493e-03 6.802493e-03
6.950000e+01 0.000000e+00 6.783044e-03 6.783044e-03
6.960000e+01 0.000000e+00 6.763652e-03 6.763652e-03
6.970000e+01 0.000000e+00 6.744316e-03 6.744316e-03
6.980000e+01 0.000000e+00 6.725036e-03 6.725036e-03
6.990000e+01 0.000000e+00 6.705812e-03 6.705812e-03
7.000000e+01 0.000000e+00 6.686644e-03 6.686644e-03
7.010000e+01 0.000000e+00 6.667531e-03 6.667531e-03
7.020000e+01 0.000000e+00 6.648473e-03 6.648473e-03
7.030000e+01 0.000000e+00 6.629471e-03 6.629471e-03
7.040000e+01 0.000000e+00 6.610523e-03 6.610523e-03
7.050000e+01 0.000000e+00 6.591630e-03 6.591630e-03
7.060000e+01 0.000000e+00 6.572792e-03 6.572792e-03
7.070000e+01 0.000000e+00 6.554009e-03 6.554009e-03
7.080000e+01 0.000000e+00 6.535280e-03 6.535280e-03
7.090000e+01 0.000000e+00 6.516606e-03 6.516606e-03
7.100000e+01 0.000000e+00 6.497986e-03 6.497986e-03
7.110000e+01 0.000000e+00 6.479420e-03 6.479420e-03
7.120000e+01 0.000000e+00 6.460908e-03 6.460908e-03
7.130000e+01 0.000000e+00 6.442449e-03 6.442449e-03
7.140000e+01 0.000000e+00 6.424045e-03 6.424045e-03
7.150000e+01 0.000000e+00 6.405694e-03 6.405694e-03
7.160000e+01 0.000000e+00 6.387396e-03 6.387396e-03
7.170000e+01 0.000000e+00 6.369151e-03 6.369151e-03
7.180000e+01 0.000000e+00 6.350959e-03 6.350959e-03
7.190000e+01 0.000000e+00 6.332821e-03 6.332821e-03
7.200000e+01 0.000000e+00 6.314735e-03 6.314735e-03
7.210000e+01 0.000000e+00 6.296701e-03 6.296701e-03
7.220000e+01 0.000000e+00 6.278720e-03 6.278720e-03
7.230000e+01 0.000000e+00 6.260791e-03 6.260791e-03
7.240000e+01 0.000000e+00 6.242914e-03 6.242914e-03
7.250000e+01 0.000000e+00 6.225089e-03 6.225089e-03
7.260000e+01 0.000000e+00 6.207316e-03 6.207316e-03
7.270000e+01 0.000000e+00 6.189595e-03 6.189595e-03
7.280000e+01 0.000000e+00 6.171925e-03 6.171925e-03
7.290000e+01 0.000000e+00 6.154307e-03 6.154307e-03
7.300000e+01 0.000000e+00 6.136739e-03 6.136739e-03
7.310000e+01 0.000000e+00 6.119223e-03 6.119223e-03
7.320000e+01 0.000000e+00 6.101758e-03 6.101758e-03
7.330000e+01 0.000000e+00 6.084343e-03 6.084343e-03
7.340000e+01 0.000000e+00 6.066978e-03 6.066978e-03
7.350000e+01 0.000000e+00 6.049664e-03 6.049664e-03
7.360000e+01 0.000000e+00 6.032400e-03 6.032400e-03
7.370000e+01 0.000000e+00 6.015187e-03 6.015187e-03
7.380000e+01 0.000000e+00 5.998022e-03 5.998022e-03
7.390000e+01 0.000000e+00 5.980908e-03 5.980908e-03
7.400000e+01 0.000000e+00 5.963843e-03 5.963843e-03
7.410000e+01 0.000000e+00 5.946828e-03 5.946828e-03
7.420000e+01 0.000000e+00 5.929861e-03 5.929861e-03
7.430000e+01 0.000000e+00 5.912944e-03 5.912944e-03
7.440000e+01 0.000000e+00 5.896076e-03 5.896076e-03
7.450000e+01 0.000000e+00 5.879257e-03 5.879257e-03
7.460000e+01 0.000000e+00 5.862486e-03 5.862486e-03
7.470000e+01 0.000000e+00 5.845764e-03 5.845764e-03
7.480000e+01 0.000000e+00 5.829090e-03 5.829090e-03
7.490000e+01 0.000000e+00 5.812465e-03 5.812465e-03
7.500000e+01 0.000000e+00 5.795888e-03 5.795888e-03
7.510000e+01 0.000000e+00 5.779359e-03 5.779359e-03
7.520000e+01 0.000000e+00 5.762878e-03 5.762878e-03
7.530000e+01 0.000000e+00 5.746444e-03 5.746444e-03
7.540000e+01 0.000000e+00 5.730059e-03 5.730059e-03
7.550000e+01 0.000000e+00 5.713720e-03 5.713720e-03
7.560000e+01 0.000000e+00 5.697429e-03 5.697429e-03
7.570000e+01 0.000000e+00 5.681185e-03 5.681185e-03
7.580000e+01 0.000000e+00 5.664988e-03 5.664988e-03
7.590000e+01 0.000000e+00 5.648838e-03 5.648838e-03
7.600000e+01 0.000000e+00 5.632734e-03 5.632734e-03
7.610000e+01 0.000000e+00 5.616678e-03 5.616678e-03
7.620000e+01 0.000000e+00 5.600667e-03 5.600667e-03
7.630000e+01 0.000000e+00 5.584704e-03 5.584704e-03
7.640000e+01 0.000000e+00 5.568786e-03 5.568786e-03
7.650000e+01 0.000000e+00 5.552915e-03 5.552915e-03
7.660000e+01 0.000000e+00 5.537090e-03 5.537090e-03
7.670000e+01 0.000000e+00 5.521311e-03 5.521311e-03
7.680000e+01 0.000000e+00 5.505577e-03 5.505577e-03
7.690000e+01 0.000000e+00 5.489890e-03 5.489890e-03
7.700000e+01 0.000000e+00 5.474247e-03 5.474247e-03
7.710000e+01 0.000000e+00 5.458651e-03 5.458651e-03
7.720000e+01 0.000000e+00 5.443099e-03 5.443099e-03
7.730000e+01 0.000000e+00 5.427593e-03 5.427593e-03
7.740000e+01 0.000000e+00 5.412131e-03 5.412131e-03
7.750000e+01 0.000000e+00 5.396715e-03 5.396715e-03
7.760000e+01 0.000000e+00 5.381343e-03 5.381343e-03
7.770000e+01 0.000000e+00 5.366015e-03 5.366015e-03
7.780000e+01 0.000000e+00 5.350732e-03 5.350732e-03
7.790000e+01 0.000000e+00 5.335493e-03 5.335493e-03
7.800000e+01 0.000000e+00 5.320299e-03 5.320299e-03
7.810000e+01 0.000000e+00 5.305148e-03 5.305148e-03
7.820000e+01 0.000000e+00 5.290041e-03 5.290041e-03
7.830000e+01 0.000000e+00 5.274977e-03 5.274977e-03
7.840000e+01 0.000000e+00 5.259957e-03 5.259957e-03
7.850000e+01 0.000000e+00 5.244981e-03 5.244981e-03
7.860000e+01 0.000000e+00 5.230048e-03 5.230048e-03
7.870000e+01 0.000000e+00 5.215158e-03 5.215158e-03
7.880000e+01 0.000000e+00 5.200311e-03 5.200311e-03
7.890000e+01 0.000000e+00 5.185507e-03 5.185507e-03
7.900000e+01 0.000000e+00 5.170746e-03 5.170746e-03
7.910000e+01 0.000000e+00 5.156027e-03 5.156027e-03
7.920000e+01 0.000000e+00 5.141352e-03 5.141352e-03
7.930000e+01 0.000000e+00 5.126719e-03 5.126719e-03
7.940000e+01 0.000000e+00 5.112128e-03 5.112128e-03
7.950000e+01 0.000000e+00 5.097579e-03 5.097579e-03
7.960000e+01 0.000000e+00 5.083073e-03 5.083073e-03
7.970000e+01 0.000000e+00 5.068609e-03 5.068609e-03
7.980000e+01 0.000000e+00 5.054187e-03 5.054187e-03
7.990000e+01 0.000000e+00 5.039806e-03 5.039806e-03
8.000000e+01 0.000000e+00 5.025467e-03 5.025467e-03
8.010000e+01 0.000000e+00 5.011170e-03 5.011170e-03
8.020000e+01 0.000000e+00 4.996914e-03 4.996914e-03
8.030000e+01 0.000000e+00 4.982699e-03 4.982699e-03
8.040000e+01 0.000000e+00 4.968526e-03 4.968526e-03
8.050000e+01 0.000000e+00 4.954393e-03 4.954393e-03
8.060000e+01 0.000000e+00 4.940302e-03 4.940302e-03
8.070000e+01 0.000000e+00 4.926251e-03 4.926251e-03
8.080000e+01 0.000000e+00 4.912241e-03 4.912241e-03
8.090000e+01 0.000000e+00 4.898272e-03 4.898272e-03
8.100000e+01 0.000000e+00 4.884343e-03 4.884343e-03
8.110000e+01 0.000000e+00 4.870454e-03 4.870454e-03
8.120000e+01 0.000000e+00 4.856606e-03 4.856606e-03
8.130000e+01 0.000000e+00 4.842798e-03 4.842798e-03
8.140000e+01 0.000000e+00 4.829030e-03 4.829030e-03
8.150000e+01 0.000000e+00 4.815302e-03 4.815302e-03
8.160000e+01 0.000000e+00 4.801614e-03 4.801614e-03
8.170000e+01 0.000000e+00 4.787965e-03 4.787965e-03
8.180000e+01 0.000000e+00 4.774357e-03 4.774357e-03
8.190000e+01 0.000000e+00 4.760787e-03 4.760787e-03
8.200000e+01 0.000000e+00 4.747257e-03 4.747257e-03
8.210000e+01 0.000000e+00 4.733766e-03 4.733766e-03
8.220000e+01 0.000000e+00 4.720314e-03 4.720314e-03
8.230000e+01 0.000000e+00 4.706902e-03 4.706902e-03
8.240000e+01 0.000000e+00 4.693528e-03 4.693528e-03
8.250000e+01 0.000000e+00 4.680192e-03 4.680192e-03
8.260000e+01 0.000000e+00 4.666896e-03 4.666896e-03
8.270000e+01 0.000000e+00 4.653638e-03 4.653638e-03
8.280000e+01 0.000000e+00 4.640418e-03 4.640418e-03
8.290000e+01 0.000000e+00 4.627236e-03 4.627236e-03
8.300000e+01 0.000000e+00 4.614093e-03 4.614093e-03
8.310000e+01 0.000000e+00 4.600988e-03 4.600988e-03
8.320000e+01 0.000000e+00 4.587920e-03 4.587920e-03
8.330000e+01 0.000000e+00 4.574891e-03 4.574891e-03
8.340000e+01 0.000000e+00 4.561899e-03 4.561899e-03
8.350000e+01 0.000000e+00 4.548945e-03 4.548945e-03
8.360000e+01 0.000000e+00 4.536028e-03 4.536028e-03
8.370000e+01 0.000000e+00 4.523149e-03 4.523149e-03
8.380000e+01 0.000000e+00 4.510307e-03 4.510307e-03
8.390000e+01 0.000000e+00 4.497502e-03 4.497502e-03
8.400000e+01 0.000000e+00 4.484734e-03 4.484734e-03
8.410000e+01 0.000000e+00 4.472003e-03 4.472003e-03
8.420000e+01 0.000000e+00 4.459309e-03 4.459309e-03
8.430000e+01 0.000000e+00 4.446652e-03 4.446652e-03
8.440000e+01 0.000000e+00 4.434031e-03 4.434031e-03
8.450000e+01 0.000000e+00 4.421447e-03 4.421447e-03
8.460000e+01 0.000000e+00 4.408899e-03 4.408899e-03
8.470000e+01 0.000000e+00 4.396387e-03 4.396387e-03
8.480000e+01 0.000000e+00 4.383912e-03 4.383912e-03
8.490000e+01 0.000000e+00 4.371472e-03 4.371472e-03
8.500000e+01 0.000000e+00 4.359069e-03 4.359069e-03
8.510000e+01 0.000000e+00 4.346701e-03 4.346701e-03
8.520000e+01 0.000000e+00 4.334369e-03 4.334369e-03
8.530000e+01 0.000000e+00 4.322073e-03 4.322073e-03
8.540000e+01 0.000000e+00 4.309812e-03 4.309812e-03
8.550000e+01 0.000000e+00 4.297587e-03 4.297587e-03
8.560000e+01 0.000000e+00 4.285397e-03 4.285397e-03
8.570000e+01 0.000000e+00 4.273243e-03 4.273243e-03
8.580000e+01 0.000000e+00 4.261123e-03 4.261123e-03
8.590000e+01 0.000000e+00 4.249039e-03 4.249039e-03
8.600000e+01 0.000000e+00 4.236990e-03 4.236990e-03
8.610000e+01 0.000000e+00 4.224975e-03 4.224975e-03
8.620000e+01 0.000000e+00 4.212995e-03 4.212995e-03
8.630000e+01 0.000000e+00 4.201050e-03 4.201050e-03
8.640000e+01 0.000000e+00 4.189139e-03 4.189139e-03
8.650000e+01 0.000000e+00 4.177263e-03 4.177263e-03
8.660000e+01 0.000000e+00 4.165422e-03 4.165422e-03
8.670000e+01 0.000000e+00 4.153614e-03 4.153614e-03
8.680000e+01 0.000000e+00 4.141841e-03 4.141841e-03
8.690000e+01 0.000000e+00 4.130101e-03 4.130101e-03
8.700000e+01 0.000000e+00 4.118396e-03 4.118396e-03
8.710000e+01 0.000000e+00 4.106724e-03 4.106724e-03
8.720000e+01 0.000000e+00 4.095086e-03 4.095086e-03
8.730000e+01 0.000000e+00 4.083481e-03 4.083481e-03
8.740000e+01 0.000000e+00 4.071910e-03 4.071910e-03
8.750000e+01 0.000000e+00 4.060372e-03 4.060372e-03
8.760000e+01 0.000000e+00 4.048868e-03 4.048868e-03
8.770000e+01 0.000000e+00 4.037397e-03 4.037397e-03
8.780000e+01 0.000000e+00 4.025959e-03 4.025959e-03
8.790000e+01 0.000000e+00 4.014554e-03 4.014554e-03
8.800000e+01 0.000000e+00 4.003182e-03 4.003182e-03
8.810000e+01 0.000000e+00 3.991842e-03 3.991842e-03
8.820000e+01 0.000000e+00 3.980536e-03 3.980536e-03
8.830000e+01 0.000000e+00 3.969262e-03 3.969262e-03
8.840000e+01 0.000000e+00 3.958021e-03 3.958021e-03
8.850000e+01 0.000000e+00 3.946812e-03 3.946812e-03
8.860000e+01 0.000000e+00 3.935636e-03 3.935636e-03
8.870000e+01 0.000000e+00 3.924492e-03 3.924492e-03
8.880000e+01 0.000000e+00 3.913380e-03 3.913380e-03
8.890000e+01 0.000000e+00 3.902301e-03 3.902301e-03
8.900000e+01 0.000000e+00 3.891253e-03 3.891253e-03
8.910000e+01 0.000000e+00 3.880238e-03 3.880238e-03
8.920000e+01 0.000000e+00 3.869254e-03 3.869254e-03
8.930000e+01 0.000000e+00 3.858302e-03 3.858302e-03
8.940000e+01 0.000000e+00 3.847381e-03 3.847381e-03
8.950000e+01 0.000000e+00 3.836492e-03 3.836492e-03
8.960000e+01 0.000000e+00 3.825635e-03 3.825635e-03
8.970000e+01 0.000000e+00 3.814809e-03 3.814809e-03
8.980000e+01 0.000000e+00 3.804014e-03 3.804014e-03
8.990000e+01 0.000000e+00 3.793251e-03 3.793251e-03
9.000000e+01 0.000000e+00 3.782518e-03 3.782518e-03
9.010000e+01 0.000000e+00 3.771817e-03 3.771817e-03
9.020000e+01 0.000000e+00 3.761146e-03 3.761146e-03
9.030000e+01 0.000000e+00 3.750507e-03 3.750507e-03
9.040000e+01 0.000000e+00 3.739898e-03 3.739898e-03
9.050000e+01 0.000000e+00 3.729320e-03 3.729320e-03
9.060000e+01 0.000000e+00 3.718773e-03 3.718773e-03
9.070000e+01 0.000000e+00 3.708256e-03 3.708256e-03
9.080000e+01 0.000000e+00 3.697769e-03 3.697769e-03
9.090000e+01 0.000000e+00 3.687313e-03 3.687313e-03
9.100000e+01 0.000000e+00 3.676887e-03 3.676887e-03
9.110000e+01 0.000000e+00 3.666492e-03 3.666492e-03
9.120000e+01 0.000000e+00 3.656126e-03 3.656126e-03
9.130000e+01 0.000000e+00 3.645791e-03 3.645791e-03
9.140000e+01 0.000000e+00 3.635486e-03 3.635486e-03
9.150000e+01 0.000000e+00 3.625210e-03 3.625210e-03
9.160000e+01 0.000000e+00 3.614964e-03 3.614964e-03
9.170000e+01 0.000000e+00 3.604747e-03 3.604747e-03
9.180000e+01 0.000000e+00 3.594561e-03 3.594561e-03
9.190000e+01 0.000000e+00 3.584403e-03 3.584403e-03
9.200000e+01 0.000000e+00 3.574275e-03 3.574275e-03
9.210000e+01 0.000000e+00 3.564176e-03 3.564176e-03
9.220000e+01 0.000000e+00 3.554107e-03 3.554107e-03
9.230000e+01 0.000000e+00 3.544066e-03 3.544066e-03
9.240000e+01 0.000000e+00 3.534054e-03 3.534054e-03
9.250000e+01 0.000000e+00 3.524071e-03 3.524071e-03
9.260000e+01 0.000000e+00 3.514117e-03 3.514117e-03
9.270000e+01 0.000000e+00 3.504192e-03 3.504192e-03
9.280000e+01 0.000000e+00 3.494295e-03 3.494295e-03
9.290000e+01 0.000000e+00 3.484427e-03 3.484427e-03
9.300000e+01 0.000000e+00 3.474587e-03 3.474587e-03
9.310000e+01 0.000000e+00 3.464776e-03 3.464776e-03
9.320000e+01 0.000000e+00 3.454993e-03 3.454993e-03
9.330000e+01 0.000000e+00 3.445238e-03 3.445238e-03
9.340000e+01 0.000000e+00 3.435512e-03 3.435512e-03
9.350000e+01 0.000000e+00 3.425813e-03 3.425813e-03
9.360000e+01 0.000000e+00 3.416143e-03 3.416143e-03
9.370000e+01 0.000000e+00 3.406500e-03 3.406500e-03
9.380000e+01 0.000000e+00 3.396885e-03 3.396885e-03
9.390000e+01 0.000000e+00 3.387299e-03 3.387299e-03
9.400000e+01 0.000000e+00 3.377739e-03 3.377739e-03
9.410000e+01 0.000000e+00 3.368208e-03 3.368208e-03
9.420000e+01 0.000000e+00 3.358704e-03 3.358704e-03
9.430000e+01 0.000000e+00 3.349227e-03 3.349227e-03
9.440000e+01 0.000000e+00 3.339778e-03 3.339778e-03
9.450000e+01 0.000000e+00 3.330356e-03 3.330356e-03
9.460000e+01 0.000000e+00 3.320961e-03 3.320961e-03
9.470000e+01 0.000000e+00 3.311594e-03 3.311594e-03
9.480000e+01 0.000000e+00 3.302253e-03 3.302253e-03
9.490000e+01 0.000000e+00 3.292940e-03 3.292940e-03
9.500000e+01 0.000000e+00 3.283653e-03 3.283653e-03
9.510000e+01 0.000000e+00 3.274394e-03 3.274394e-03
9.520000e+01 0.000000e+00 3.265161e-03 3.265161e-03
9.530000e+01 0.000000e+00 3.255954e-03 3.255954e-03
9.540000e+01 0.000000e+00 3.246774e-03 3.246774e-03
9.550000e+01 0.000000e+00 3.237621e-03 3.237621e-03
9.560000e+01 0.000000e+00 3.228494e-03 3.228494e-03
9.570000e+01 0.000000e+00 3.219394e-03 3.219394e-03
9.580000e+01 0.000000e+00 3.210320e-03 3.210320e-03
9.590000e+01 0.000000e+00 3.201272e-03 3.201272e-03
9.600000e+01 0.000000e+00 3.192250e-03 3.192250e-03
9.610000e+01 0.000000e+00 3.183254e-03 3.183254e-03
9.620000e+01 0.000000e+00 3.174284e-03 3.174284e-03
9.630000e+01 0.000000e+00 3.165340e-03 3.165340e-03
9.640000e+01 0.000000e+00 3.156422e-03 3.156422e-03
9.650000e+01 0.000000e+00 3.147530e-03 3.147530e-03
9.660000e+01 0.000000e+00 3.138663e-03 3.138663e-03
9.670000e+01 0.000000e+00 3.129822e-03 3.129822e-03
9.680000e+01 0.000000e+00 3.121006e-03 3.121006e-03
9.690000e+01 0.000000e+00 3.112216e-03 3.112216e-03
9.700000e+01 0.000000e+00 3.103451e-03 3.103451e-03
9.710000e+01 0.000000e+00 3.094712e-03 3.094712e-03
9.720000e+01 0.000000e+00 3.085997e-03 3.085997e-03
9.730000e+01 0.000000e+00 3.077308e-03 3.077308e-03
9.740000e+01 0.000000e+00 3.068644e-03 3.068644e-03
9.750000e+01 0.000000e+00 3.060004e-03 3.060004e-03
9.760000e+01 0.000000e+00 3.051390e-03 3.051390e-03
9.770000e+01 0.000000e+00 3.042800e-03 3.042800e-03
9.780000e+01 0.000000e+00 3.034235e-03 3.034235e-03
9.790000e+01 0.000000e+00 3.025695e-03 3.025695e-03
9.800000e+01 0.000000e+00 3.017179e-03 3.017179e-03
9.810000e+01 0.000000e+00 3.008688e-03 3.008688e-03
9.820000e+01 0.000000e+00 3.000221e-03 3.000221e-03
9.830000e+01 0.000000e+00 2.991778e-03 2.991778e-03
9.840000e+01 0.000000e+00 2.983360e-03 2.983360e-03
9.850000e+01 0.000000e+00 2.974966e-03 2.974966e-03
9.860000e+01 0.000000e+00 2.966597e-03 2.966597e-03
9.870000e+01 0.000000e+00 2.958251e-03 2.958251e-03
9.880000e+01 0.000000e+00 2.949929e-03 2.949929e-03
9.890000e+01 0.000000e+00 2.941632e-03 2.941632e-03
9.900000e+01 0.000000e+00 2.933358e-03 2.933358e-03
9.910000e+01 0.000000e+00 2.925108e-03 2.925108e-03
9.920000e+01 0.000000e+00 2.916882e-03 2.916882e-03
9.930000e+01 0.000000e+00 2.908680e-03 2.908680e-03
9.940000e+01 0.000000e+00 2.900501e-03 2.900501e-03
9.950000e+01 0.000000e+00 2.892346e-03 2.892346e-03
9.960000e+01 0.000000e+00 2.884214e-03 2.884214e-03
9.970000e+01 0.000000e+00 2.876106e-03 2.876106e-03
9.980000e+01 0.000000e+00 2.868021e-03 2.868021e-03
9.990000e+01 0.000000e+00 2.859959e-03 2.859959e-03
1.000000e+02 0.000000e+00 2.851920e-03 2.851920e-03
