# # chi(t) for Pe = 25, beta = 0.1, bridge_width = 1.0
# # Columns: time, chi, I_T (signed), I_|T| (unsigned)
0.000000e+00 0.000000e+00 7.671023e-02 7.671023e-02
1.000000e-01 0.000000e+00 7.999615e-02 7.999615e-02
2.000000e-01 0.000000e+00 8.002675e-02 8.002675e-02
3.000000e-01 1.500000e-06 8.003680e-02 8.003692e-02
4.000000e-01 6.500000e-06 8.004801e-02 8.004853e-02
5.000000e-01 2.300000e-06 8.005931e-02 8.005949e-02
6.000000e-01 0.000000e+00 8.006819e-02 8.006819e-02
7.000000e-01 0.000000e+00 8.007075e-02 8.007075e-02
8.000000e-01 0.000000e+00 8.006304e-02 8.006304e-02
9.000000e-01 0.000000e+00 8.004180e-02 8.004180e-02
1.000000e+00 0.000000e+00 8.000475e-02 8.000475e-02
1.100000e+00 0.000000e+00 7.995051e-02 7.995051e-02
1.200000e+00 0.000000e+00 7.987832e-02 7.987832e-02
1.300000e+00 0.000000e+00 7.978793e-02 7.978793e-02
1.400000e+00 0.000000e+00 7.967944e-02 7.967944e-02
1.500000e+00 0.000000e+00 7.955320e-02 7.955320e-02
1.600000e+00 0.000000e+00 7.940984e-02 7.940984e-02
1.700000e+00 0.000000e+00 7.925010e-02 7.925010e-02
1.800000e+00 0.000000e+00 7.907488e-02 7.907488e-02
1.900000e+00 0.000000e+00 7.888511e-02 7.888511e-02
2.000000e+00 0.000000e+00 7.868179e-02 7.868179e-02
2.100000e+00 0.000000e+00 7.846591e-02 7.846591e-02
2.200000e+00 0.000000e+00 7.823845e-02 7.823845e-02
2.300000e+00 0.000000e+00 7.800036e-02 7.800036e-02
2.400000e+00 0.000000e+00 7.775256e-02 7.775256e-02
2.500000e+00 0.000000e+00 7.749594e-02 7.749594e-02
2.600000e+00 0.000000e+00 7.723132e-02 7.723132e-02
2.700000e+00 0.000000e+00 7.695949e-02 7.695949e-02
2.800000e+00 0.000000e+00 7.668120e-02 7.668120e-02
2.900000e+00 0.000000e+00 7.639713e-02 7.639713e-02
3.000000e+00 0.000000e+00 7.610794e-02 7.610794e-02
3.100000e+00 0.000000e+00 7.581424e-02 7.581424e-02
3.200000e+00 0.000000e+00 7.551658e-02 7.551658e-02
3.300000e+00 0.000000e+00 7.521551e-02 7.521551e-02
3.400000e+00 0.000000e+00 7.491149e-02 7.491149e-02
3.500000e+00 0.000000e+00 7.460499e-02 7.460499e-02
3.600000e+00 0.000000e+00 7.429643e-02 7.429643e-02
3.700000e+00 0.000000e+00 7.398620e-02 7.398620e-02
3.800000e+00 0.000000e+00 7.367465e-02 7.367465e-02
3.900000e+00 0.000000e+00 7.336211e-02 7.336211e-02
4.000000e+00 0.000000e+00 7.304890e-02 7.304890e-02
4.100000e+00 0.000000e+00 7.273529e-02 7.273529e-02
4.200000e+00 0.000000e+00 7.242155e-02 7.242155e-02
4.300000e+00 0.000000e+00 7.210791e-02 7.210791e-02
4.400000e+00 0.000000e+00 7.179459e-02 7.179459e-02
4.500000e+00 0.000000e+00 7.148179e-02 7.148179e-02
4.600000e+00 0.000000e+00 7.116970e-02 7.116970e-02
4.700000e+00 0.000000e+00 7.085849e-02 7.085849e-02
4.800000e+00 0.000000e+00 7.054831e-02 7.054831e-02
4.900000e+00 0.000000e+00 7.023929e-02 7.023929e-02
5.000000e+00 0.000000e+00 6.993158e-02 6.993158e-02
5.100000e+00 0.000000e+00 6.962528e-02 6.962528e-02
5.200000e+00 0.000000e+00 6.932050e-02 6.932050e-02
5.300000e+00 0.000000e+00 6.901734e-02 6.901734e-02
5.400000e+00 0.000000e+00 6.871587e-02 6.871587e-02
5.500000e+00 0.000000e+00 6.841619e-02 6.841619e-02
5.600000e+00 0.000000e+00 6.811835e-02 6.811835e-02
5.700000e+00 0.000000e+00 6.782242e-02 6.782242e-02
5.800000e+00 0.000000e+00 6.752845e-02 6.752845e-02
5.900000e+00 0.000000e+00 6.723650e-02 6.723650e-02
6.000000e+00 0.000000e+00 6.694661e-02 6.694661e-02
6.100000e+00 0.000000e+00 6.665882e-02 6.665882e-02
6.200000e+00 0.000000e+00 6.637315e-02 6.637315e-02
6.300000e+00 0.000000e+00 6.608964e-02 6.608964e-02
6.400000e+00 0.000000e+00 6.580831e-02 6.580831e-02
6.500000e+00 0.000000e+00 6.552919e-02 6.552919e-02
6.600000e+00 0.000000e+00 6.525228e-02 6.525228e-02
6.700000e+00 0.000000e+00 6.497760e-02 6.497760e-02
6.800000e+00 0.000000e+00 6.470517e-02 6.470517e-02
6.900000e+00 0.000000e+00 6.443498e-02 6.443498e-02
7.000000e+00 0.000000e+00 6.416704e-02 6.416704e-02
7.100000e+00 0.000000e+00 6.390136e-02 6.390136e-02
7.200000e+00 0.000000e+00 6.363793e-02 6.363793e-02
7.300000e+00 0.000000e+00 6.337675e-02 6.337675e-02
7.400000e+00 0.000000e+00 6.311782e-02 6.311782e-02
7.500000e+00 0.000000e+00 6.286114e-02 6.286114e-02
7.600000e+00 0.000000e+00 6.260669e-02 6.260669e-02
7.700000e+00 0.000000e+00 6.235446e-02 6.235446e-02
7.800000e+00 0.000000e+00 6.210445e-02 6.210445e-02
7.900000e+00 0.000000e+00 6.185664e-02 6.185664e-02
8.000000e+00 0.000000e+00 6.161103e-02 6.161103e-02
8.100000e+00 0.000000e+00 6.136759e-02 6.136759e-02
8.200000e+00 0.000000e+00 6.112632e-02 6.112632e-02
8.300000e+00 0.000000e+00 6.088720e-02 6.088720e-02
8.400000e+00 0.000000e+00 6.065021e-02 6.065021e-02
8.500000e+00 0.000000e+00 6.041534e-02 6.041534e-02
8.600000e+00 0.000000e+00 6.018257e-02 6.018257e-02
8.700000e+00 0.000000e+00 5.995188e-02 5.995188e-02
8.800000e+00 0.000000e+00 5.972327e-02 5.972327e-02
8.900000e+00 0.000000e+00 5.949670e-02 5.949670e-02
9.000000e+00 0.000000e+00 5.927216e-02 5.927216e-02
9.100000e+00 0.000000e+00 5.904964e-02 5.904964e-02
9.200000e+00 0.000000e+00 5.882911e-02 5.882911e-02
9.300000e+00 0.000000e+00 5.861055e-02 5.861055e-02
9.400000e+00 0.000000e+00 5.839394e-02 5.839394e-02
9.500000e+00 0.000000e+00 5.817927e-02 5.817927e-02
9.600000e+00 0.000000e+00 5.796651e-02 5.796651e-02
9.700000e+00 0.000000e+00 5.775565e-02 5.775565e-02
9.800000e+00 0.000000e+00 5.754666e-02 5.754666e-02
9.900000e+00 0.000000e+00 5.733952e-02 5.733952e-02
1.000000e+01 0.000000e+00 5.713422e-02 5.713422e-02
1.010000e+01 0.000000e+00 5.693074e-02 5.693074e-02
1.020000e+01 0.000000e+00 5.672906e-02 5.672906e-02
1.030000e+01 0.000000e+00 5.652914e-02 5.652914e-02
1.040000e+01 0.000000e+00 5.633099e-02 5.633099e-02
1.050000e+01 0.000000e+00 5.613457e-02 5.613457e-02
1.060000e+01 0.000000e+00 5.593987e-02 5.593987e-02
1.070000e+01 0.000000e+00 5.574686e-02 5.574686e-02
1.080000e+01 0.000000e+00 5.555553e-02 5.555553e-02
1.090000e+01 0.000000e+00 5.536586e-02 5.536586e-02
1.100000e+01 0.000000e+00 5.517783e-02 5.517783e-02
1.110000e+01 0.000000e+00 5.499141e-02 5.499141e-02
1.120000e+01 0.000000e+00 5.480660e-02 5.480660e-02
1.130000e+01 0.000000e+00 5.462337e-02 5.462337e-02
1.140000e+01 0.000000e+00 5.444170e-02 5.444170e-02
1.150000e+01 0.000000e+00 5.426158e-02 5.426158e-02
1.160000e+01 0.000000e+00 5.408298e-02 5.408298e-02
1.170000e+01 0.000000e+00 5.390590e-02 5.390590e-02
1.180000e+01 0.000000e+00 5.373031e-02 5.373031e-02
1.190000e+01 0.000000e+00 5.355619e-02 5.355619e-02
1.200000e+01 0.000000e+00 5.338353e-02 5.338353e-02
1.210000e+01 0.000000e+00 5.321232e-02 5.321232e-02
1.220000e+01 0.000000e+00 5.304252e-02 5.304252e-02
1.230000e+01 0.000000e+00 5.287414e-02 5.287414e-02
1.240000e+01 0.000000e+00 5.270714e-02 5.270714e-02
1.250000e+01 0.000000e+00 5.254152e-02 5.254152e-02
1.260000e+01 0.000000e+00 5.237726e-02 5.237726e-02
1.270000e+01 0.000000e+00 5.221433e-02 5.221433e-02
1.280000e+01 0.000000e+00 5.205273e-02 5.205273e-02
1.290000e+01 0.000000e+00 5.189245e-02 5.189245e-02
1.300000e+01 0.000000e+00 5.173345e-02 5.173345e-02
1.310000e+01 0.000000e+00 5.157573e-02 5.157573e-02
1.320000e+01 0.000000e+00 5.141928e-02 5.141928e-02
1.330000e+01 0.000000e+00 5.126407e-02 5.126407e-02
1.340000e+01 0.000000e+00 5.111010e-02 5.111010e-02
1.350000e+01 0.000000e+00 5.095734e-02 5.095734e-02
1.360000e+01 0.000000e+00 5.080579e-02 5.080579e-02
1.370000e+01 0.000000e+00 5.065542e-02 5.065542e-02
1.380000e+01 0.000000e+00 5.050623e-02 5.050623e-02
1.390000e+01 0.000000e+00 5.035821e-02 5.035821e-02
1.400000e+01 0.000000e+00 5.021132e-02 5.021132e-02
1.410000e+01 0.000000e+00 5.006558e-02 5.006558e-02
1.420000e+01 0.000000e+00 4.992095e-02 4.992095e-02
1.430000e+01 0.000000e+00 4.977743e-02 4.977743e-02
1.440000e+01 0.000000e+00 4.963501e-02 4.963501e-02
1.450000e+01 0.000000e+00 4.949367e-02 4.949367e-02
1.460000e+01 0.000000e+00 4.935340e-02 4.935340e-02
1.470000e+01 0.000000e+00 4.921419e-02 4.921419e-02
1.480000e+01 0.000000e+00 4.907602e-02 4.907602e-02
1.490000e+01 0.000000e+00 4.893889e-02 4.893889e-02
1.500000e+01 0.000000e+00 4.880278e-02 4.880278e-02
1.510000e+01 0.000000e+00 4.866768e-02 4.866768e-02
1.520000e+01 0.000000e+00 4.853358e-02 4.853358e-02
1.530000e+01 0.000000e+00 4.840047e-02 4.840047e-02
1.540000e+01 0.000000e+00 4.826833e-02 4.826833e-02
1.550000e+01 0.000000e+00 4.813716e-02 4.813716e-02
1.560000e+01 0.000000e+00 4.800694e-02 4.800694e-02
1.570000e+01 0.000000e+00 4.787766e-02 4.787766e-02
1.580000e+01 0.000000e+00 4.774932e-02 4.774932e-02
1.590000e+01 0.000000e+00 4.762190e-02 4.762190e-02
1.600000e+01 0.000000e+00 4.749539e-02 4.749539e-02
1.610000e+01 0.000000e+00 4.736978e-02 4.736978e-02
1.620000e+01 0.000000e+00 4.724506e-02 4.724506e-02
1.630000e+01 0.000000e+00 4.712122e-02 4.712122e-02
1.640000e+01 0.000000e+00 4.699826e-02 4.699826e-02
1.650000e+01 0.000000e+00 4.687615e-02 4.687615e-02
1.660000e+01 0.000000e+00 4.675490e-02 4.675490e-02
1.670000e+01 0.000000e+00 4.663449e-02 4.663449e-02
1.680000e+01 0.000000e+00 4.651491e-02 4.651491e-02
1.690000e+01 0.000000e+00 4.639615e-02 4.639615e-02
1.700000e+01 0.000000e+00 4.627821e-02 4.627821e-02
1.710000e+01 0.000000e+00 4.616107e-02 4.616107e-02
1.720000e+01 0.000000e+00 4.604473e-02 4.604473e-02
1.730000e+01 0.000000e+00 4.592918e-02 4.592918e-02
1.740000e+01 0.000000e+00 4.581440e-02 4.581440e-02
1.750000e+01 0.000000e+00 4.570040e-02 4.570040e-02
1.760000e+01 0.000000e+00 4.558716e-02 4.558716e-02
1.770000e+01 0.000000e+00 4.547467e-02 4.547467e-02
1.780000e+01 0.000000e+00 4.536292e-02 4.536292e-02
1.790000e+01 0.000000e+00 4.525191e-02 4.525191e-02
1.800000e+01 0.000000e+00 4.514164e-02 4.514164e-02
1.810000e+01 0.000000e+00 4.503209e-02 4.503209e-02
1.820000e+01 0.000000e+00 4.492325e-02 4.492325e-02
1.830000e+01 0.000000e+00 4.481512e-02 4.481512e-02
1.840000e+01 0.000000e+00 4.470769e-02 4.470769e-02
1.850000e+01 0.000000e+00 4.460095e-02 4.460095e-02
1.860000e+01 0.000000e+00 4.449490e-02 4.449490e-02
1.870000e+01 0.000000e+00 4.438953e-02 4.438953e-02
1.880000e+01 0.000000e+00 4.428482e-02 4.428482e-02
1.890000e+01 0.000000e+00 4.418078e-02 4.418078e-02
1.900000e+01 0.000000e+00 4.407740e-02 4.407740e-02
1.910000e+01 0.000000e+00 4.397466e-02 4.397466e-02
1.920000e+01 0.000000e+00 4.387257e-02 4.387257e-02
1.930000e+01 0.000000e+00 4.377111e-02 4.377111e-02
1.940000e+01 0.000000e+00 4.367028e-02 4.367028e-02
1.950000e+01 0.000000e+00 4.357008e-02 4.357008e-02
1.960000e+01 0.000000e+00 4.347048e-02 4.347048e-02
1.970000e+01 0.000000e+00 4.337150e-02 4.337150e-02
1.980000e+01 0.000000e+00 4.327312e-02 4.327312e-02
1.990000e+01 0.000000e+00 4.317534e-02 4.317534e-02
2.000000e+01 0.000000e+00 4.307815e-02 4.307815e-02
2.010000e+01 0.000000e+00 4.298154e-02 4.298154e-02
2.020000e+01 0.000000e+00 4.288551e-02 4.288551e-02
2.030000e+01 0.000000e+00 4.279005e-02 4.279005e-02
2.040000e+01 0.000000e+00 4.269515e-02 4.269515e-02
2.050000e+01 0.000000e+00 4.260082e-02 4.260082e-02
2.060000e+01 0.000000e+00 4.250704e-02 4.250704e-02
2.070000e+01 0.000000e+00 4.241381e-02 4.241381e-02
2.080000e+01 0.000000e+00 4.232112e-02 4.232112e-02
2.090000e+01 0.000000e+00 4.222897e-02 4.222897e-02
2.100000e+01 0.000000e+00 4.213736e-02 4.213736e-02
2.110000e+01 0.000000e+00 4.204627e-02 4.204627e-02
2.120000e+01 0.000000e+00 4.195571e-02 4.195571e-02
2.130000e+01 0.000000e+00 4.186566e-02 4.186566e-02
2.140000e+01 0.000000e+00 4.177612e-02 4.177612e-02
2.150000e+01 0.000000e+00 4.168710e-02 4.168710e-02
2.160000e+01 0.000000e+00 4.159857e-02 4.159857e-02
2.170000e+01 0.000000e+00 4.151055e-02 4.151055e-02
2.180000e+01 0.000000e+00 4.142301e-02 4.142301e-02
2.190000e+01 0.000000e+00 4.133597e-02 4.133597e-02
2.200000e+01 0.000000e+00 4.124941e-02 4.124941e-02
2.210000e+01 0.000000e+00 4.116332e-02 4.116332e-02
2.220000e+01 0.000000e+00 4.107771e-02 4.107771e-02
2.230000e+01 0.000000e+00 4.099257e-02 4.099257e-02
2.240000e+01 0.000000e+00 4.090789e-02 4.090789e-02
2.250000e+01 0.000000e+00 4.082367e-02 4.082367e-02
2.260000e+01 0.000000e+00 4.073991e-02 4.073991e-02
2.270000e+01 0.000000e+00 4.065659e-02 4.065659e-02
2.280000e+01 0.000000e+00 4.057373e-02 4.057373e-02
2.290000e+01 0.000000e+00 4.049130e-02 4.049130e-02
2.300000e+01 0.000000e+00 4.040932e-02 4.040932e-02
2.310000e+01 0.000000e+00 4.032776e-02 4.032776e-02
2.320000e+01 0.000000e+00 4.024664e-02 4.024664e-02
2.330000e+01 0.000000e+00 4.016595e-02 4.016595e-02
2.340000e+01 0.000000e+00 4.008568e-02 4.008568e-02
2.350000e+01 0.000000e+00 4.000582e-02 4.000582e-02
2.360000e+01 0.000000e+00 3.992638e-02 3.992638e-02
2.370000e+01 0.000000e+00 3.984735e-02 3.984735e-02
2.380000e+01 0.000000e+00 3.976873e-02 3.976873e-02
2.390000e+01 0.000000e+00 3.969051e-02 3.969051e-02
2.400000e+01 0.000000e+00 3.961269e-02 3.961269e-02
2.410000e+01 0.000000e+00 3.953527e-02 3.953527e-02
2.420000e+01 0.000000e+00 3.945823e-02 3.945823e-02
2.430000e+01 0.000000e+00 3.938158e-02 3.938158e-02
2.440000e+01 0.000000e+00 3.930532e-02 3.930532e-02
2.450000e+01 0.000000e+00 3.922943e-02 3.922943e-02
2.460000e+01 0.000000e+00 3.915392e-02 3.915392e-02
2.470000e+01 0.000000e+00 3.907879e-02 3.907879e-02
2.480000e+01 0.000000e+00 3.900402e-02 3.900402e-02
2.490000e+01 0.000000e+00 3.892962e-02 3.892962e-02
2.500000e+01 0.000000e+00 3.885558e-02 3.885558e-02
2.510000e+01 0.000000e+00 3.878190e-02 3.878190e-02
2.520000e+01 0.000000e+00 3.870858e-02 3.870858e-02
2.530000e+01 0.000000e+00 3.863561e-02 3.863561e-02
2.540000e+01 0.000000e+00 3.856299e-02 3.856299e-02
2.550000e+01 0.000000e+00 3.849071e-02 3.849071e-02
2.560000e+01 0.000000e+00 3.841878e-02 3.841878e-02
2.570000e+01 0.000000e+00 3.834719e-02 3.834719e-02
2.580000e+01 0.000000e+00 3.827594e-02 3.827594e-02
2.590000e+01 0.000000e+00 3.820502e-02 3.820502e-02
2.600000e+01 0.000000e+00 3.813444e-02 3.813444e-02
2.610000e+01 0.000000e+00 3.806418e-02 3.806418e-02
2.620000e+01 0.000000e+00 3.799425e-02 3.799425e-02
2.630000e+01 0.000000e+00 3.792464e-02 3.792464e-02
2.640000e+01 0.000000e+00 3.785535e-02 3.785535e-02
2.650000e+01 0.000000e+00 3.778638e-02 3.778638e-02
2.660000e+01 0.000000e+00 3.771772e-02 3.771772e-02
2.670000e+01 0.000000e+00 3.764937e-02 3.764937e-02
2.680000e+01 0.000000e+00 3.758133e-02 3.758133e-02
2.690000e+01 0.000000e+00 3.751359e-02 3.751359e-02
2.700000e+01 0.000000e+00 3.744616e-02 3.744616e-02
2.710000e+01 0.000000e+00 3.737903e-02 3.737903e-02
2.720000e+01 0.000000e+00 3.731219e-02 3.731219e-02
2.730000e+01 0.000000e+00 3.724565e-02 3.724565e-02
2.740000e+01 0.000000e+00 3.717940e-02 3.717940e-02
2.750000e+01 0.000000e+00 3.711344e-02 3.711344e-02
2.760000e+01 0.000000e+00 3.704776e-02 3.704776e-02
2.770000e+01 0.000000e+00 3.698237e-02 3.698237e-02
2.780000e+01 0.000000e+00 3.691726e-02 3.691726e-02
2.790000e+01 0.000000e+00 3.685243e-02 3.685243e-02
2.800000e+01 0.000000e+00 3.678788e-02 3.678788e-02
2.810000e+01 0.000000e+00 3.672360e-02 3.672360e-02
2.820000e+01 0.000000e+00 3.665959e-02 3.665959e-02
2.830000e+01 0.000000e+00 3.659585e-02 3.659585e-02
2.840000e+01 0.000000e+00 3.653238e-02 3.653238e-02
2.850000e+01 0.000000e+00 3.646917e-02 3.646917e-02
2.860000e+01 0.000000e+00 3.640622e-02 3.640622e-02
2.870000e+01 0.000000e+00 3.634354e-02 3.634354e-02
2.880000e+01 0.000000e+00 3.628112e-02 3.628112e-02
2.890000e+01 0.000000e+00 3.621895e-02 3.621895e-02
2.900000e+01 0.000000e+00 3.615703e-02 3.615703e-02
2.910000e+01 0.000000e+00 3.609537e-02 3.609537e-02
2.920000e+01 0.000000e+00 3.603396e-02 3.603396e-02
2.930000e+01 0.000000e+00 3.597280e-02 3.597280e-02
2.940000e+01 0.000000e+00 3.591189e-02 3.591189e-02
2.950000e+01 0.000000e+00 3.585122e-02 3.585122e-02
2.960000e+01 0.000000e+00 3.579079e-02 3.579079e-02
2.970000e+01 0.000000e+00 3.573060e-02 3.573060e-02
2.980000e+01 0.000000e+00 3.567065e-02 3.567065e-02
2.990000e+01 0.000000e+00 3.561093e-02 3.561093e-02
3.000000e+01 0.000000e+00 3.555145e-02 3.555145e-02
3.010000e+01 0.000000e+00 3.549220e-02 3.549220e-02
3.020000e+01 0.000000e+00 3.543318e-02 3.543318e-02
3.030000e+01 0.000000e+00 3.537439e-02 3.537439e-02
3.040000e+01 0.000000e+00 3.531583e-02 3.531583e-02
3.050000e+01 0.000000e+00 3.525749e-02 3.525749e-02
3.060000e+01 0.000000e+00 3.519937e-02 3.519937e-02
3.070000e+01 0.000000e+00 3.514147e-02 3.514147e-02
3.080000e+01 0.000000e+00 3.508379e-02 3.508379e-02
3.090000e+01 0.000000e+00 3.502633e-02 3.502633e-02
3.100000e+01 0.000000e+00 3.496908e-02 3.496908e-02
3.110000e+01 0.000000e+00 3.491205e-02 3.491205e-02
3.120000e+01 0.000000e+00 3.485522e-02 3.485522e-02
3.130000e+01 0.000000e+00 3.479861e-02 3.479861e-02
3.140000e+01 0.000000e+00 3.474221e-02 3.474221e-02
3.150000e+01 0.000000e+00 3.468601e-02 3.468601e-02
3.160000e+01 0.000000e+00 3.463002e-02 3.463002e-02
3.170000e+01 0.000000e+00 3.457423e-02 3.457423e-02
3.180000e+01 0.000000e+00 3.451865e-02 3.451865e-02
3.190000e+01 0.000000e+00 3.446326e-02 3.446326e-02
3.200000e+01 0.000000e+00 3.440808e-02 3.440808e-02
3.210000e+01 0.000000e+00 3.435309e-02 3.435309e-02
3.220000e+01 0.000000e+00 3.429829e-02 3.429829e-02
3.230000e+01 0.000000e+00 3.424369e-02 3.424369e-02
3.240000e+01 0.000000e+00 3.418929e-02 3.418929e-02
3.250000e+01 0.000000e+00 3.413507e-02 3.413507e-02
3.260000e+01 0.000000e+00 3.408104e-02 3.408104e-02
3.270000e+01 0.000000e+00 3.402720e-02 3.402720e-02
3.280000e+01 0.000000e+00 3.397354e-02 3.397354e-02
3.290000e+01 0.000000e+00 3.392007e-02 3.392007e-02
3.300000e+01 0.000000e+00 3.386678e-02 3.386678e-02
3.310000e+01 0.000000e+00 3.381368e-02 3.381368e-02
3.320000e+01 0.000000e+00 3.376075e-02 3.376075e-02
3.330000e+01 0.000000e+00 3.370800e-02 3.370800e-02
3.340000e+01 0.000000e+00 3.365543e-02 3.365543e-02
3.350000e+01 0.000000e+00 3.360304e-02 3.360304e-02
3.360000e+01 0.000000e+00 3.355082e-02 3.355082e-02
3.370000e+01 0.000000e+00 3.349878e-02 3.349878e-02
3.380000e+01 0.000000e+00 3.344691e-02 3.344691e-02
3.390000e+01 0.000000e+00 3.339521e-02 3.339521e-02
3.400000e+01 0.000000e+00 3.334368e-02 3.334368e-02
3.410000e+01 0.000000e+00 3.329232e-02 3.329232e-02
3.420000e+01 0.000000e+00 3.324113e-02 3.324113e-02
3.430000e+01 0.000000e+00 3.319011e-02 3.319011e-02
3.440000e+01 0.000000e+00 3.313925e-02 3.313925e-02
3.450000e+01 0.000000e+00 3.308856e-02 3.308856e-02
3.460000e+01 0.000000e+00 3.303803e-02 3.303803e-02
3.470000e+01 0.000000e+00 3.298765e-02 3.298765e-02
3.480000e+01 0.000000e+00 3.293744e-02 3.293744e-02
3.490000e+01 0.000000e+00 3.288739e-02 3.288739e-02
3.500000e+01 0.000000e+00 3.283750e-02 3.283750e-02
3.510000e+01 0.000000e+00 3.278776e-02 3.278776e-02
3.520000e+01 0.000000e+00 3.273818e-02 3.273818e-02
3.530000e+01 0.000000e+00 3.268875e-02 3.268875e-02
3.540000e+01 0.000000e+00 3.263947e-02 3.263947e-02
3.550000e+01 0.000000e+00 3.259034e-02 3.259034e-02
3.560000e+01 0.000000e+00 3.254137e-02 3.254137e-02
3.570000e+01 0.000000e+00 3.249255e-02 3.249255e-02
3.580000e+01 0.000000e+00 3.244387e-02 3.244387e-02
3.590000e+01 0.000000e+00 3.239534e-02 3.239534e-02
3.600000e+01 0.000000e+00 3.234696e-02 3.234696e-02
3.610000e+01 0.000000e+00 3.229872e-02 3.229872e-02
3.620000e+01 0.000000e+00 3.225063e-02 3.225063e-02
3.630000e+01 0.000000e+00 3.220268e-02 3.220268e-02
3.640000e+01 0.000000e+00 3.215487e-02 3.215487e-02
3.650000e+01 0.000000e+00 3.210720e-02 3.210720e-02
3.660000e+01 0.000000e+00 3.205967e-02 3.205967e-02
3.670000e+01 0.000000e+00 3.201228e-02 3.201228e-02
3.680000e+01 0.000000e+00 3.196503e-02 3.196503e-02
3.690000e+01 0.000000e+00 3.191792e-02 3.191792e-02
3.700000e+01 0.000000e+00 3.187094e-02 3.187094e-02
3.710000e+01 0.000000e+00 3.182409e-02 3.182409e-02
3.720000e+01 0.000000e+00 3.177739e-02 3.177739e-02
3.730000e+01 0.000000e+00 3.173081e-02 3.173081e-02
3.740000e+01 0.000000e+00 3.168437e-02 3.168437e-02
3.750000e+01 0.000000e+00 3.163805e-02 3.163805e-02
3.760000e+01 0.000000e+00 3.159187e-02 3.159187e-02
3.770000e+01 0.000000e+00 3.154582e-02 3.154582e-02
3.780000e+01 0.000000e+00 3.149989e-02 3.149989e-02
3.790000e+01 0.000000e+00 3.145410e-02 3.145410e-02
3.800000e+01 0.000000e+00 3.140843e-02 3.140843e-02
3.810000e+01 0.000000e+00 3.136289e-02 3.136289e-02
3.820000e+01 0.000000e+00 3.131747e-02 3.131747e-02
3.830000e+01 0.000000e+00 3.127217e-02 3.127217e-02
3.840000e+01 0.000000e+00 3.122701e-02 3.122701e-02
3.850000e+01 0.000000e+00 3.118196e-02 3.118196e-02
3.860000e+01 0.000000e+00 3.113703e-02 3.113703e-02
3.870000e+01 0.000000e+00 3.109223e-02 3.109223e-02
3.880000e+01 0.000000e+00 3.104755e-02 3.104755e-02
3.890000e+01 0.000000e+00 3.100298e-02 3.100298e-02
3.900000e+01 0.000000e+00 3.095854e-02 3.095854e-02
3.910000e+01 0.000000e+00 3.091421e-02 3.091421e-02
3.920000e+01 0.000000e+00 3.087000e-02 3.087000e-02
3.930000e+01 0.000000e+00 3.082591e-02 3.082591e-02
3.940000e+01 0.000000e+00 3.078193e-02 3.078193e-02
3.950000e+01 0.000000e+00 3.073807e-02 3.073807e-02
3.960000e+01 0.000000e+00 3.069432e-02 3.069432e-02
3.970000e+01 0.000000e+00 3.065069e-02 3.065069e-02
3.980000e+01 0.000000e+00 3.060717e-02 3.060717e-02
3.990000e+01 0.000000e+00 3.056376e-02 3.056376e-02
4.000000e+01 0.000000e+00 3.052046e-02 3.052046e-02
4.010000e+01 0.000000e+00 3.047728e-02 3.047728e-02
4.020000e+01 0.000000e+00 3.043420e-02 3.043420e-02
4.030000e+01 0.000000e+00 3.039123e-02 3.039123e-02
4.040000e+01 0.000000e+00 3.034837e-02 3.034837e-02
4.050000e+01 0.000000e+00 3.030562e-02 3.030562e-02
4.060000e+01 0.000000e+00 3.026298e-02 3.026298e-02
4.070000e+01 0.000000e+00 3.022044e-02 3.022044e-02
4.080000e+01 0.000000e+00 3.017801e-02 3.017801e-02
4.090000e+01 0.000000e+00 3.013569e-02 3.013569e-02
4.100000e+01 0.000000e+00 3.009347e-02 3.009347e-02
4.110000e+01 0.000000e+00 3.005135e-02 3.005135e-02
4.120000e+01 0.000000e+00 3.000934e-02 3.000934e-02
4.130000e+01 0.000000e+00 2.996742e-02 2.996742e-02
4.140000e+01 0.000000e+00 2.992561e-02 2.992561e-02
4.150000e+01 0.000000e+00 2.988391e-02 2.988391e-02
4.160000e+01 0.000000e+00 2.984230e-02 2.984230e-02
4.170000e+01 0.000000e+00 2.980079e-02 2.980079e-02
4.180000e+01 0.000000e+00 2.975938e-02 2.975938e-02
4.190000e+01 0.000000e+00 2.971807e-02 2.971807e-02
4.200000e+01 0.000000e+00 2.967686e-02 2.967686e-02
4.210000e+01 0.000000e+00 2.963574e-02 2.963574e-02
4.220000e+01 0.000000e+00 2.959473e-02 2.959473e-02
4.230000e+01 0.000000e+00 2.955381e-02 2.955381e-02
4.240000e+01 0.000000e+00 2.951298e-02 2.951298e-02
4.250000e+01 0.000000e+00 2.947225e-02 2.947225e-02
4.260000e+01 0.000000e+00 2.943162e-02 2.943162e-02
4.270000e+01 0.000000e+00 2.939108e-02 2.939108e-02
4.280000e+01 0.000000e+00 2.935063e-02 2.935063e-02
4.290000e+01 0.000000e+00 2.931028e-02 2.931028e-02
4.300000e+01 0.000000e+00 2.927002e-02 2.927002e-02
4.310000e+01 0.000000e+00 2.922985e-02 2.922985e-02
4.320000e+01 0.000000e+00 2.918978e-02 2.918978e-02
4.330000e+01 0.000000e+00 2.914979e-02 2.914979e-02
4.340000e+01 0.000000e+00 2.910990e-02 2.910990e-02
4.350000e+01 0.000000e+00 2.907010e-02 2.907010e-02
4.360000e+01 0.000000e+00 2.903038e-02 2.903038e-02
4.370000e+01 0.000000e+00 2.899076e-02 2.899076e-02
4.380000e+01 0.000000e+00 2.895122e-02 2.895122e-02
4.390000e+01 0.000000e+00 2.891177e-02 2.891177e-02
4.400000e+01 0.000000e+00 2.887241e-02 2.887241e-02
4.410000e+01 0.000000e+00 2.883314e-02 2.883314e-02
4.420000e+01 0.000000e+00 2.879395e-02 2.879395e-02
4.430000e+01 0.000000e+00 2.875484e-02 2.875484e-02
4.440000e+01 0.000000e+00 2.871583e-02 2.871583e-02
4.450000e+01 0.000000e+00 2.867689e-02 2.867689e-02
4.460000e+01 0.000000e+00 2.863805e-02 2.863805e-02
4.470000e+01 0.000000e+00 2.859928e-02 2.859928e-02
4.480000e+01 0.000000e+00 2.856060e-02 2.856060e-02
4.490000e+01 0.000000e+00 2.852200e-02 2.852200e-02
4.500000e+01 0.000000e+00 2.848349e-02 2.848349e-02
4.510000e+01 0.000000e+00 2.844506e-02 2.844506e-02
4.520000e+01 0.000000e+00 2.840671e-02 2.840671e-02
4.530000e+01 0.000000e+00 2.836844e-02 2.836844e-02
4.540000e+01 0.000000e+00 2.833025e-02 2.833025e-02
4.550000e+01 0.000000e+00 2.829214e-02 2.829214e-02
4.560000e+01 0.000000e+00 2.825411e-02 2.825411e-02
4.570000e+01 0.000000e+00 2.821616e-02 2.821616e-02
4.580000e+01 0.000000e+00 2.817829e-02 2.817829e-02
4.590000e+01 0.000000e+00 2.814050e-02 2.814050e-02
4.600000e+01 0.000000e+00 2.810278e-02 2.810278e-02
4.610000e+01 0.000000e+00 2.806515e-02 2.806515e-02
4.620000e+01 0.000000e+00 2.802759e-02 2.802759e-02
4.630000e+01 0.000000e+00 2.799011e-02 2.799011e-02
4.640000e+01 0.000000e+00 2.795270e-02 2.795270e-02
4.650000e+01 0.000000e+00 2.791537e-02 2.791537e-02
4.660000e+01 0.000000e+00 2.787812e-02 2.787812e-02
4.670000e+01 0.000000e+00 2.784094e-02 2.784094e-02
4.680000e+01 0.000000e+00 2.780384e-02 2.780384e-02
4.690000e+01 0.000000e+00 2.776681e-02 2.776681e-02
4.700000e+01 0.000000e+00 2.772985e-02 2.772985e-02
4.710000e+01 0.000000e+00 2.769297e-02 2.769297e-02
4.720000e+01 0.000000e+00 2.765616e-02 2.765616e-02
4.730000e+01 0.000000e+00 2.761943e-02 2.761943e-02
4.740000e+01 0.000000e+00 2.758277e-02 2.758277e-02
4.750000e+01 0.000000e+00 2.754618e-02 2.754618e-02
4.760000e+01 0.000000e+00 2.750967e-02 2.750967e-02
4.770000e+01 0.000000e+00 2.747322e-02 2.747322e-02
4.780000e+01 0.000000e+00 2.743685e-02 2.743685e-02
4.790000e+01 0.000000e+00 2.740055e-02 2.740055e-02
4.800000e+01 0.000000e+00 2.736432e-02 2.736432e-02
4.810000e+01 0.000000e+00 2.732817e-02 2.732817e-02
4.820000e+01 0.000000e+00 2.729208e-02 2.729208e-02
4.830000e+01 0.000000e+00 2.725606e-02 2.725606e-02
4.840000e+01 0.000000e+00 2.722011e-02 2.722011e-02
4.850000e+01 0.000000e+00 2.718423e-02 2.718423e-02
4.860000e+01 0.000000e+00 2.714842e-02 2.714842e-02
4.870000e+01 0.000000e+00 2.711268e-02 2.711268e-02
4.880000e+01 0.000000e+00 2.707700e-02 2.707700e-02
4.890000e+01 0.000000e+00 2.704140e-02 2.704140e-02
4.900000e+01 0.000000e+00 2.700586e-02 2.700586e-02
4.910000e+01 0.000000e+00 2.697039e-02 2.697039e-02
4.920000e+01 0.000000e+00 2.693498e-02 2.693498e-02
4.930000e+01 0.000000e+00 2.689964e-02 2.689964e-02
4.940000e+01 0.000000e+00 2.686437e-02 2.686437e-02
4.950000e+01 0.000000e+00 2.682916e-02 2.682916e-02
4.960000e+01 0.000000e+00 2.679402e-02 2.679402e-02
4.970000e+01 0.000000e+00 2.675895e-02 2.675895e-02
4.980000e+01 0.000000e+00 2.672394e-02 2.672394e-02
4.990000e+01 0.000000e+00 2.668899e-02 2.668899e-02
5.000000e+01 0.000000e+00 2.665411e-02 2.665411e-02
5.010000e+01 0.000000e+00 2.661930e-02 2.661930e-02
5.020000e+01 0.000000e+00 2.658454e-02 2.658454e-02
5.030000e+01 0.000000e+00 2.654986e-02 2.654986e-02
5.040000e+01 0.000000e+00 2.651523e-02 2.651523e-02
5.050000e+01 0.000000e+00 2.648067e-02 2.648067e-02
5.060000e+01 0.000000e+00 2.644618e-02 2.644618e-02
5.070000e+01 0.000000e+00 2.641174e-02 2.641174e-02
5.080000e+01 0.000000e+00 2.637737e-02 2.637737e-02
5.090000e+01 0.000000e+00 2.634306e-02 2.634306e-02
5.100000e+01 0.000000e+00 2.630881e-02 2.630881e-02
5.110000e+01 0.000000e+00 2.627463e-02 2.627463e-02
5.120000e+01 0.000000e+00 2.624050e-02 2.624050e-02
5.130000e+01 0.000000e+00 2.620643e-02 2.620643e-02
5.140000e+01 0.000000e+00 2.617243e-02 2.617243e-02
5.150000e+01 0.000000e+00 2.613849e-02 2.613849e-02
5.160000e+01 0.000000e+00 2.610460e-02 2.610460e-02
5.170000e+01 0.000000e+00 2.607078e-02 2.607078e-02
5.180000e+01 0.000000e+00 2.603702e-02 2.603702e-02
5.190000e+01 0.000000e+00 2.600331e-02 2.600331e-02
5.200000e+01 0.000000e+00 2.596967e-02 2.596967e-02
5.210000e+01 0.000000e+00 2.593608e-02 2.593608e-02
5.220000e+01 0.000000e+00 2.590256e-02 2.590256e-02
5.230000e+01 0.000000e+00 2.586909e-02 2.586909e-02
5.240000e+01 0.000000e+00 2.583568e-02 2.583568e-02
5.250000e+01 0.000000e+00 2.580233e-02 2.580233e-02
5.260000e+01 0.000000e+00 2.576903e-02 2.576903e-02
5.270000e+01 0.000000e+00 2.573580e-02 2.573580e-02
5.280000e+01 0.000000e+00 2.570262e-02 2.570262e-02
5.290000e+01 0.000000e+00 2.566950e-02 2.566950e-02
5.300000e+01 0.000000e+00 2.563644e-02 2.563644e-02
5.310000e+01 0.000000e+00 2.560343e-02 2.560343e-02
5.320000e+01 0.000000e+00 2.557048e-02 2.557048e-02
5.330000e+01 0.000000e+00 2.553759e-02 2.553759e-02
5.340000e+01 0.000000e+00 2.550476e-02 2.550476e-02
5.350000e+01 0.000000e+00 2.547198e-02 2.547198e-02
5.360000e+01 0.000000e+00 2.543925e-02 2.543925e-02
5.370000e+01 0.000000e+00 2.540659e-02 2.540659e-02
5.380000e+01 0.000000e+00 2.537397e-02 2.537397e-02
5.390000e+01 0.000000e+00 2.534142e-02 2.534142e-02
5.400000e+01 0.000000e+00 2.530891e-02 2.530891e-02
5.410000e+01 0.000000e+00 2.527647e-02 2.527647e-02
5.420000e+01 0.000000e+00 2.524407e-02 2.524407e-02
5.430000e+01 0.000000e+00 2.521173e-02 2.521173e-02
5.440000e+01 0.000000e+00 2.517945e-02 2.517945e-02
5.450000e+01 0.000000e+00 2.514721e-02 2.514721e-02
5.460000e+01 0.000000e+00 2.511503e-02 2.511503e-02
5.470000e+01 0.000000e+00 2.508291e-02 2.508291e-02
5.480000e+01 0.000000e+00 2.505084e-02 2.505084e-02
5.490000e+01 0.000000e+00 2.501882e-02 2.501882e-02
5.500000e+01 0.000000e+00 2.498685e-02 2.498685e-02
5.510000e+01 0.000000e+00 2.495494e-02 2.495494e-02
5.520000e+01 0.000000e+00 2.492307e-02 2.492307e-02
5.530000e+01 0.000000e+00 2.489126e-02 2.489126e-02
5.540000e+01 0.000000e+00 2.485951e-02 2.485951e-02
5.550000e+01 0.000000e+00 2.482780e-02 2.482780e-02
5.560000e+01 0.000000e+00 2.479615e-02 2.479615e-02
5.570000e+01 0.000000e+00 2.476454e-02 2.476454e-02
5.580000e+01 0.000000e+00 2.473299e-02 2.473299e-02
5.590000e+01 0.000000e+00 2.470149e-02 2.470149e-02
5.600000e+01 0.000000e+00 2.467004e-02 2.467004e-02
5.610000e+01 0.000000e+00 2.463864e-02 2.463864e-02
5.620000e+01 0.000000e+00 2.460729e-02 2.460729e-02
5.630000e+01 0.000000e+00 2.457599e-02 2.457599e-02
5.640000e+01 0.000000e+00 2.454474e-02 2.454474e-02
5.650000e+01 0.000000e+00 2.451355e-02 2.451355e-02
5.660000e+01 0.000000e+00 2.448240e-02 2.448240e-02
5.670000e+01 0.000000e+00 2.445130e-02 2.445130e-02
5.680000e+01 0.000000e+00 2.442025e-02 2.442025e-02
5.690000e+01 0.000000e+00 2.438925e-02 2.438925e-02
5.700000e+01 0.000000e+00 2.435830e-02 2.435830e-02
5.710000e+01 0.000000e+00 2.432740e-02 2.432740e-02
5.720000e+01 0.000000e+00 2.429655e-02 2.429655e-02
5.730000e+01 0.000000e+00 2.426574e-02 2.426574e-02
5.740000e+01 0.000000e+00 2.423499e-02 2.423499e-02
5.750000e+01 0.000000e+00 2.420428e-02 2.420428e-02
5.760000e+01 0.000000e+00 2.417362e-02 2.417362e-02
5.770000e+01 0.000000e+00 2.414301e-02 2.414301e-02
5.780000e+01 0.000000e+00 2.411245e-02 2.411245e-02
5.790000e+01 0.000000e+00 2.408193e-02 2.408193e-02
5.800000e+01 0.000000e+00 2.405147e-02 2.405147e-02
5.810000e+01 0.000000e+00 2.402105e-02 2.402105e-02
5.820000e+01 0.000000e+00 2.399068e-02 2.399068e-02
5.830000e+01 0.000000e+00 2.396036e-02 2.396036e-02
5.840000e+01 0.000000e+00 2.393008e-02 2.393008e-02
5.850000e+01 0.000000e+00 2.389985e-02 2.389985e-02
5.860000e+01 0.000000e+00 2.386967e-02 2.386967e-02
5.870000e+01 0.000000e+00 2.383953e-02 2.383953e-02
5.880000e+01 0.000000e+00 2.380944e-02 2.380944e-02
5.890000e+01 0.000000e+00 2.377940e-02 2.377940e-02
5.900000e+01 0.000000e+00 2.374940e-02 2.374940e-02
5.910000e+01 0.000000e+00 2.371945e-02 2.371945e-02
5.920000e+01 0.000000e+00 2.368955e-02 2.368955e-02
5.930000e+01 0.000000e+00 2.365969e-02 2.365969e-02
5.940000e+01 0.000000e+00 2.362988e-02 2.362988e-02
5.950000e+01 0.000000e+00 2.360012e-02 2.360012e-02
5.960000e+01 0.000000e+00 2.357040e-02 2.357040e-02
5.970000e+01 0.000000e+00 2.354072e-02 2.354072e-02
5.980000e+01 0.000000e+00 2.351109e-02 2.351109e-02
5.990000e+01 0.000000e+00 2.348151e-02 2.348151e-02
6.000000e+01 0.000000e+00 2.345197e-02 2.345197e-02
6.010000e+01 0.000000e+00 2.342247e-02 2.342247e-02
6.020000e+01 0.000000e+00 2.339302e-02 2.339302e-02
6.030000e+01 0.000000e+00 2.336362e-02 2.336362e-02
6.040000e+01 0.000000e+00 2.333426e-02 2.333426e-02
6.050000e+01 0.000000e+00 2.330494e-02 2.330494e-02
6.060000e+01 0.000000e+00 2.327567e-02 2.327567e-02
6.070000e+01 0.000000e+00 2.324644e-02 2.324644e-02
6.080000e+01 0.000000e+00 2.321725e-02 2.321725e-02
6.090000e+01 0.000000e+00 2.318811e-02 2.318811e-02
6.100000e+01 0.000000e+00 2.315901e-02 2.315901e-02
6.110000e+01 0.000000e+00 2.312996e-02 2.312996e-02
6.120000e+01 0.000000e+00 2.310095e-02 2.310095e-02
6.130000e+01 0.000000e+00 2.307198e-02 2.307198e-02
6.140000e+01 0.000000e+00 2.304306e-02 2.304306e-02
6.150000e+01 0.000000e+00 2.301418e-02 2.301418e-02
6.160000e+01 0.000000e+00 2.298534e-02 2.298534e-02
6.170000e+01 0.000000e+00 2.295654e-02 2.295654e-02
6.180000e+01 0.000000e+00 2.292779e-02 2.292779e-02
6.190000e+01 0.000000e+00 2.289908e-02 2.289908e-02
6.200000e+01 0.000000e+00 2.287041e-02 2.287041e-02
6.210000e+01 0.000000e+00 2.284178e-02 2.284178e-02
6.220000e+01 0.000000e+00 2.281320e-02 2.281320e-02
6.230000e+01 0.000000e+00 2.278466e-02 2.278466e-02
6.240000e+01 0.000000e+00 2.275616e-02 2.275616e-02
6.250000e+01 0.000000e+00 2.272770e-02 2.272770e-02
6.260000e+01 0.000000e+00 2.269929e-02 2.269929e-02
6.270000e+01 0.000000e+00 2.267091e-02 2.267091e-02
6.280000e+01 0.000000e+00 2.264258e-02 2.264258e-02
6.290000e+01 0.000000e+00 2.261429e-02 2.261429e-02
6.300000e+01 0.000000e+00 2.258604e-02 2.258604e-02
6.310000e+01 0.000000e+00 2.255783e-02 2.255783e-02
6.320000e+01 0.000000e+00 2.252967e-02 2.252967e-02
6.330000e+01 0.000000e+00 2.250154e-02 2.250154e-02
6.340000e+01 0.000000e+00 2.247345e-02 2.247345e-02
6.350000e+01 0.000000e+00 2.244541e-02 2.244541e-02
6.360000e+01 0.000000e+00 2.241741e-02 2.241741e-02
6.370000e+01 0.000000e+00 2.238944e-02 2.238944e-02
6.380000e+01 0.000000e+00 2.236152e-02 2.236152e-02
6.390000e+01 0.000000e+00 2.233364e-02 2.233364e-02
6.400000e+01 0.000000e+00 2.230580e-02 2.230580e-02
6.410000e+01 0.000000e+00 2.227800e-02 2.227800e-02
6.420000e+01 0.000000e+00 2.225024e-02 2.225024e-02
6.430000e+01 0.000000e+00 2.222252e-02 2.222252e-02
6.440000e+01 0.000000e+00 2.219484e-02 2.219484e-02
6.450000e+01 0.000000e+00 2.216720e-02 2.216720e-02
6.460000e+01 0.000000e+00 2.213960e-02 2.213960e-02
6.470000e+01 0.000000e+00 2.211204e-02 2.211204e-02
6.480000e+01 0.000000e+00 2.208452e-02 2.208452e-02
6.490000e+01 0.000000e+00 2.205704e-02 2.205704e-02
6.500000e+01 0.000000e+00 2.202959e-02 2.202959e-02
6.510000e+01 0.000000e+00 2.200219e-02 2.200219e-02
6.520000e+01 0.000000e+00 2.197483e-02 2.197483e-02
6.530000e+01 0.000000e+00 2.194750e-02 2.194750e-02
6.540000e+01 0.000000e+00 2.192021e-02 2.192021e-02
6.550000e+01 0.000000e+00 2.189297e-02 2.189297e-02
6.560000e+01 0.000000e+00 2.186576e-02 2.186576e-02
6.570000e+01 0.000000e+00 2.183859e-02 2.183859e-02
6.580000e+01 0.000000e+00 2.181146e-02 2.181146e-02
6.590000e+01 0.000000e+00 2.178437e-02 2.178437e-02
6.600000e+01 0.000000e+00 2.175731e-02 2.175731e-02
6.610000e+01 0.000000e+00 2.173030e-02 2.173030e-02
6.620000e+01 0.000000e+00 2.170332e-02 2.170332e-02
6.630000e+01 0.000000e+00 2.167638e-02 2.167638e-02
6.640000e+01 0.000000e+00 2.164948e-02 2.164948e-02
6.650000e+01 0.000000e+00 2.162262e-02 2.162262e-02
6.660000e+01 0.000000e+00 2.159579e-02 2.159579e-02
6.670000e+01 0.000000e+00 2.156900e-02 2.156900e-02
6.680000e+01 0.000000e+00 2.154225e-02 2.154225e-02
6.690000e+01 0.000000e+00 2.151554e-02 2.151554e-02
6.700000e+01 0.000000e+00 2.148887e-02 2.148887e-02
6.710000e+01 0.000000e+00 2.146223e-02 2.146223e-02
6.720000e+01 0.000000e+00 2.143563e-02 2.143563e-02
6.730000e+01 0.000000e+00 2.140906e-02 2.140906e-02
6.740000e+01 0.000000e+00 2.138254e-02 2.138254e-02
6.750000e+01 0.000000e+00 2.135605e-02 2.135605e-02
6.760000e+01 0.000000e+00 2.132959e-02 2.132959e-02
6.770000e+01 0.000000e+00 2.130318e-02 2.130318e-02
6.780000e+01 0.000000e+00 2.127680e-02 2.127680e-02
6.790000e+01 0.000000e+00 2.125045e-02 2.125045e-02
6.800000e+01 0.000000e+00 2.122415e-02 2.122415e-02
6.810000e+01 0.000000e+00 2.119788e-02 2.119788e-02
6.820000e+01 0.000000e+00 2.117164e-02 2.117164e-02
6.830000e+01 0.000000e+00 2.114545e-02 2.114545e-02
6.840000e+01 0.000000e+00 2.111929e-02 2.111929e-02
6.850000e+01 0.000000e+00 2.109316e-02 2.109316e-02
6.860000e+01 0.000000e+00 2.106707e-02 2.106707e-02
6.870000e+01 0.000000e+00 2.104102e-02 2.104102e-02
6.880000e+01 0.000000e+00 2.101500e-02 2.101500e-02
6.890000e+01 0.000000e+00 2.098902e-02 2.098902e-02
6.900000e+01 0.000000e+00 2.096308e-02 2.096308e-02
6.910000e+01 0.000000e+00 2.093717e-02 2.093717e-02
6.920000e+01 0.000000e+00 2.091130e-02 2.091130e-02
6.930000e+01 0.000000e+00 2.088546e-02 2.088546e-02
6.940000e+01 0.000000e+00 2.085966e-02 2.085966e-02
6.950000e+01 0.000000e+00 2.083390e-02 2.083390e-02
6.960000e+01 0.000000e+00 2.080817e-02 2.080817e-02
6.970000e+01 0.000000e+00 2.078247e-02 2.078247e-02
6.980000e+01 0.000000e+00 2.075682e-02 2.075682e-02
6.990000e+01 0.000000e+00 2.073119e-02 2.073119e-02
7.000000e+01 0.000000e+00 2.070560e-02 2.070560e-02
7.010000e+01 0.000000e+00 2.068005e-02 2.068005e-02
7.020000e+01 0.000000e+00 2.065453e-02 2.065453e-02
7.030000e+01 0.000000e+00 2.062905e-02 2.062905e-02
7.040000e+01 0.000000e+00 2.060360e-02 2.060360e-02
7.050000e+01 0.000000e+00 2.057819e-02 2.057819e-02
7.060000e+01 0.000000e+00 2.055281e-02 2.055281e-02
7.070000e+01 0.000000e+00 2.052746e-02 2.052746e-02
7.080000e+01 0.000000e+00 2.050215e-02 2.050215e-02
7.090000e+01 0.000000e+00 2.047688e-02 2.047688e-02
7.100000e+01 0.000000e+00 2.045164e-02 2.045164e-02
7.110000e+01 0.000000e+00 2.042643e-02 2.042643e-02
7.120000e+01 0.000000e+00 2.040126e-02 2.040126e-02
7.130000e+01 0.000000e+00 2.037612e-02 2.037612e-02
7.140000e+01 0.000000e+00 2.035102e-02 2.035102e-02
7.150000e+01 0.000000e+00 2.032595e-02 2.032595e-02
7.160000e+01 0.000000e+00 2.030091e-02 2.030091e-02
7.170000e+01 0.000000e+00 2.027591e-02 2.027591e-02
7.180000e+01 0.000000e+00 2.025094e-02 2.025094e-02
7.190000e+01 0.000000e+00 2.022601e-02 2.022601e-02
7.200000e+01 0.000000e+00 2.020111e-02 2.020111e-02
7.210000e+01 0.000000e+00 2.017624e-02 2.017624e-02
7.220000e+01 0.000000e+00 2.015141e-02 2.015141e-02
7.230000e+01 0.000000e+00 2.012661e-02 2.012661e-02
7.240000e+01 0.000000e+00 2.010185e-02 2.010185e-02
7.250000e+01 0.000000e+00 2.007712e-02 2.007712e-02
7.260000e+01 0.000000e+00 2.005242e-02 2.005242e-02
7.270000e+01 0.000000e+00 2.002775e-02 2.002775e-02
7.280000e+01 0.000000e+00 2.000312e-02 2.000312e-02
7.290000e+01 0.000000e+00 1.997853e-02 1.997853e-02
7.300000e+01 0.000000e+00 1.995396e-02 1.995396e-02
7.310000e+01 0.000000e+00 1.992943e-02 1.992943e-02
7.320000e+01 0.000000e+00 1.990493e-02 1.990493e-02
7.330000e+01 0.000000e+00 1.988047e-02 1.988047e-02
7.340000e+01 0.000000e+00 1.985604e-02 1.985604e-02
7.350000e+01 0.000000e+00 1.983164e-02 1.983164e-02
7.360000e+01 0.000000e+00 1.980727e-02 1.980727e-02
7.370000e+01 0.000000e+00 1.978294e-02 1.978294e-02
7.380000e+01 0.000000e+00 1.975863e-02 1.975863e-02
7.390000e+01 0.000000e+00 1.973437e-02 1.973437e-02
7.400000e+01 0.000000e+00 1.971013e-02 1.971013e-02
7.410000e+01 0.000000e+00 1.968592e-02 1.968592e-02
7.420000e+01 0.000000e+00 1.966175e-02 1.966175e-02
7.430000e+01 0.000000e+00 1.963761e-02 1.963761e-02
7.440000e+01 0.000000e+00 1.961350e-02 1.961350e-02
7.450000e+01 0.000000e+00 1.958943e-02 1.958943e-02
7.460000e+01 0.000000e+00 1.956538e-02 1.956538e-02
7.470000e+01 0.000000e+00 1.954137e-02 1.954137e-02
7.480000e+01 0.000000e+00 1.951739e-02 1.951739e-02
7.490000e+01 0.000000e+00 1.949344e-02 1.949344e-02
7.500000e+01 0.000000e+00 1.946953e-02 1.946953e-02
7.510000e+01 0.000000e+00 1.944564e-02 1.944564e-02
7.520000e+01 0.000000e+00 1.942179e-02 1.942179e-02
7.530000e+01 0.000000e+00 1.939797e-02 1.939797e-02
7.540000e+01 0.000000e+00 1.937418e-02 1.937418e-02
7.550000e+01 0.000000e+00 1.935042e-02 1.935042e-02
7.560000e+01 0.000000e+00 1.932670e-02 1.932670e-02
7.570000e+01 0.000000e+00 1.930300e-02 1.930300e-02
7.580000e+01 0.000000e+00 1.927934e-02 1.927934e-02
7.590000e+01 0.000000e+00 1.925571e-02 1.925571e-02
7.600000e+01 0.000000e+00 1.923211e-02 1.923211e-02
7.610000e+01 0.000000e+00 1.920854e-02 1.920854e-02
7.620000e+01 0.000000e+00 1.918501e-02 1.918501e-02
7.630000e+01 0.000000e+00 1.916150e-02 1.916150e-02
7.640000e+01 0.000000e+00 1.913803e-02 1.913803e-02
7.650000e+01 0.000000e+00 1.911459e-02 1.911459e-02
7.660000e+01 0.000000e+00 1.909118e-02 1.909118e-02
7.670000e+01 0.000000e+00 1.906780e-02 1.906780e-02
7.680000e+01 0.000000e+00 1.904445e-02 1.904445e-02
7.690000e+01 0.000000e+00 1.902113e-02 1.902113e-02
7.700000e+01 0.000000e+00 1.899785e-02 1.899785e-02
7.710000e+01 0.000000e+00 1.897459e-02 1.897459e-02
7.720000e+01 0.000000e+00 1.895137e-02 1.895137e-02
7.730000e+01 0.000000e+00 1.892817e-02 1.892817e-02
7.740000e+01 0.000000e+00 1.890501e-02 1.890501e-02
7.750000e+01 0.000000e+00 1.888187e-02 1.888187e-02
7.760000e+01 0.000000e+00 1.885877e-02 1.885877e-02
7.770000e+01 0.000000e+00 1.883570e-02 1.883570e-02
7.780000e+01 0.000000e+00 1.881266e-02 1.881266e-02
7.790000e+01 0.000000e+00 1.878965e-02 1.878965e-02
7.800000e+01 0.000000e+00 1.876666e-02 1.876666e-02
7.810000e+01 0.000000e+00 1.874371e-02 1.874371e-02
7.820000e+01 0.000000e+00 1.872079e-02 1.872079e-02
7.830000e+01 0.000000e+00 1.869790e-02 1.869790e-02
7.840000e+01 0.000000e+00 1.867504e-02 1.867504e-02
7.850000e+01 0.000000e+00 1.865221e-02 1.865221e-02
7.860000e+01 0.000000e+00 1.862941e-02 1.862941e-02
7.870000e+01 0.000000e+00 1.860664e-02 1.860664e-02
7.880000e+01 0.000000e+00 1.858390e-02 1.858390e-02
7.890000e+01 0.000000e+00 1.856119e-02 1.856119e-02
7.900000e+01 0.000000e+00 1.853850e-02 1.853850e-02
7.910000e+01 0.000000e+00 1.851585e-02 1.851585e-02
7.920000e+01 0.000000e+00 1.849323e-02 1.849323e-02
7.930000e+01 0.000000e+00 1.847064e-02 1.847064e-02
7.940000e+01 0.000000e+00 1.844807e-02 1.844807e-02
7.950000e+01 0.000000e+00 1.842554e-02 1.842554e-02
7.960000e+01 0.000000e+00 1.840303e-02 1.840303e-02
7.970000e+01 0.000000e+00 1.838056e-02 1.838056e-02
7.980000e+01 0.000000e+00 1.835811e-02 1.835811e-02
7.990000e+01 0.000000e+00 1.833570e-02 1.833570e-02
8.000000e+01 0.000000e+00 1.831331e-02 1.831331e-02
8.010000e+01 0.000000e+00 1.829095e-02 1.829095e-02
8.020000e+01 0.000000e+00 1.826862e-02 1.826862e-02
8.030000e+01 0.000000e+00 1.824632e-02 1.824632e-02
8.040000e+01 0.000000e+00 1.822405e-02 1.822405e-02
8.050000e+01 0.000000e+00 1.820181e-02 1.820181e-02
8.060000e+01 0.000000e+00 1.817960e-02 1.817960e-02
8.070000e+01 0.000000e+00 1.815741e-02 1.815741e-02
8.080000e+01 0.000000e+00 1.813526e-02 1.813526e-02
8.090000e+01 0.000000e+00 1.811313e-02 1.811313e-02
8.100000e+01 0.000000e+00 1.809103e-02 1.809103e-02
8.110000e+01 0.000000e+00 1.806897e-02 1.806897e-02
8.120000e+01 0.000000e+00 1.804693e-02 1.804693e-02
8.130000e+01 0.000000e+00 1.802491e-02 1.802491e-02
8.140000e+01 0.000000e+00 1.800293e-02 1.800293e-02
8.150000e+01 0.000000e+00 1.798098e-02 1.798098e-02
8.160000e+01 0.000000e+00 1.795905e-02 1.795905e-02
8.170000e+01 0.000000e+00 1.793715e-02 1.793715e-02
8.180000e+01 0.000000e+00 1.791528e-02 1.791528e-02
8.190000e+01 0.000000e+00 1.789344e-02 1.789344e-02
8.200000e+01 0.000000e+00 1.787163e-02 1.787163e-02
8.210000e+01 0.000000e+00 1.784985e-02 1.784985e-02
8.220000e+01 0.000000e+00 1.782809e-02 1.782809e-02
8.230000e+01 0.000000e+00 1.780636e-02 1.780636e-02
8.240000e+01 0.000000e+00 1.778466e-02 1.778466e-02
8.250000e+01 0.000000e+00 1.776299e-02 1.776299e-02
8.260000e+01 0.000000e+00 1.774135e-02 1.774135e-02
8.270000e+01 0.000000e+00 1.771973e-02 1.771973e-02
8.280000e+01 0.000000e+00 1.769814e-02 1.769814e-02
8.290000e+01 0.000000e+00 1.767659e-02 1.767659e-02
8.300000e+01 0.000000e+00 1.765505e-02 1.765505e-02
8.310000e+01 0.000000e+00 1.763355e-02 1.763355e-02
8.320000e+01 0.000000e+00 1.761207e-02 1.761207e-02
8.330000e+01 0.000000e+00 1.759063e-02 1.759063e-02
8.340000e+01 0.000000e+00 1.756921e-02 1.756921e-02
8.350000e+01 0.000000e+00 1.754781e-02 1.754781e-02
8.360000e+01 0.000000e+00 1.752645e-02 1.752645e-02
8.370000e+01 0.000000e+00 1.750511e-02 1.750511e-02
8.380000e+01 0.000000e+00 1.748380e-02 1.748380e-02
8.390000e+01 0.000000e+00 1.746252e-02 1.746252e-02
8.400000e+01 0.000000e+00 1.744126e-02 1.744126e-02
8.410000e+01 0.000000e+00 1.742004e-02 1.742004e-02
8.420000e+01 0.000000e+00 1.739884e-02 1.739884e-02
8.430000e+01 0.000000e+00 1.737767e-02 1.737767e-02
8.440000e+01 0.000000e+00 1.735652e-02 1.735652e-02
8.450000e+01 0.000000e+00 1.733541e-02 1.733541e-02
8.460000e+01 0.000000e+00 1.731432e-02 1.731432e-02
8.470000e+01 0.000000e+00 1.729326e-02 1.729326e-02
8.480000e+01 0.000000e+00 1.727222e-02 1.727222e-02
8.490000e+01 0.000000e+00 1.725122e-02 1.725122e-02
8.500000e+01 0.000000e+00 1.723024e-02 1.723024e-02
8.510000e+01 0.000000e+00 1.720928e-02 1.720928e-02
8.520000e+01 0.000000e+00 1.718836e-02 1.718836e-02
8.530000e+01 0.000000e+00 1.716746e-02 1.716746e-02
8.540000e+01 0.000000e+00 1.714659e-02 1.714659e-02
8.550000e+01 0.000000e+00 1.712574e-02 1.712574e-02
8.560000e+01 0.000000e+00 1.710492e-02 1.710492e-02
8.570000e+01 0.000000e+00 1.708413e-02 1.708413e-02
8.580000e+01 0.000000e+00 1.706337e-02 1.706337e-02
8.590000e+01 0.000000e+00 1.704263e-02 1.704263e-02
8.600000e+01 0.000000e+00 1.702192e-02 1.702192e-02
8.610000e+01 0.000000e+00 1.700123e-02 1.700123e-02
8.620000e+01 0.000000e+00 1.698057e-02 1.698057e-02
8.630000e+01 0.000000e+00 1.695994e-02 1.695994e-02
8.640000e+01 0.000000e+00 1.693934e-02 1.693934e-02
8.650000e+01 0.000000e+00 1.691876e-02 1.691876e-02
8.660000e+01 0.000000e+00 1.689821e-02 1.689821e-02
8.670000e+01 0.000000e+00 1.687768e-02 1.687768e-02
8.680000e+01 0.000000e+00 1.685718e-02 1.685718e-02
8.690000e+01 0.000000e+00 1.683671e-02 1.683671e-02
8.700000e+01 0.000000e+00 1.681626e-02 1.681626e-02
8.710000e+01 0.000000e+00 1.679584e-02 1.679584e-02
8.720000e+01 0.000000e+00 1.677545e-02 1.677545e-02
8.730000e+01 0.000000e+00 1.675508e-02 1.675508e-02
8.740000e+01 0.000000e+00 1.673474e-02 1.673474e-02
8.750000e+01 0.000000e+00 1.671442e-02 1.671442e-02
8.760000e+01 0.000000e+00 1.669413e-02 1.669413e-02
8.770000e+01 0.000000e+00 1.667387e-02 1.667387e-02
8.780000e+01 0.000000e+00 1.665363e-02 1.665363e-02
8.790000e+01 0.000000e+00 1.663342e-02 1.663342e-02
8.800000e+01 0.000000e+00 1.661323e-02 1.661323e-02
8.810000e+01 0.000000e+00 1.659307e-02 1.659307e-02
8.820000e+01 0.000000e+00 1.657293e-02 1.657293e-02
8.830000e+01 0.000000e+00 1.655282e-02 1.655282e-02
8.840000e+01 0.000000e+00 1.653274e-02 1.653274e-02
8.850000e+01 0.000000e+00 1.651268e-02 1.651268e-02
8.860000e+01 0.000000e+00 1.649265e-02 1.649265e-02
8.870000e+01 0.000000e+00 1.647264e-02 1.647264e-02
8.880000e+01 0.000000e+00 1.645266e-02 1.645266e-02
8.890000e+01 0.000000e+00 1.643271e-02 1.643271e-02
8.900000e+01 0.000000e+00 1.641278e-02 1.641278e-02
8.910000e+01 0.000000e+00 1.639287e-02 1.639287e-02
8.920000e+01 0.000000e+00 1.637300e-02 1.637300e-02
8.930000e+01 0.000000e+00 1.635314e-02 1.635314e-02
8.940000e+01 0.000000e+00 1.633332e-02 1.633332e-02
8.950000e+01 0.000000e+00 1.631351e-02 1.631351e-02
8.960000e+01 0.000000e+00 1.629374e-02 1.629374e-02
8.970000e+01 0.000000e+00 1.627398e-02 1.627398e-02
8.980000e+01 0.000000e+00 1.625426e-02 1.625426e-02
8.990000e+01 0.000000e+00 1.623456e-02 1.623456e-02
9.000000e+01 0.000000e+00 1.621488e-02 1.621488e-02
9.010000e+01 0.000000e+00 1.619523e-02 1.619523e-02
9.020000e+01 0.000000e+00 1.617560e-02 1.617560e-02
9.030000e+01 0.000000e+00 1.615600e-02 1.615600e-02
9.040000e+01 0.000000e+00 1.613642e-02 1.613642e-02
9.050000e+01 0.000000e+00 1.611687e-02 1.611687e-02
9.060000e+01 0.000000e+00 1.609734e-02 1.609734e-02
9.070000e+01 0.000000e+00 1.607784e-02 1.607784e-02
9.080000e+01 0.000000e+00 1.605836e-02 1.605836e-02
9.090000e+01 0.000000e+00 1.603891e-02 1.603891e-02
9.100000e+01 0.000000e+00 1.601948e-02 1.601948e-02
9.110000e+01 0.000000e+00 1.600008e-02 1.600008e-02
9.120000e+01 0.000000e+00 1.598070e-02 1.598070e-02
9.130000e+01 0.000000e+00 1.596134e-02 1.596134e-02
9.140000e+01 0.000000e+00 1.594202e-02 1.594202e-02
9.150000e+01 0.000000e+00 1.592271e-02 1.592271e-02
9.160000e+01 0.000000e+00 1.590343e-02 1.590343e-02
9.170000e+01 0.000000e+00 1.588417e-02 1.588417e-02
9.180000e+01 0.000000e+00 1.586494e-02 1.586494e-02
9.190000e+01 0.000000e+00 1.584573e-02 1.584573e-02
9.200000e+01 0.000000e+00 1.582655e-02 1.582655e-02
9.210000e+01 0.000000e+00 1.580739e-02 1.580739e-02
9.220000e+01 0.000000e+00 1.578826e-02 1.578826e-02
9.230000e+01 0.000000e+00 1.576915e-02 1.576915e-02
9.240000e+01 0.000000e+00 1.575006e-02 1.575006e-02
9.250000e+01 0.000000e+00 1.573100e-02 1.573100e-02
9.260000e+01 0.000000e+00 1.571197e-02 1.571197e-02
9.270000e+01 0.000000e+00 1.569295e-02 1.569295e-02
9.280000e+01 0.000000e+00 1.567397e-02 1.567397e-02
9.290000e+01 0.000000e+00 1.565500e-02 1.565500e-02
9.300000e+01 0.000000e+00 1.563606e-02 1.563606e-02
9.310000e+01 0.000000e+00 1.561715e-02 1.561715e-02
9.320000e+01 0.000000e+00 1.559826e-02 1.559826e-02
9.330000e+01 0.000000e+00 1.557939e-02 1.557939e-02
9.340000e+01 0.000000e+00 1.556055e-02 1.556055e-02
9.350000e+01 0.000000e+00 1.554173e-02 1.554173e-02
9.360000e+01 0.000000e+00 1.552293e-02 1.552293e-02
9.370000e+01 0.000000e+00 1.550416e-02 1.550416e-02
9.380000e+01 0.000000e+00 1.548541e-02 1.548541e-02
9.390000e+01 0.000000e+00 1.546669e-02 1.546669e-02
9.400000e+01 0.000000e+00 1.544799e-02 1.544799e-02
9.410000e+01 0.000000e+00 1.542931e-02 1.542931e-02
9.420000e+01 0.000000e+00 1.541066e-02 1.541066e-02
9.430000e+01 0.000000e+00 1.539203e-02 1.539203e-02
9.440000e+01 0.000000e+00 1.537342e-02 1.537342e-02
9.450000e+01 0.000000e+00 1.535484e-02 1.535484e-02
9.460000e+01 0.000000e+00 1.533628e-02 1.533628e-02
9.470000e+01 0.000000e+00 1.531775e-02 1.531775e-02
9.480000e+01 0.000000e+00 1.529923e-02 1.529923e-02
9.490000e+01 0.000000e+00 1.528075e-02 1.528075e-02
9.500000e+01 0.000000e+00 1.526228e-02 1.526228e-02
9.510000e+01 0.000000e+00 1.524384e-02 1.524384e-02
9.520000e+01 0.000000e+00 1.522542e-02 1.522542e-02
9.530000e+01 0.000000e+00 1.520703e-02 1.520703e-02
9.540000e+01 0.000000e+00 1.518865e-02 1.518865e-02
9.550000e+01 0.000000e+00 1.517030e-02 1.517030e-02
9.560000e+01 0.000000e+00 1.515198e-02 1.515198e-02
9.570000e+01 0.000000e+00 1.513368e-02 1.513368e-02
9.580000e+01 0.000000e+00 1.511540e-02 1.511540e-02
9.590000e+01 0.000000e+00 1.509714e-02 1.509714e-02
9.600000e+01 0.000000e+00 1.507891e-02 1.507891e-02
9.610000e+01 0.000000e+00 1.506070e-02 1.506070e-02
9.620000e+01 0.000000e+00 1.504251e-02 1.504251e-02
9.630000e+01 0.000000e+00 1.502435e-02 1.502435e-02
9.640000e+01 0.000000e+00 1.500621e-02 1.500621e-02
9.650000e+01 0.000000e+00 1.498809e-02 1.498809e-02
9.660000e+01 0.000000e+00 1.496999e-02 1.496999e-02
9.670000e+01 0.000000e+00 1.495192e-02 1.495192e-02
9.680000e+01 0.000000e+00 1.493387e-02 1.493387e-02
9.690000e+01 0.000000e+00 1.491584e-02 1.491584e-02
9.700000e+01 0.000000e+00 1.489784e-02 1.489784e-02
9.710000e+01 0.000000e+00 1.487986e-02 1.487986e-02
9.720000e+01 0.000000e+00 1.486190e-02 1.486190e-02
9.730000e+01 0.000000e+00 1.484396e-02 1.484396e-02
9.740000e+01 0.000000e+00 1.482605e-02 1.482605e-02
9.750000e+01 0.000000e+00 1.480816e-02 1.480816e-02
9.760000e+01 0.000000e+00 1.479029e-02 1.479029e-02
9.770000e+01 0.000000e+00 1.477244e-02 1.477244e-02
9.780000e+01 0.000000e+00 1.475462e-02 1.475462e-02
9.790000e+01 0.000000e+00 1.473682e-02 1.473682e-02
9.800000e+01 0.000000e+00 1.471904e-02 1.471904e-02
9.810000e+01 0.000000e+00 1.470129e-02 1.470129e-02
9.820000e+01 0.000000e+00 1.468355e-02 1.468355e-02
9.830000e+01 0.000000e+00 1.466584e-02 1.466584e-02
9.840000e+01 0.000000e+00 1.464815e-02 1.464815e-02
9.850000e+01 0.000000e+00 1.463049e-02 1.463049e-02
9.860000e+01 0.000000e+00 1.461284e-02 1.461284e-02
9.870000e+01 0.000000e+00 1.459522e-02 1.459522e-02
9.880000e+01 0.000000e+00 1.457762e-02 1.457762e-02
9.890000e+01 0.000000e+00 1.456004e-02 1.456004e-02
9.900000e+01 0.000000e+00 1.454249e-02 1.454249e-02
9.910000e+01 0.000000e+00 1.452495e-02 1.452495e-02
9.920000e+01 0.000000e+00 1.450744e-02 1.450744e-02
9.930000e+01 0.000000e+00 1.448995e-02 1.448995e-02
9.940000e+01 0.000000e+00 1.447248e-02 1.447248e-02
9.950000e+01 0.000000e+00 1.445503e-02 1.445503e-02
9.960000e+01 0.000000e+00 1.443761e-02 1.443761e-02
9.970000e+01 0.000000e+00 1.442021e-02 1.442021e-02
9.980000e+01 0.000000e+00 1.440283e-02 1.440283e-02
9.990000e+01 0.000000e+00 1.438547e-02 1.438547e-02
1.000000e+02 0.000000e+00 1.436813e-02 1.436813e-02
