# # chi(t) for Pe = 800, beta = 0.1, bridge_width = 1.0
# # Columns: time, chi, I_T (signed), I_|T| (unsigned)
0.000000e+00 0.000000e+00 7.671023e-02 7.671023e-02
1.000000e-01 1.563000e-04 7.975719e-02 7.976966e-02
2.000000e-01 9.040000e-05 8.007160e-02 8.007884e-02
3.000000e-01 1.020000e-05 8.006709e-02 8.006791e-02
4.000000e-01 0.000000e+00 8.007347e-02 8.007347e-02
5.000000e-01 0.000000e+00 7.993160e-02 7.993160e-02
6.000000e-01 0.000000e+00 8.007067e-02 8.007067e-02
7.000000e-01 0.000000e+00 8.008020e-02 8.008020e-02
8.000000e-01 0.000000e+00 8.008917e-02 8.008917e-02
9.000000e-01 0.000000e+00 8.009774e-02 8.009774e-02
1.000000e+00 2.000000e-07 8.010608e-02 8.010610e-02
1.100000e+00 1.900000e-06 8.011437e-02 8.011452e-02
1.200000e+00 6.700000e-06 8.012279e-02 8.012333e-02
1.300000e+00 1.680000e-05 8.013147e-02 8.013281e-02
1.400000e+00 3.400000e-05 8.014050e-02 8.014322e-02
1.500000e+00 5.890000e-05 8.014996e-02 8.015469e-02
1.600000e+00 9.020000e-05 8.015987e-02 8.016710e-02
1.700000e+00 1.240000e-04 8.017021e-02 8.018016e-02
1.800000e+00 1.561000e-04 8.018096e-02 8.019348e-02
1.900000e+00 1.827000e-04 8.019206e-02 8.020671e-02
2.000000e+00 2.017000e-04 8.020343e-02 8.021961e-02
2.100000e+00 2.125000e-04 8.021500e-02 8.023204e-02
2.200000e+00 2.149000e-04 8.022667e-02 8.024392e-02
2.300000e+00 2.098000e-04 8.023837e-02 8.025521e-02
2.400000e+00 1.982000e-04 8.024999e-02 8.026590e-02
2.500000e+00 1.814000e-04 8.026145e-02 8.027602e-02
2.600000e+00 1.607000e-04 8.027267e-02 8.028557e-02
2.700000e+00 1.374000e-04 8.028356e-02 8.029459e-02
2.800000e+00 1.129000e-04 8.029405e-02 8.030311e-02
2.900000e+00 8.830000e-05 8.030406e-02 8.031115e-02
3.000000e+00 6.480000e-05 8.031353e-02 8.031874e-02
3.100000e+00 4.360000e-05 8.032241e-02 8.032591e-02
3.200000e+00 2.570000e-05 8.033063e-02 8.033270e-02
3.300000e+00 1.200000e-05 8.033815e-02 8.033911e-02
3.400000e+00 3.200000e-06 8.034492e-02 8.034518e-02
3.500000e+00 0.000000e+00 8.035091e-02 8.035091e-02
3.600000e+00 4.474000e-04 8.035609e-02 8.039206e-02
3.700000e+00 1.203600e-03 8.036041e-02 8.045725e-02
3.800000e+00 2.169600e-03 8.036387e-02 8.053861e-02
3.900000e+00 3.255000e-03 8.036643e-02 8.062888e-02
4.000000e+00 4.427300e-03 8.036809e-02 8.072548e-02
4.100000e+00 5.660500e-03 8.036882e-02 8.082634e-02
4.200000e+00 6.934000e-03 8.036862e-02 8.092979e-02
4.300000e+00 8.286300e-03 8.036748e-02 8.103899e-02
4.400000e+00 9.679700e-03 8.036539e-02 8.115090e-02
4.500000e+00 1.107690e-02 8.036235e-02 8.126248e-02
4.600000e+00 1.248530e-02 8.035836e-02 8.137434e-02
4.700000e+00 1.395620e-02 8.035342e-02 8.149072e-02
4.800000e+00 1.540720e-02 8.034754e-02 8.160484e-02
4.900000e+00 1.684540e-02 8.034071e-02 8.171727e-02
5.000000e+00 1.833820e-02 8.033294e-02 8.183362e-02
5.100000e+00 1.979600e-02 8.032425e-02 8.194646e-02
5.200000e+00 2.124570e-02 8.031464e-02 8.205802e-02
5.300000e+00 2.272310e-02 8.030411e-02 8.217130e-02
5.400000e+00 2.415640e-02 8.029269e-02 8.228028e-02
5.500000e+00 2.560520e-02 8.028037e-02 8.238998e-02
5.600000e+00 2.704290e-02 8.026717e-02 8.249816e-02
5.700000e+00 2.843580e-02 8.025311e-02 8.260196e-02
5.800000e+00 2.987060e-02 8.023819e-02 8.270874e-02
5.900000e+00 3.125290e-02 8.022243e-02 8.281050e-02
6.000000e+00 3.263630e-02 8.020584e-02 8.291177e-02
6.100000e+00 3.400770e-02 8.018843e-02 8.301146e-02
6.200000e+00 3.533830e-02 8.017023e-02 8.310709e-02
6.300000e+00 3.669450e-02 8.015123e-02 8.320438e-02
6.400000e+00 3.799570e-02 8.013147e-02 8.329638e-02
6.500000e+00 3.931330e-02 8.011095e-02 8.338926e-02
6.600000e+00 4.059540e-02 8.008968e-02 8.347853e-02
6.700000e+00 4.186450e-02 8.006769e-02 8.356615e-02
6.800000e+00 4.312530e-02 8.004499e-02 8.365253e-02
6.900000e+00 4.434900e-02 8.002158e-02 8.373515e-02
7.000000e+00 4.558680e-02 7.999750e-02 8.381852e-02
7.100000e+00 4.677030e-02 7.997274e-02 8.389661e-02
7.200000e+00 4.798150e-02 7.994733e-02 8.397665e-02
7.300000e+00 4.914100e-02 7.992128e-02 8.405166e-02
7.400000e+00 5.031110e-02 7.989460e-02 8.412712e-02
7.500000e+00 5.144590e-02 7.986731e-02 8.419900e-02
7.600000e+00 5.257740e-02 7.983941e-02 8.427012e-02
7.700000e+00 5.368700e-02 7.981094e-02 8.433884e-02
7.800000e+00 5.478240e-02 7.978189e-02 8.440584e-02
7.900000e+00 5.586650e-02 7.975228e-02 8.447140e-02
8.000000e+00 5.694360e-02 7.972212e-02 8.453590e-02
8.100000e+00 5.802340e-02 7.969143e-02 8.460023e-02
8.200000e+00 5.907430e-02 7.966022e-02 8.466154e-02
8.300000e+00 6.012780e-02 7.962850e-02 8.472269e-02
8.400000e+00 6.114820e-02 7.959629e-02 8.478045e-02
8.500000e+00 6.217550e-02 7.956359e-02 8.483846e-02
8.600000e+00 6.316720e-02 7.953041e-02 8.489285e-02
8.700000e+00 6.416840e-02 7.949678e-02 8.494774e-02
8.800000e+00 6.513310e-02 7.946270e-02 8.499894e-02
8.900000e+00 6.610850e-02 7.942818e-02 8.505075e-02
9.000000e+00 6.704770e-02 7.939323e-02 8.509891e-02
9.100000e+00 6.799760e-02 7.935787e-02 8.514771e-02
9.200000e+00 6.891270e-02 7.932210e-02 8.519298e-02
9.300000e+00 6.983740e-02 7.928594e-02 8.523880e-02
9.400000e+00 7.072980e-02 7.924940e-02 8.528133e-02
9.500000e+00 7.162980e-02 7.921248e-02 8.532424e-02
9.600000e+00 7.250070e-02 7.917521e-02 8.536417e-02
9.700000e+00 7.337630e-02 7.913758e-02 8.540422e-02
9.800000e+00 7.422690e-02 7.909960e-02 8.544167e-02
9.900000e+00 7.507860e-02 7.906129e-02 8.547893e-02
1.000000e+01 7.590990e-02 7.902266e-02 8.551402e-02
1.010000e+01 7.673810e-02 7.898371e-02 8.554855e-02
1.020000e+01 7.755120e-02 7.894446e-02 8.558140e-02
1.030000e+01 7.835650e-02 7.890490e-02 8.561325e-02
1.040000e+01 7.915230e-02 7.886506e-02 8.564397e-02
1.050000e+01 7.994830e-02 7.882493e-02 8.567446e-02
1.060000e+01 8.074410e-02 7.878454e-02 8.570469e-02
1.070000e+01 8.152090e-02 7.874387e-02 8.573290e-02
1.080000e+01 8.230060e-02 7.870295e-02 8.576114e-02
1.090000e+01 8.305520e-02 7.866179e-02 8.578683e-02
1.100000e+01 8.381940e-02 7.862038e-02 8.581319e-02
1.110000e+01 8.455330e-02 7.857873e-02 8.583649e-02
1.120000e+01 8.530190e-02 7.853686e-02 8.586096e-02
1.130000e+01 8.602210e-02 7.849477e-02 8.588257e-02
1.140000e+01 8.674920e-02 7.845246e-02 8.590462e-02
1.150000e+01 8.745640e-02 7.840995e-02 8.592460e-02
1.160000e+01 8.816250e-02 7.836723e-02 8.594429e-02
1.170000e+01 8.885720e-02 7.832432e-02 8.596273e-02
1.180000e+01 8.954260e-02 7.828123e-02 8.598011e-02
1.190000e+01 9.022550e-02 7.823795e-02 8.599708e-02
1.200000e+01 9.089080e-02 7.819450e-02 8.601222e-02
1.210000e+01 9.156220e-02 7.815087e-02 8.602777e-02
1.220000e+01 9.220880e-02 7.810709e-02 8.604081e-02
1.230000e+01 9.286840e-02 7.806314e-02 8.605493e-02
1.240000e+01 9.350480e-02 7.801905e-02 8.606670e-02
1.250000e+01 9.414480e-02 7.797481e-02 8.607867e-02
1.260000e+01 9.477150e-02 7.793042e-02 8.608923e-02
1.270000e+01 9.539240e-02 7.788591e-02 8.609911e-02
1.280000e+01 9.600970e-02 7.784126e-02 8.610851e-02
1.290000e+01 9.661200e-02 7.779648e-02 8.611636e-02
1.300000e+01 9.722110e-02 7.775159e-02 8.612473e-02
1.310000e+01 9.782070e-02 7.770658e-02 8.613209e-02
1.320000e+01 9.842990e-02 7.766146e-02 8.614023e-02
1.330000e+01 9.902100e-02 7.761624e-02 8.614655e-02
1.340000e+01 9.961170e-02 7.757091e-02 8.615272e-02
1.350000e+01 1.001946e-01 7.752548e-02 8.615805e-02
1.360000e+01 1.007672e-01 7.747996e-02 8.616229e-02
1.370000e+01 1.013422e-01 7.743436e-02 8.616668e-02
1.380000e+01 1.018980e-01 7.738866e-02 8.616912e-02
1.390000e+01 1.024646e-01 7.734289e-02 8.617252e-02
1.400000e+01 1.030132e-01 7.729704e-02 8.617411e-02
1.410000e+01 1.035622e-01 7.725112e-02 8.617566e-02
1.420000e+01 1.041040e-01 7.720512e-02 8.617643e-02
1.430000e+01 1.046359e-01 7.715907e-02 8.617619e-02
1.440000e+01 1.051709e-01 7.711295e-02 8.617617e-02
1.450000e+01 1.056886e-01 7.706677e-02 8.617442e-02
1.460000e+01 1.062147e-01 7.702053e-02 8.617341e-02
1.470000e+01 1.067263e-01 7.697425e-02 8.617095e-02
1.480000e+01 1.072358e-01 7.692791e-02 8.616823e-02
1.490000e+01 1.077415e-01 7.688153e-02 8.616508e-02
1.500000e+01 1.082347e-01 7.683511e-02 8.616069e-02
1.510000e+01 1.087347e-01 7.678865e-02 8.615689e-02
1.520000e+01 1.092189e-01 7.674215e-02 8.615153e-02
1.530000e+01 1.097065e-01 7.669562e-02 8.614645e-02
1.540000e+01 1.101855e-01 7.664906e-02 8.614050e-02
1.550000e+01 1.106574e-01 7.660248e-02 8.613382e-02
1.560000e+01 1.111313e-01 7.655587e-02 8.612731e-02
1.570000e+01 1.115950e-01 7.650924e-02 8.611977e-02
1.580000e+01 1.120712e-01 7.646259e-02 8.611343e-02
1.590000e+01 1.125356e-01 7.641593e-02 8.610592e-02
1.600000e+01 1.129963e-01 7.636926e-02 8.609802e-02
1.610000e+01 1.134560e-01 7.632258e-02 8.609000e-02
1.620000e+01 1.139018e-01 7.627589e-02 8.608062e-02
1.630000e+01 1.143565e-01 7.622919e-02 8.607210e-02
1.640000e+01 1.147980e-01 7.618249e-02 8.606226e-02
1.650000e+01 1.152377e-01 7.613579e-02 8.605226e-02
1.660000e+01 1.156749e-01 7.608910e-02 8.604199e-02
1.670000e+01 1.160999e-01 7.604240e-02 8.603055e-02
1.680000e+01 1.165329e-01 7.599572e-02 8.601986e-02
1.690000e+01 1.169531e-01 7.594904e-02 8.600794e-02
1.700000e+01 1.173725e-01 7.590238e-02 8.599593e-02
1.710000e+01 1.177889e-01 7.585572e-02 8.598364e-02
1.720000e+01 1.181940e-01 7.580909e-02 8.597026e-02
1.730000e+01 1.186066e-01 7.576247e-02 8.595761e-02
1.740000e+01 1.190073e-01 7.571587e-02 8.594380e-02
1.750000e+01 1.194068e-01 7.566929e-02 8.592990e-02
1.760000e+01 1.198039e-01 7.562273e-02 8.591578e-02
1.770000e+01 1.201896e-01 7.557620e-02 8.590055e-02
1.780000e+01 1.205834e-01 7.552969e-02 8.588613e-02
1.790000e+01 1.209658e-01 7.548321e-02 8.587063e-02
1.800000e+01 1.213460e-01 7.543676e-02 8.585492e-02
1.810000e+01 1.217253e-01 7.539035e-02 8.583915e-02
1.820000e+01 1.220938e-01 7.534396e-02 8.582234e-02
1.830000e+01 1.224684e-01 7.529761e-02 8.580615e-02
1.840000e+01 1.228374e-01 7.525130e-02 8.578945e-02
1.850000e+01 1.232069e-01 7.520502e-02 8.577283e-02
1.860000e+01 1.235778e-01 7.515878e-02 8.575636e-02
1.870000e+01 1.239382e-01 7.511258e-02 8.573891e-02
1.880000e+01 1.243020e-01 7.506643e-02 8.572182e-02
1.890000e+01 1.246597e-01 7.502031e-02 8.570416e-02
1.900000e+01 1.250105e-01 7.497424e-02 8.568588e-02
1.910000e+01 1.253653e-01 7.492822e-02 8.566802e-02
1.920000e+01 1.257103e-01 7.488224e-02 8.564923e-02
1.930000e+01 1.260555e-01 7.483631e-02 8.563051e-02
1.940000e+01 1.263979e-01 7.479043e-02 8.561156e-02
1.950000e+01 1.267308e-01 7.474461e-02 8.559171e-02
1.960000e+01 1.270704e-01 7.469883e-02 8.557257e-02
1.970000e+01 1.274009e-01 7.465311e-02 8.555258e-02
1.980000e+01 1.277279e-01 7.460745e-02 8.553231e-02
1.990000e+01 1.280561e-01 7.456184e-02 8.551219e-02
2.000000e+01 1.283752e-01 7.451628e-02 8.549123e-02
2.010000e+01 1.286967e-01 7.447079e-02 8.547057e-02
2.020000e+01 1.290137e-01 7.442535e-02 8.544950e-02
2.030000e+01 1.293231e-01 7.437997e-02 8.542776e-02
2.040000e+01 1.296379e-01 7.433466e-02 8.540659e-02
2.050000e+01 1.299440e-01 7.428940e-02 8.538462e-02
2.060000e+01 1.302481e-01 7.424421e-02 8.536252e-02
2.070000e+01 1.305523e-01 7.419908e-02 8.534047e-02
2.080000e+01 1.308481e-01 7.415402e-02 8.531767e-02
2.090000e+01 1.311468e-01 7.410902e-02 8.529521e-02
2.100000e+01 1.314407e-01 7.406408e-02 8.527234e-02
2.110000e+01 1.317312e-01 7.401921e-02 8.524919e-02
2.120000e+01 1.320303e-01 7.397441e-02 8.522695e-02
2.130000e+01 1.323214e-01 7.392968e-02 8.520399e-02
2.140000e+01 1.326102e-01 7.388501e-02 8.518086e-02
2.150000e+01 1.328994e-01 7.384042e-02 8.515785e-02
2.160000e+01 1.331809e-01 7.379589e-02 8.513413e-02
2.170000e+01 1.334642e-01 7.375144e-02 8.511067e-02
2.180000e+01 1.337440e-01 7.370705e-02 8.508692e-02
2.190000e+01 1.340162e-01 7.366274e-02 8.506249e-02
2.200000e+01 1.342941e-01 7.361850e-02 8.503870e-02
2.210000e+01 1.345647e-01 7.357433e-02 8.501425e-02
2.220000e+01 1.348315e-01 7.353024e-02 8.498950e-02
2.230000e+01 1.351005e-01 7.348622e-02 8.496504e-02
2.240000e+01 1.353624e-01 7.344228e-02 8.493995e-02
2.250000e+01 1.356239e-01 7.339841e-02 8.491490e-02
2.260000e+01 1.358842e-01 7.335462e-02 8.488980e-02
2.270000e+01 1.361376e-01 7.331090e-02 8.486409e-02
2.280000e+01 1.363938e-01 7.326726e-02 8.483874e-02
2.290000e+01 1.366458e-01 7.322370e-02 8.481305e-02
2.300000e+01 1.368914e-01 7.318022e-02 8.478681e-02
2.310000e+01 1.371421e-01 7.313682e-02 8.476113e-02
2.320000e+01 1.373860e-01 7.309349e-02 8.473487e-02
2.330000e+01 1.376265e-01 7.305025e-02 8.470836e-02
2.340000e+01 1.378691e-01 7.300709e-02 8.468214e-02
2.350000e+01 1.381053e-01 7.296400e-02 8.465535e-02
2.360000e+01 1.383408e-01 7.292100e-02 8.462858e-02
2.370000e+01 1.385757e-01 7.287808e-02 8.460184e-02
2.380000e+01 1.388099e-01 7.283524e-02 8.457510e-02
2.390000e+01 1.390465e-01 7.279249e-02 8.454868e-02
2.400000e+01 1.392801e-01 7.274981e-02 8.452205e-02
2.410000e+01 1.395074e-01 7.270722e-02 8.449489e-02
2.420000e+01 1.397389e-01 7.266472e-02 8.446821e-02
2.430000e+01 1.399652e-01 7.262229e-02 8.444111e-02
2.440000e+01 1.401866e-01 7.257995e-02 8.441361e-02
2.450000e+01 1.404118e-01 7.253770e-02 8.438657e-02
2.460000e+01 1.406310e-01 7.249553e-02 8.435902e-02
2.470000e+01 1.408474e-01 7.245344e-02 8.433129e-02
2.480000e+01 1.410656e-01 7.241144e-02 8.430382e-02
2.490000e+01 1.412780e-01 7.236953e-02 8.427586e-02
2.500000e+01 1.414895e-01 7.232770e-02 8.424789e-02
2.510000e+01 1.417009e-01 7.228596e-02 8.422001e-02
2.520000e+01 1.419067e-01 7.224430e-02 8.419166e-02
2.530000e+01 1.421132e-01 7.220273e-02 8.416348e-02
2.540000e+01 1.423182e-01 7.216125e-02 8.413522e-02
2.550000e+01 1.425175e-01 7.211985e-02 8.410650e-02
2.560000e+01 1.427192e-01 7.207854e-02 8.407810e-02
2.570000e+01 1.429178e-01 7.203732e-02 8.404948e-02
2.580000e+01 1.431110e-01 7.199618e-02 8.402042e-02
2.590000e+01 1.433078e-01 7.195513e-02 8.399181e-02
2.600000e+01 1.435003e-01 7.191417e-02 8.396286e-02
2.610000e+01 1.436878e-01 7.187329e-02 8.393351e-02
2.620000e+01 1.438795e-01 7.183250e-02 8.390467e-02
2.630000e+01 1.440660e-01 7.179180e-02 8.387540e-02
2.640000e+01 1.442533e-01 7.175119e-02 8.384630e-02
2.650000e+01 1.444447e-01 7.171067e-02 8.381768e-02
2.660000e+01 1.446308e-01 7.167023e-02 8.378865e-02
2.670000e+01 1.448144e-01 7.162988e-02 8.375946e-02
2.680000e+01 1.449999e-01 7.158962e-02 8.373054e-02
2.690000e+01 1.451804e-01 7.154945e-02 8.370123e-02
2.700000e+01 1.453593e-01 7.150936e-02 8.367185e-02
2.710000e+01 1.455392e-01 7.146937e-02 8.364266e-02
2.720000e+01 1.457142e-01 7.142946e-02 8.361308e-02
2.730000e+01 1.458884e-01 7.138965e-02 8.358352e-02
2.740000e+01 1.460629e-01 7.134992e-02 8.355407e-02
2.750000e+01 1.462325e-01 7.131028e-02 8.352424e-02
2.760000e+01 1.464021e-01 7.127073e-02 8.349451e-02
2.770000e+01 1.465713e-01 7.123127e-02 8.346482e-02
2.780000e+01 1.467358e-01 7.119190e-02 8.343477e-02
2.790000e+01 1.469009e-01 7.115262e-02 8.340487e-02
2.800000e+01 1.470649e-01 7.111343e-02 8.337496e-02
2.810000e+01 1.472244e-01 7.107432e-02 8.334470e-02
2.820000e+01 1.473850e-01 7.103530e-02 8.331463e-02
2.830000e+01 1.475441e-01 7.099638e-02 8.328451e-02
2.840000e+01 1.476987e-01 7.095754e-02 8.325405e-02
2.850000e+01 1.478548e-01 7.091878e-02 8.322383e-02
2.860000e+01 1.480091e-01 7.088012e-02 8.319352e-02
2.870000e+01 1.481590e-01 7.084155e-02 8.316288e-02
2.880000e+01 1.483107e-01 7.080306e-02 8.313250e-02
2.890000e+01 1.484615e-01 7.076466e-02 8.310213e-02
2.900000e+01 1.486118e-01 7.072635e-02 8.307181e-02
2.910000e+01 1.487640e-01 7.068813e-02 8.304176e-02
2.920000e+01 1.489140e-01 7.065000e-02 8.301158e-02
2.930000e+01 1.490598e-01 7.061195e-02 8.298110e-02
2.940000e+01 1.492076e-01 7.057399e-02 8.295089e-02
2.950000e+01 1.493530e-01 7.053612e-02 8.292056e-02
2.960000e+01 1.494944e-01 7.049834e-02 8.288992e-02
2.970000e+01 1.496378e-01 7.046064e-02 8.285956e-02
2.980000e+01 1.497789e-01 7.042303e-02 8.282908e-02
2.990000e+01 1.499161e-01 7.038550e-02 8.279830e-02
3.000000e+01 1.500551e-01 7.034807e-02 8.276780e-02
3.010000e+01 1.501920e-01 7.031072e-02 8.273718e-02
3.020000e+01 1.503250e-01 7.027345e-02 8.270628e-02
3.030000e+01 1.504598e-01 7.023628e-02 8.267564e-02
3.040000e+01 1.505926e-01 7.019919e-02 8.264490e-02
3.050000e+01 1.507216e-01 7.016218e-02 8.261387e-02
3.060000e+01 1.508521e-01 7.012526e-02 8.258310e-02
3.070000e+01 1.509810e-01 7.008843e-02 8.255225e-02
3.080000e+01 1.511060e-01 7.005169e-02 8.252113e-02
3.090000e+01 1.512324e-01 7.001503e-02 8.249022e-02
3.100000e+01 1.513574e-01 6.997845e-02 8.245927e-02
3.110000e+01 1.514787e-01 6.994197e-02 8.242806e-02
3.120000e+01 1.516010e-01 6.990556e-02 8.239703e-02
3.130000e+01 1.517222e-01 6.986925e-02 8.236599e-02
3.140000e+01 1.518404e-01 6.983301e-02 8.233476e-02
3.150000e+01 1.519632e-01 6.979687e-02 8.230405e-02
3.160000e+01 1.520852e-01 6.976081e-02 8.227337e-02
3.170000e+01 1.522037e-01 6.972483e-02 8.224243e-02
3.180000e+01 1.523224e-01 6.968894e-02 8.221160e-02
3.190000e+01 1.524408e-01 6.965313e-02 8.218084e-02
3.200000e+01 1.525557e-01 6.961740e-02 8.214983e-02
3.210000e+01 1.526703e-01 6.958176e-02 8.211888e-02
3.220000e+01 1.527852e-01 6.954620e-02 8.208804e-02
3.230000e+01 1.528967e-01 6.951073e-02 8.205697e-02
3.240000e+01 1.530073e-01 6.947534e-02 8.202590e-02
3.250000e+01 1.531188e-01 6.944003e-02 8.199500e-02
3.260000e+01 1.532269e-01 6.940480e-02 8.196388e-02
3.270000e+01 1.533335e-01 6.936966e-02 8.193269e-02
3.280000e+01 1.534417e-01 6.933460e-02 8.190174e-02
3.290000e+01 1.535466e-01 6.929962e-02 8.187057e-02
3.300000e+01 1.536493e-01 6.926473e-02 8.183928e-02
3.310000e+01 1.537542e-01 6.922991e-02 8.180828e-02
3.320000e+01 1.538559e-01 6.919518e-02 8.177707e-02
3.330000e+01 1.539548e-01 6.916053e-02 8.174567e-02
3.340000e+01 1.540566e-01 6.912596e-02 8.171464e-02
3.350000e+01 1.541552e-01 6.909147e-02 8.168339e-02
3.360000e+01 1.542508e-01 6.905706e-02 8.165194e-02
3.370000e+01 1.543490e-01 6.902274e-02 8.162083e-02
3.380000e+01 1.544447e-01 6.898849e-02 8.158956e-02
3.390000e+01 1.545393e-01 6.895432e-02 8.155828e-02
3.400000e+01 1.546379e-01 6.892023e-02 8.152747e-02
3.410000e+01 1.547348e-01 6.888622e-02 8.149657e-02
3.420000e+01 1.548286e-01 6.885229e-02 8.146547e-02
3.430000e+01 1.549234e-01 6.881843e-02 8.143455e-02
3.440000e+01 1.550174e-01 6.878466e-02 8.140364e-02
3.450000e+01 1.551084e-01 6.875096e-02 8.137252e-02
3.460000e+01 1.551994e-01 6.871734e-02 8.134149e-02
3.470000e+01 1.552906e-01 6.868380e-02 8.131056e-02
3.480000e+01 1.553788e-01 6.865033e-02 8.127944e-02
3.490000e+01 1.554661e-01 6.861695e-02 8.124830e-02
3.500000e+01 1.555545e-01 6.858364e-02 8.121736e-02
3.510000e+01 1.556401e-01 6.855040e-02 8.118623e-02
3.520000e+01 1.557237e-01 6.851724e-02 8.115500e-02
3.530000e+01 1.558095e-01 6.848416e-02 8.112405e-02
3.540000e+01 1.558924e-01 6.845115e-02 8.109292e-02
3.550000e+01 1.559726e-01 6.841822e-02 8.106161e-02
3.560000e+01 1.560556e-01 6.838536e-02 8.103065e-02
3.570000e+01 1.561360e-01 6.835258e-02 8.099953e-02
3.580000e+01 1.562137e-01 6.831988e-02 8.096823e-02
3.590000e+01 1.562931e-01 6.828724e-02 8.093716e-02
3.600000e+01 1.563711e-01 6.825469e-02 8.090605e-02
3.610000e+01 1.564464e-01 6.822220e-02 8.087476e-02
3.620000e+01 1.565222e-01 6.818979e-02 8.084361e-02
3.630000e+01 1.565985e-01 6.815745e-02 8.081258e-02
3.640000e+01 1.566753e-01 6.812519e-02 8.078168e-02
3.650000e+01 1.567514e-01 6.809299e-02 8.075079e-02
3.660000e+01 1.568284e-01 6.806087e-02 8.072007e-02
3.670000e+01 1.569028e-01 6.802882e-02 8.068918e-02
3.680000e+01 1.569754e-01 6.799684e-02 8.065819e-02
3.690000e+01 1.570500e-01 6.796493e-02 8.062748e-02
3.700000e+01 1.571222e-01 6.793309e-02 8.059661e-02
3.710000e+01 1.571919e-01 6.790132e-02 8.056558e-02
3.720000e+01 1.572636e-01 6.786963e-02 8.053483e-02
3.730000e+01 1.573336e-01 6.783800e-02 8.050398e-02
3.740000e+01 1.574011e-01 6.780644e-02 8.047297e-02
3.750000e+01 1.574694e-01 6.777495e-02 8.044211e-02
3.760000e+01 1.575371e-01 6.774352e-02 8.041129e-02
3.770000e+01 1.576025e-01 6.771217e-02 8.038030e-02
3.780000e+01 1.576674e-01 6.768088e-02 8.034935e-02
3.790000e+01 1.577330e-01 6.764966e-02 8.031855e-02
3.800000e+01 1.577963e-01 6.761851e-02 8.028759e-02
3.810000e+01 1.578578e-01 6.758742e-02 8.025654e-02
3.820000e+01 1.579214e-01 6.755640e-02 8.022576e-02
3.830000e+01 1.579827e-01 6.752544e-02 8.019484e-02
3.840000e+01 1.580416e-01 6.749455e-02 8.016377e-02
3.850000e+01 1.581024e-01 6.746373e-02 8.013294e-02
3.860000e+01 1.581617e-01 6.743297e-02 8.010205e-02
3.870000e+01 1.582197e-01 6.740227e-02 8.007110e-02
3.880000e+01 1.582806e-01 6.737164e-02 8.004050e-02
3.890000e+01 1.583416e-01 6.734107e-02 8.000998e-02
3.900000e+01 1.584003e-01 6.731057e-02 7.997931e-02
3.910000e+01 1.584579e-01 6.728013e-02 7.994862e-02
3.920000e+01 1.585170e-01 6.724975e-02 7.991812e-02
3.930000e+01 1.585738e-01 6.721943e-02 7.988749e-02
3.940000e+01 1.586284e-01 6.718917e-02 7.985672e-02
3.950000e+01 1.586853e-01 6.715898e-02 7.982623e-02
3.960000e+01 1.587403e-01 6.712885e-02 7.979563e-02
3.970000e+01 1.587932e-01 6.709877e-02 7.976490e-02
3.980000e+01 1.588468e-01 6.706876e-02 7.973430e-02
3.990000e+01 1.589001e-01 6.703881e-02 7.970374e-02
4.000000e+01 1.589512e-01 6.700892e-02 7.967305e-02
4.010000e+01 1.590016e-01 6.697909e-02 7.964235e-02
4.020000e+01 1.590531e-01 6.694932e-02 7.961183e-02
4.030000e+01 1.591026e-01 6.691960e-02 7.958117e-02
4.040000e+01 1.591500e-01 6.688995e-02 7.955040e-02
4.050000e+01 1.591997e-01 6.686035e-02 7.951989e-02
4.060000e+01 1.592475e-01 6.683081e-02 7.948928e-02
4.070000e+01 1.592934e-01 6.680132e-02 7.945854e-02
4.080000e+01 1.593398e-01 6.677190e-02 7.942793e-02
4.090000e+01 1.593861e-01 6.674253e-02 7.939736e-02
4.100000e+01 1.594304e-01 6.671321e-02 7.936667e-02
4.110000e+01 1.594756e-01 6.668395e-02 7.933614e-02
4.120000e+01 1.595237e-01 6.665475e-02 7.930593e-02
4.130000e+01 1.595698e-01 6.662560e-02 7.927559e-02
4.140000e+01 1.596139e-01 6.659651e-02 7.924513e-02
4.150000e+01 1.596598e-01 6.656747e-02 7.921490e-02
4.160000e+01 1.597043e-01 6.653848e-02 7.918460e-02
4.170000e+01 1.597470e-01 6.650955e-02 7.915419e-02
4.180000e+01 1.597897e-01 6.648067e-02 7.912384e-02
4.190000e+01 1.598328e-01 6.645184e-02 7.909359e-02
4.200000e+01 1.598740e-01 6.642306e-02 7.906322e-02
4.210000e+01 1.599136e-01 6.639434e-02 7.903275e-02
4.220000e+01 1.599553e-01 6.636567e-02 7.900254e-02
4.230000e+01 1.599951e-01 6.633704e-02 7.897221e-02
4.240000e+01 1.600331e-01 6.630847e-02 7.894177e-02
4.250000e+01 1.600719e-01 6.627995e-02 7.891146e-02
4.260000e+01 1.601104e-01 6.625148e-02 7.888118e-02
4.270000e+01 1.601470e-01 6.622306e-02 7.885078e-02
4.280000e+01 1.601828e-01 6.619469e-02 7.882035e-02
4.290000e+01 1.602200e-01 6.616636e-02 7.879011e-02
4.300000e+01 1.602553e-01 6.613809e-02 7.875976e-02
4.310000e+01 1.602889e-01 6.610986e-02 7.872930e-02
4.320000e+01 1.603239e-01 6.608168e-02 7.869902e-02
4.330000e+01 1.603581e-01 6.605355e-02 7.866871e-02
4.340000e+01 1.603910e-01 6.602546e-02 7.863834e-02
4.350000e+01 1.604261e-01 6.599742e-02 7.860823e-02
4.360000e+01 1.604621e-01 6.596942e-02 7.857825e-02
4.370000e+01 1.604963e-01 6.594147e-02 7.854816e-02
4.380000e+01 1.605289e-01 6.591356e-02 7.851796e-02
4.390000e+01 1.605632e-01 6.588570e-02 7.848798e-02
4.400000e+01 1.605962e-01 6.585788e-02 7.845793e-02
4.410000e+01 1.606276e-01 6.583011e-02 7.842777e-02
4.420000e+01 1.606589e-01 6.580238e-02 7.839766e-02
4.430000e+01 1.606907e-01 6.577469e-02 7.836765e-02
4.440000e+01 1.607210e-01 6.574705e-02 7.833753e-02
4.450000e+01 1.607496e-01 6.571944e-02 7.830731e-02
4.460000e+01 1.607800e-01 6.569188e-02 7.827731e-02
4.470000e+01 1.608091e-01 6.566436e-02 7.824723e-02
4.480000e+01 1.608367e-01 6.563688e-02 7.821705e-02
4.490000e+01 1.608642e-01 6.560944e-02 7.818691e-02
4.500000e+01 1.608922e-01 6.558204e-02 7.815687e-02
4.510000e+01 1.609187e-01 6.555468e-02 7.812673e-02
4.520000e+01 1.609436e-01 6.552736e-02 7.809649e-02
4.530000e+01 1.609703e-01 6.550008e-02 7.806646e-02
4.540000e+01 1.609957e-01 6.547284e-02 7.803636e-02
4.550000e+01 1.610196e-01 6.544564e-02 7.800615e-02
4.560000e+01 1.610434e-01 6.541847e-02 7.797599e-02
4.570000e+01 1.610678e-01 6.539134e-02 7.794592e-02
4.580000e+01 1.610936e-01 6.536425e-02 7.791602e-02
4.590000e+01 1.611179e-01 6.533719e-02 7.788603e-02
4.600000e+01 1.611438e-01 6.531017e-02 7.785622e-02
4.610000e+01 1.611686e-01 6.528319e-02 7.782635e-02
4.620000e+01 1.611919e-01 6.525624e-02 7.779639e-02
4.630000e+01 1.612149e-01 6.522932e-02 7.776643e-02
4.640000e+01 1.612388e-01 6.520244e-02 7.773660e-02
4.650000e+01 1.612612e-01 6.517560e-02 7.770667e-02
4.660000e+01 1.612821e-01 6.514879e-02 7.767664e-02
4.670000e+01 1.613042e-01 6.512201e-02 7.764675e-02
4.680000e+01 1.613257e-01 6.509526e-02 7.761685e-02
4.690000e+01 1.613457e-01 6.506854e-02 7.758685e-02
4.700000e+01 1.613649e-01 6.504186e-02 7.755681e-02
4.710000e+01 1.613855e-01 6.501521e-02 7.752693e-02
4.720000e+01 1.614047e-01 6.498859e-02 7.749696e-02
4.730000e+01 1.614225e-01 6.496200e-02 7.746690e-02
4.740000e+01 1.614409e-01 6.493544e-02 7.743692e-02
4.750000e+01 1.614592e-01 6.490891e-02 7.740698e-02
4.760000e+01 1.614762e-01 6.488240e-02 7.737694e-02
4.770000e+01 1.614918e-01 6.485593e-02 7.734681e-02
4.780000e+01 1.615093e-01 6.482949e-02 7.731689e-02
4.790000e+01 1.615255e-01 6.480307e-02 7.728687e-02
4.800000e+01 1.615403e-01 6.477668e-02 7.725677e-02
4.810000e+01 1.615578e-01 6.475032e-02 7.722693e-02
4.820000e+01 1.615759e-01 6.472399e-02 7.719720e-02
4.830000e+01 1.615927e-01 6.469768e-02 7.716737e-02
4.840000e+01 1.616082e-01 6.467140e-02 7.713744e-02
4.850000e+01 1.616248e-01 6.464514e-02 7.710765e-02
4.860000e+01 1.616408e-01 6.461891e-02 7.707784e-02
4.870000e+01 1.616556e-01 6.459270e-02 7.704793e-02
4.880000e+01 1.616694e-01 6.456652e-02 7.701797e-02
4.890000e+01 1.616847e-01 6.454036e-02 7.698817e-02
4.900000e+01 1.616988e-01 6.451423e-02 7.695829e-02
4.910000e+01 1.617115e-01 6.448812e-02 7.692831e-02
4.920000e+01 1.617244e-01 6.446203e-02 7.689837e-02
4.930000e+01 1.617378e-01 6.443596e-02 7.686850e-02
4.940000e+01 1.617499e-01 6.440992e-02 7.683854e-02
4.950000e+01 1.617608e-01 6.438389e-02 7.680850e-02
4.960000e+01 1.617728e-01 6.435789e-02 7.677857e-02
4.970000e+01 1.617843e-01 6.433191e-02 7.674863e-02
4.980000e+01 1.617945e-01 6.430595e-02 7.671860e-02
4.990000e+01 1.618038e-01 6.428001e-02 7.668850e-02
5.000000e+01 1.618146e-01 6.425409e-02 7.665857e-02
5.010000e+01 1.618243e-01 6.422819e-02 7.662855e-02
5.020000e+01 1.618328e-01 6.420231e-02 7.659845e-02
5.030000e+01 1.618416e-01 6.417645e-02 7.656839e-02
5.040000e+01 1.618532e-01 6.415060e-02 7.653863e-02
5.050000e+01 1.618637e-01 6.412477e-02 7.650877e-02
5.060000e+01 1.618730e-01 6.409896e-02 7.647882e-02
5.070000e+01 1.618830e-01 6.407317e-02 7.644896e-02
5.080000e+01 1.618930e-01 6.404740e-02 7.641911e-02
5.090000e+01 1.619017e-01 6.402164e-02 7.638918e-02
5.100000e+01 1.619093e-01 6.399589e-02 7.635915e-02
5.110000e+01 1.619184e-01 6.397017e-02 7.632928e-02
5.120000e+01 1.619266e-01 6.394445e-02 7.629935e-02
5.130000e+01 1.619337e-01 6.391876e-02 7.626933e-02
5.140000e+01 1.619400e-01 6.389307e-02 7.623926e-02
5.150000e+01 1.619477e-01 6.386740e-02 7.620933e-02
5.160000e+01 1.619543e-01 6.384175e-02 7.617932e-02
5.170000e+01 1.619598e-01 6.381610e-02 7.614922e-02
5.180000e+01 1.619652e-01 6.379047e-02 7.611913e-02
5.190000e+01 1.619713e-01 6.376486e-02 7.608911e-02
5.200000e+01 1.619763e-01 6.373925e-02 7.605901e-02
5.210000e+01 1.619803e-01 6.371366e-02 7.602883e-02
5.220000e+01 1.619847e-01 6.368808e-02 7.599871e-02
5.230000e+01 1.619893e-01 6.366251e-02 7.596861e-02
5.240000e+01 1.619928e-01 6.363695e-02 7.593842e-02
5.250000e+01 1.619952e-01 6.361140e-02 7.590815e-02
5.260000e+01 1.619999e-01 6.358586e-02 7.587811e-02
5.270000e+01 1.620054e-01 6.356033e-02 7.584814e-02
5.280000e+01 1.620099e-01 6.353481e-02 7.581809e-02
5.290000e+01 1.620133e-01 6.350930e-02 7.578795e-02
5.300000e+01 1.620183e-01 6.348379e-02 7.575797e-02
5.310000e+01 1.620223e-01 6.345830e-02 7.572791e-02
5.320000e+01 1.620253e-01 6.343281e-02 7.569777e-02
5.330000e+01 1.620276e-01 6.340733e-02 7.566756e-02
5.340000e+01 1.620312e-01 6.338186e-02 7.563750e-02
5.350000e+01 1.620338e-01 6.335640e-02 7.560734e-02
5.360000e+01 1.620354e-01 6.333094e-02 7.557711e-02
5.370000e+01 1.620367e-01 6.330549e-02 7.554685e-02
5.380000e+01 1.620389e-01 6.328004e-02 7.551668e-02
5.390000e+01 1.620402e-01 6.325460e-02 7.548643e-02
5.400000e+01 1.620404e-01 6.322916e-02 7.545610e-02
5.410000e+01 1.620407e-01 6.320373e-02 7.542578e-02
5.420000e+01 1.620416e-01 6.317830e-02 7.539551e-02
5.430000e+01 1.620415e-01 6.315288e-02 7.536517e-02
5.440000e+01 1.620405e-01 6.312746e-02 7.533474e-02
5.450000e+01 1.620397e-01 6.310205e-02 7.530434e-02
5.460000e+01 1.620393e-01 6.307663e-02 7.527398e-02
5.470000e+01 1.620380e-01 6.305122e-02 7.524354e-02
5.480000e+01 1.620358e-01 6.302582e-02 7.521301e-02
5.490000e+01 1.620362e-01 6.300041e-02 7.518273e-02
5.500000e+01 1.620369e-01 6.297501e-02 7.515248e-02
5.510000e+01 1.620366e-01 6.294961e-02 7.512215e-02
5.520000e+01 1.620355e-01 6.292420e-02 7.509173e-02
5.530000e+01 1.620349e-01 6.289880e-02 7.506136e-02
5.540000e+01 1.620344e-01 6.287340e-02 7.503101e-02
5.550000e+01 1.620330e-01 6.284800e-02 7.500057e-02
5.560000e+01 1.620306e-01 6.282260e-02 7.497005e-02
5.570000e+01 1.620290e-01 6.279720e-02 7.493959e-02
5.580000e+01 1.620273e-01 6.277180e-02 7.490912e-02
5.590000e+01 1.620247e-01 6.274640e-02 7.487858e-02
5.600000e+01 1.620213e-01 6.272100e-02 7.484796e-02
5.610000e+01 1.620186e-01 6.269559e-02 7.481740e-02
5.620000e+01 1.620158e-01 6.267018e-02 7.478683e-02
5.630000e+01 1.620121e-01 6.264477e-02 7.475618e-02
5.640000e+01 1.620075e-01 6.261936e-02 7.472545e-02
5.650000e+01 1.620037e-01 6.259395e-02 7.469478e-02
5.660000e+01 1.619999e-01 6.256853e-02 7.466411e-02
5.670000e+01 1.619951e-01 6.254311e-02 7.463335e-02
5.680000e+01 1.619895e-01 6.251769e-02 7.460251e-02
5.690000e+01 1.619846e-01 6.249226e-02 7.457173e-02
5.700000e+01 1.619797e-01 6.246683e-02 7.454095e-02
5.710000e+01 1.619752e-01 6.244139e-02 7.451019e-02
5.720000e+01 1.619708e-01 6.241595e-02 7.447944e-02
5.730000e+01 1.619669e-01 6.239050e-02 7.444874e-02
5.740000e+01 1.619632e-01 6.236505e-02 7.441804e-02
5.750000e+01 1.619586e-01 6.233959e-02 7.438725e-02
5.760000e+01 1.619532e-01 6.231413e-02 7.435639e-02
5.770000e+01 1.619483e-01 6.228866e-02 7.432556e-02
5.780000e+01 1.619435e-01 6.226318e-02 7.429474e-02
5.790000e+01 1.619380e-01 6.223770e-02 7.426384e-02
5.800000e+01 1.619316e-01 6.221221e-02 7.423286e-02
5.810000e+01 1.619255e-01 6.218671e-02 7.420189e-02
5.820000e+01 1.619198e-01 6.216120e-02 7.417095e-02
5.830000e+01 1.619134e-01 6.213569e-02 7.413994e-02
5.840000e+01 1.619061e-01 6.211017e-02 7.410884e-02
5.850000e+01 1.618988e-01 6.208464e-02 7.407774e-02
5.860000e+01 1.618922e-01 6.205910e-02 7.404668e-02
5.870000e+01 1.618848e-01 6.203355e-02 7.401555e-02
5.880000e+01 1.618767e-01 6.200800e-02 7.398434e-02
5.890000e+01 1.618682e-01 6.198243e-02 7.395309e-02
5.900000e+01 1.618608e-01 6.195685e-02 7.392191e-02
5.910000e+01 1.618526e-01 6.193127e-02 7.389066e-02
5.920000e+01 1.618436e-01 6.190567e-02 7.385933e-02
5.930000e+01 1.618345e-01 6.188007e-02 7.382798e-02
5.940000e+01 1.618283e-01 6.185445e-02 7.379687e-02
5.950000e+01 1.618213e-01 6.182882e-02 7.376568e-02
5.960000e+01 1.618136e-01 6.180318e-02 7.373442e-02
5.970000e+01 1.618052e-01 6.177753e-02 7.370307e-02
5.980000e+01 1.617979e-01 6.175187e-02 7.367181e-02
5.990000e+01 1.617901e-01 6.172620e-02 7.364050e-02
6.000000e+01 1.617816e-01 6.170051e-02 7.360911e-02
6.010000e+01 1.617723e-01 6.167482e-02 7.357764e-02
6.020000e+01 1.617638e-01 6.164911e-02 7.354622e-02
6.030000e+01 1.617552e-01 6.162338e-02 7.351479e-02
6.040000e+01 1.617460e-01 6.159765e-02 7.348327e-02
6.050000e+01 1.617360e-01 6.157190e-02 7.345168e-02
6.060000e+01 1.617262e-01 6.154614e-02 7.342009e-02
6.070000e+01 1.617169e-01 6.152036e-02 7.338852e-02
6.080000e+01 1.617069e-01 6.149457e-02 7.335688e-02
6.090000e+01 1.616962e-01 6.146877e-02 7.332516e-02
6.100000e+01 1.616851e-01 6.144295e-02 7.329340e-02
6.110000e+01 1.616751e-01 6.141712e-02 7.326171e-02
6.120000e+01 1.616644e-01 6.139127e-02 7.322995e-02
6.130000e+01 1.616530e-01 6.136541e-02 7.319810e-02
6.140000e+01 1.616409e-01 6.133954e-02 7.316618e-02
6.150000e+01 1.616301e-01 6.131365e-02 7.313436e-02
6.160000e+01 1.616208e-01 6.128774e-02 7.310265e-02
6.170000e+01 1.616107e-01 6.126182e-02 7.307085e-02
6.180000e+01 1.616000e-01 6.123588e-02 7.303898e-02
6.190000e+01 1.615898e-01 6.120993e-02 7.300714e-02
6.200000e+01 1.615797e-01 6.118396e-02 7.297529e-02
6.210000e+01 1.615690e-01 6.115798e-02 7.294337e-02
6.220000e+01 1.615576e-01 6.113198e-02 7.291137e-02
6.230000e+01 1.615461e-01 6.110596e-02 7.287933e-02
6.240000e+01 1.615355e-01 6.107993e-02 7.284736e-02
6.250000e+01 1.615241e-01 6.105388e-02 7.281530e-02
6.260000e+01 1.615121e-01 6.102781e-02 7.278318e-02
6.270000e+01 1.614995e-01 6.100173e-02 7.275097e-02
6.280000e+01 1.614880e-01 6.097562e-02 7.271885e-02
6.290000e+01 1.614761e-01 6.094951e-02 7.268666e-02
6.300000e+01 1.614635e-01 6.092337e-02 7.265441e-02
6.310000e+01 1.614503e-01 6.089722e-02 7.262208e-02
6.320000e+01 1.614375e-01 6.087105e-02 7.258975e-02
6.330000e+01 1.614250e-01 6.084486e-02 7.255744e-02
6.340000e+01 1.614119e-01 6.081865e-02 7.252505e-02
6.350000e+01 1.613981e-01 6.079242e-02 7.249259e-02
6.360000e+01 1.613839e-01 6.076618e-02 7.246007e-02
6.370000e+01 1.613709e-01 6.073992e-02 7.242763e-02
6.380000e+01 1.613592e-01 6.071364e-02 7.239528e-02
6.390000e+01 1.613468e-01 6.068734e-02 7.236285e-02
6.400000e+01 1.613339e-01 6.066102e-02 7.233036e-02
6.410000e+01 1.613215e-01 6.063468e-02 7.229788e-02
6.420000e+01 1.613092e-01 6.060832e-02 7.226540e-02
6.430000e+01 1.612964e-01 6.058195e-02 7.223285e-02
6.440000e+01 1.612829e-01 6.055555e-02 7.220022e-02
6.450000e+01 1.612691e-01 6.052914e-02 7.216753e-02
6.460000e+01 1.612564e-01 6.050270e-02 7.213492e-02
6.470000e+01 1.612430e-01 6.047625e-02 7.210223e-02
6.480000e+01 1.612291e-01 6.044978e-02 7.206947e-02
6.490000e+01 1.612146e-01 6.042328e-02 7.203664e-02
6.500000e+01 1.612006e-01 6.039677e-02 7.200383e-02
6.510000e+01 1.611868e-01 6.037023e-02 7.197101e-02
6.520000e+01 1.611724e-01 6.034368e-02 7.193812e-02
6.530000e+01 1.611574e-01 6.031711e-02 7.190516e-02
6.540000e+01 1.611421e-01 6.029051e-02 7.187213e-02
6.550000e+01 1.611278e-01 6.026390e-02 7.183918e-02
6.560000e+01 1.611129e-01 6.023726e-02 7.180616e-02
6.570000e+01 1.610975e-01 6.021060e-02 7.177307e-02
6.580000e+01 1.610816e-01 6.018393e-02 7.173991e-02
6.590000e+01 1.610660e-01 6.015723e-02 7.170675e-02
6.600000e+01 1.610526e-01 6.013051e-02 7.167376e-02
6.610000e+01 1.610386e-01 6.010377e-02 7.164069e-02
6.620000e+01 1.610241e-01 6.007701e-02 7.160755e-02
6.630000e+01 1.610090e-01 6.005023e-02 7.157435e-02
6.640000e+01 1.609950e-01 6.002343e-02 7.154120e-02
6.650000e+01 1.609806e-01 5.999660e-02 7.150800e-02
6.660000e+01 1.609657e-01 5.996976e-02 7.147474e-02
6.670000e+01 1.609502e-01 5.994289e-02 7.144140e-02
6.680000e+01 1.609347e-01 5.991600e-02 7.140802e-02
6.690000e+01 1.609199e-01 5.988909e-02 7.137470e-02
6.700000e+01 1.609046e-01 5.986216e-02 7.134130e-02
6.710000e+01 1.608887e-01 5.983520e-02 7.130783e-02
6.720000e+01 1.608724e-01 5.980823e-02 7.127429e-02
6.730000e+01 1.608564e-01 5.978123e-02 7.124077e-02
6.740000e+01 1.608408e-01 5.975421e-02 7.120724e-02
6.750000e+01 1.608246e-01 5.972717e-02 7.117364e-02
6.760000e+01 1.608079e-01 5.970011e-02 7.113998e-02
6.770000e+01 1.607907e-01 5.967302e-02 7.110624e-02
6.780000e+01 1.607744e-01 5.964592e-02 7.107256e-02
6.790000e+01 1.607578e-01 5.961879e-02 7.103884e-02
6.800000e+01 1.607408e-01 5.959164e-02 7.100504e-02
6.810000e+01 1.607235e-01 5.956446e-02 7.097120e-02
6.820000e+01 1.607074e-01 5.953727e-02 7.093744e-02
6.830000e+01 1.606923e-01 5.951005e-02 7.090374e-02
6.840000e+01 1.606767e-01 5.948281e-02 7.086996e-02
6.850000e+01 1.606606e-01 5.945555e-02 7.083613e-02
6.860000e+01 1.606440e-01 5.942827e-02 7.080222e-02
6.870000e+01 1.606275e-01 5.940096e-02 7.076829e-02
6.880000e+01 1.606116e-01 5.937363e-02 7.073439e-02
6.890000e+01 1.605951e-01 5.934628e-02 7.070043e-02
6.900000e+01 1.605783e-01 5.931891e-02 7.066639e-02
6.910000e+01 1.605609e-01 5.929151e-02 7.063230e-02
6.920000e+01 1.605438e-01 5.926410e-02 7.059820e-02
6.930000e+01 1.605271e-01 5.923666e-02 7.056411e-02
6.940000e+01 1.605099e-01 5.920919e-02 7.052995e-02
6.950000e+01 1.604923e-01 5.918171e-02 7.049573e-02
6.960000e+01 1.604741e-01 5.915420e-02 7.046144e-02
6.970000e+01 1.604565e-01 5.912668e-02 7.042717e-02
6.980000e+01 1.604390e-01 5.909912e-02 7.039289e-02
6.990000e+01 1.604211e-01 5.907155e-02 7.035855e-02
7.000000e+01 1.604027e-01 5.904396e-02 7.032414e-02
7.010000e+01 1.603838e-01 5.901634e-02 7.028966e-02
7.020000e+01 1.603656e-01 5.898870e-02 7.025522e-02
7.030000e+01 1.603480e-01 5.896103e-02 7.022080e-02
7.040000e+01 1.603311e-01 5.893335e-02 7.018641e-02
7.050000e+01 1.603137e-01 5.890564e-02 7.015196e-02
7.060000e+01 1.602958e-01 5.887791e-02 7.011744e-02
7.070000e+01 1.602787e-01 5.885016e-02 7.008296e-02
7.080000e+01 1.602614e-01 5.882239e-02 7.004845e-02
7.090000e+01 1.602438e-01 5.879459e-02 7.001388e-02
7.100000e+01 1.602257e-01 5.876677e-02 6.997924e-02
7.110000e+01 1.602071e-01 5.873893e-02 6.994454e-02
7.120000e+01 1.601893e-01 5.871107e-02 6.990988e-02
7.130000e+01 1.601714e-01 5.868318e-02 6.987519e-02
7.140000e+01 1.601531e-01 5.865527e-02 6.984043e-02
7.150000e+01 1.601343e-01 5.862734e-02 6.980562e-02
7.160000e+01 1.601151e-01 5.859939e-02 6.977074e-02
7.170000e+01 1.600966e-01 5.857142e-02 6.973590e-02
7.180000e+01 1.600780e-01 5.854342e-02 6.970102e-02
7.190000e+01 1.600590e-01 5.851540e-02 6.966609e-02
7.200000e+01 1.600396e-01 5.848736e-02 6.963110e-02
7.210000e+01 1.600198e-01 5.845930e-02 6.959605e-02
7.220000e+01 1.600005e-01 5.843122e-02 6.956102e-02
7.230000e+01 1.599813e-01 5.840311e-02 6.952597e-02
7.240000e+01 1.599617e-01 5.837499e-02 6.949087e-02
7.250000e+01 1.599428e-01 5.834684e-02 6.945579e-02
7.260000e+01 1.599240e-01 5.831867e-02 6.942070e-02
7.270000e+01 1.599056e-01 5.829047e-02 6.938562e-02
7.280000e+01 1.598875e-01 5.826226e-02 6.935054e-02
7.290000e+01 1.598689e-01 5.823402e-02 6.931540e-02
7.300000e+01 1.598499e-01 5.820577e-02 6.928020e-02
7.310000e+01 1.598305e-01 5.817749e-02 6.924495e-02
7.320000e+01 1.598113e-01 5.814919e-02 6.920968e-02
7.330000e+01 1.597926e-01 5.812087e-02 6.917443e-02
7.340000e+01 1.597734e-01 5.809253e-02 6.913912e-02
7.350000e+01 1.597539e-01 5.806416e-02 6.910375e-02
7.360000e+01 1.597339e-01 5.803578e-02 6.906833e-02
7.370000e+01 1.597138e-01 5.800737e-02 6.903288e-02
7.380000e+01 1.596945e-01 5.797895e-02 6.899746e-02
7.390000e+01 1.596748e-01 5.795050e-02 6.896199e-02
7.400000e+01 1.596546e-01 5.792203e-02 6.892646e-02
7.410000e+01 1.596341e-01 5.789354e-02 6.889088e-02
7.420000e+01 1.596132e-01 5.786503e-02 6.885524e-02
7.430000e+01 1.595932e-01 5.783650e-02 6.881965e-02
7.440000e+01 1.595730e-01 5.780795e-02 6.878402e-02
7.450000e+01 1.595523e-01 5.777938e-02 6.874833e-02
7.460000e+01 1.595313e-01 5.775078e-02 6.871260e-02
7.470000e+01 1.595115e-01 5.772217e-02 6.867693e-02
7.480000e+01 1.594922e-01 5.769354e-02 6.864129e-02
7.490000e+01 1.594730e-01 5.766489e-02 6.860563e-02
7.500000e+01 1.594534e-01 5.763621e-02 6.856992e-02
7.510000e+01 1.594334e-01 5.760752e-02 6.853415e-02
7.520000e+01 1.594131e-01 5.757881e-02 6.849834e-02
7.530000e+01 1.593927e-01 5.755007e-02 6.846250e-02
7.540000e+01 1.593730e-01 5.752132e-02 6.842669e-02
7.550000e+01 1.593529e-01 5.749255e-02 6.839082e-02
7.560000e+01 1.593324e-01 5.746376e-02 6.835491e-02
7.570000e+01 1.593116e-01 5.743495e-02 6.831895e-02
7.580000e+01 1.592904e-01 5.740611e-02 6.828293e-02
7.590000e+01 1.592700e-01 5.737726e-02 6.824696e-02
7.600000e+01 1.592494e-01 5.734840e-02 6.821095e-02
7.610000e+01 1.592284e-01 5.731951e-02 6.817489e-02
7.620000e+01 1.592071e-01 5.729060e-02 6.813878e-02
7.630000e+01 1.591854e-01 5.726168e-02 6.810262e-02
7.640000e+01 1.591639e-01 5.723273e-02 6.806646e-02
7.650000e+01 1.591429e-01 5.720377e-02 6.803031e-02
7.660000e+01 1.591214e-01 5.717479e-02 6.799411e-02
7.670000e+01 1.590996e-01 5.714579e-02 6.795786e-02
7.680000e+01 1.590782e-01 5.711677e-02 6.792162e-02
7.690000e+01 1.590573e-01 5.708773e-02 6.788540e-02
7.700000e+01 1.590371e-01 5.705868e-02 6.784923e-02
7.710000e+01 1.590168e-01 5.702961e-02 6.781301e-02
7.720000e+01 1.589960e-01 5.700052e-02 6.777675e-02
7.730000e+01 1.589750e-01 5.697141e-02 6.774045e-02
7.740000e+01 1.589535e-01 5.694229e-02 6.770409e-02
7.750000e+01 1.589322e-01 5.691314e-02 6.766772e-02
7.760000e+01 1.589113e-01 5.688398e-02 6.763138e-02
7.770000e+01 1.588901e-01 5.685481e-02 6.759498e-02
7.780000e+01 1.588686e-01 5.682561e-02 6.755854e-02
7.790000e+01 1.588467e-01 5.679640e-02 6.752206e-02
7.800000e+01 1.588245e-01 5.676717e-02 6.748553e-02
7.810000e+01 1.588028e-01 5.673793e-02 6.744902e-02
7.820000e+01 1.587812e-01 5.670866e-02 6.741250e-02
7.830000e+01 1.587592e-01 5.667939e-02 6.737593e-02
7.840000e+01 1.587368e-01 5.665009e-02 6.733932e-02
7.850000e+01 1.587142e-01 5.662078e-02 6.730267e-02
7.860000e+01 1.586912e-01 5.659145e-02 6.726597e-02
7.870000e+01 1.586691e-01 5.656211e-02 6.722932e-02
7.880000e+01 1.586467e-01 5.653275e-02 6.719264e-02
7.890000e+01 1.586240e-01 5.650337e-02 6.715591e-02
7.900000e+01 1.586024e-01 5.647398e-02 6.711925e-02
7.910000e+01 1.585805e-01 5.644457e-02 6.708255e-02
7.920000e+01 1.585586e-01 5.641515e-02 6.704584e-02
7.930000e+01 1.585372e-01 5.638571e-02 6.700915e-02
7.940000e+01 1.585155e-01 5.635626e-02 6.697243e-02
7.950000e+01 1.584935e-01 5.632679e-02 6.693565e-02
7.960000e+01 1.584712e-01 5.629730e-02 6.689884e-02
7.970000e+01 1.584485e-01 5.626780e-02 6.686199e-02
7.980000e+01 1.584261e-01 5.623829e-02 6.682514e-02
7.990000e+01 1.584040e-01 5.620876e-02 6.678829e-02
8.000000e+01 1.583816e-01 5.617922e-02 6.675141e-02
8.010000e+01 1.583588e-01 5.614966e-02 6.671449e-02
8.020000e+01 1.583357e-01 5.612009e-02 6.667753e-02
8.030000e+01 1.583124e-01 5.609051e-02 6.664053e-02
8.040000e+01 1.582894e-01 5.606091e-02 6.660354e-02
8.050000e+01 1.582665e-01 5.603130e-02 6.656655e-02
8.060000e+01 1.582434e-01 5.600167e-02 6.652953e-02
8.070000e+01 1.582199e-01 5.597203e-02 6.649246e-02
8.080000e+01 1.581962e-01 5.594238e-02 6.645536e-02
8.090000e+01 1.581721e-01 5.591271e-02 6.641822e-02
8.100000e+01 1.581485e-01 5.588303e-02 6.638110e-02
8.110000e+01 1.581259e-01 5.585334e-02 6.634405e-02
8.120000e+01 1.581035e-01 5.582363e-02 6.630700e-02
8.130000e+01 1.580808e-01 5.579391e-02 6.626991e-02
8.140000e+01 1.580578e-01 5.576418e-02 6.623279e-02
8.150000e+01 1.580345e-01 5.573444e-02 6.619563e-02
8.160000e+01 1.580116e-01 5.570468e-02 6.615849e-02
8.170000e+01 1.579888e-01 5.567491e-02 6.612135e-02
8.180000e+01 1.579657e-01 5.564513e-02 6.608417e-02
8.190000e+01 1.579423e-01 5.561534e-02 6.604695e-02
8.200000e+01 1.579186e-01 5.558554e-02 6.600970e-02
8.210000e+01 1.578946e-01 5.555572e-02 6.597241e-02
8.220000e+01 1.578710e-01 5.552590e-02 6.593514e-02
8.230000e+01 1.578475e-01 5.549606e-02 6.589787e-02
8.240000e+01 1.578237e-01 5.546621e-02 6.586057e-02
8.250000e+01 1.577997e-01 5.543635e-02 6.582323e-02
8.260000e+01 1.577753e-01 5.540648e-02 6.578586e-02
8.270000e+01 1.577506e-01 5.537660e-02 6.574845e-02
8.280000e+01 1.577262e-01 5.534670e-02 6.571106e-02
8.290000e+01 1.577020e-01 5.531680e-02 6.567367e-02
8.300000e+01 1.576776e-01 5.528689e-02 6.563625e-02
8.310000e+01 1.576528e-01 5.525696e-02 6.559880e-02
8.320000e+01 1.576284e-01 5.522703e-02 6.556136e-02
8.330000e+01 1.576045e-01 5.519708e-02 6.552395e-02
8.340000e+01 1.575805e-01 5.516713e-02 6.548653e-02
8.350000e+01 1.575572e-01 5.513717e-02 6.544915e-02
8.360000e+01 1.575335e-01 5.510719e-02 6.541173e-02
8.370000e+01 1.575095e-01 5.507721e-02 6.537428e-02
8.380000e+01 1.574852e-01 5.504722e-02 6.533680e-02
8.390000e+01 1.574607e-01 5.501722e-02 6.529929e-02
8.400000e+01 1.574358e-01 5.498721e-02 6.526175e-02
8.410000e+01 1.574118e-01 5.495719e-02 6.522426e-02
8.420000e+01 1.573874e-01 5.492717e-02 6.518674e-02
8.430000e+01 1.573628e-01 5.489713e-02 6.514919e-02
8.440000e+01 1.573379e-01 5.486709e-02 6.511162e-02
8.450000e+01 1.573127e-01 5.483704e-02 6.507401e-02
8.460000e+01 1.572873e-01 5.480698e-02 6.503637e-02
8.470000e+01 1.572622e-01 5.477691e-02 6.499876e-02
8.480000e+01 1.572372e-01 5.474684e-02 6.496115e-02
8.490000e+01 1.572120e-01 5.471676e-02 6.492351e-02
8.500000e+01 1.571864e-01 5.468667e-02 6.488584e-02
8.510000e+01 1.571606e-01 5.465657e-02 6.484814e-02
8.520000e+01 1.571345e-01 5.462647e-02 6.481042e-02
8.530000e+01 1.571086e-01 5.459636e-02 6.477271e-02
8.540000e+01 1.570844e-01 5.456624e-02 6.473511e-02
8.550000e+01 1.570599e-01 5.453612e-02 6.469750e-02
8.560000e+01 1.570351e-01 5.450599e-02 6.465985e-02
8.570000e+01 1.570100e-01 5.447585e-02 6.462218e-02
8.580000e+01 1.569846e-01 5.444571e-02 6.458448e-02
8.590000e+01 1.569590e-01 5.441556e-02 6.454675e-02
8.600000e+01 1.569338e-01 5.438540e-02 6.450906e-02
8.610000e+01 1.569087e-01 5.435524e-02 6.447136e-02
8.620000e+01 1.568832e-01 5.432508e-02 6.443364e-02
8.630000e+01 1.568575e-01 5.429491e-02 6.439589e-02
8.640000e+01 1.568316e-01 5.426473e-02 6.435812e-02
8.650000e+01 1.568053e-01 5.423455e-02 6.432032e-02
8.660000e+01 1.567789e-01 5.420436e-02 6.428250e-02
8.670000e+01 1.567531e-01 5.417417e-02 6.424473e-02
8.680000e+01 1.567270e-01 5.414398e-02 6.420694e-02
8.690000e+01 1.567007e-01 5.411378e-02 6.416912e-02
8.700000e+01 1.566741e-01 5.408357e-02 6.413128e-02
8.710000e+01 1.566473e-01 5.405336e-02 6.409342e-02
8.720000e+01 1.566201e-01 5.402315e-02 6.405553e-02
8.730000e+01 1.565931e-01 5.399293e-02 6.401765e-02
8.740000e+01 1.565666e-01 5.396271e-02 6.397981e-02
8.750000e+01 1.565410e-01 5.393248e-02 6.394203e-02
8.760000e+01 1.565151e-01 5.390225e-02 6.390423e-02
8.770000e+01 1.564890e-01 5.387202e-02 6.386641e-02
8.780000e+01 1.564626e-01 5.384179e-02 6.382857e-02
8.790000e+01 1.564359e-01 5.381155e-02 6.379071e-02
8.800000e+01 1.564096e-01 5.378131e-02 6.375287e-02
8.810000e+01 1.563834e-01 5.375106e-02 6.371504e-02
8.820000e+01 1.563570e-01 5.372082e-02 6.367719e-02
8.830000e+01 1.563302e-01 5.369057e-02 6.363931e-02
8.840000e+01 1.563033e-01 5.366031e-02 6.360142e-02
8.850000e+01 1.562760e-01 5.363006e-02 6.356351e-02
8.860000e+01 1.562485e-01 5.359980e-02 6.352558e-02
8.870000e+01 1.562215e-01 5.356954e-02 6.348768e-02
8.880000e+01 1.561944e-01 5.353928e-02 6.344979e-02
8.890000e+01 1.561671e-01 5.350902e-02 6.341187e-02
8.900000e+01 1.561395e-01 5.347876e-02 6.337394e-02
8.910000e+01 1.561117e-01 5.344849e-02 6.333598e-02
8.920000e+01 1.560836e-01 5.341823e-02 6.329801e-02
8.930000e+01 1.560553e-01 5.338796e-02 6.326002e-02
8.940000e+01 1.560275e-01 5.335769e-02 6.322207e-02
8.950000e+01 1.559996e-01 5.332742e-02 6.318412e-02
8.960000e+01 1.559728e-01 5.329715e-02 6.314625e-02
8.970000e+01 1.559457e-01 5.326688e-02 6.310836e-02
8.980000e+01 1.559183e-01 5.323661e-02 6.307045e-02
8.990000e+01 1.558907e-01 5.320634e-02 6.303253e-02
9.000000e+01 1.558628e-01 5.317607e-02 6.299459e-02
9.010000e+01 1.558355e-01 5.314580e-02 6.295668e-02
9.020000e+01 1.558080e-01 5.311553e-02 6.291878e-02
9.030000e+01 1.557804e-01 5.308526e-02 6.288086e-02
9.040000e+01 1.557524e-01 5.305499e-02 6.284293e-02
9.050000e+01 1.557242e-01 5.302472e-02 6.280498e-02
9.060000e+01 1.556958e-01 5.299445e-02 6.276701e-02
9.070000e+01 1.556671e-01 5.296418e-02 6.272903e-02
9.080000e+01 1.556388e-01 5.293392e-02 6.269108e-02
9.090000e+01 1.556105e-01 5.290365e-02 6.265314e-02
9.100000e+01 1.555820e-01 5.287339e-02 6.261518e-02
9.110000e+01 1.555532e-01 5.284313e-02 6.257721e-02
9.120000e+01 1.555242e-01 5.281287e-02 6.253923e-02
9.130000e+01 1.554950e-01 5.278261e-02 6.250123e-02
9.140000e+01 1.554655e-01 5.275235e-02 6.246322e-02
9.150000e+01 1.554361e-01 5.272209e-02 6.242523e-02
9.160000e+01 1.554071e-01 5.269184e-02 6.238726e-02
9.170000e+01 1.553791e-01 5.266159e-02 6.234938e-02
9.180000e+01 1.553508e-01 5.263134e-02 6.231148e-02
9.190000e+01 1.553223e-01 5.260109e-02 6.227356e-02
9.200000e+01 1.552935e-01 5.257085e-02 6.223564e-02
9.210000e+01 1.552645e-01 5.254061e-02 6.219770e-02
9.220000e+01 1.552352e-01 5.251037e-02 6.215975e-02
9.230000e+01 1.552066e-01 5.248013e-02 6.212186e-02
9.240000e+01 1.551778e-01 5.244990e-02 6.208395e-02
9.250000e+01 1.551487e-01 5.241967e-02 6.204603e-02
9.260000e+01 1.551193e-01 5.238945e-02 6.200810e-02
9.270000e+01 1.550898e-01 5.235923e-02 6.197016e-02
9.280000e+01 1.550599e-01 5.232901e-02 6.193221e-02
9.290000e+01 1.550299e-01 5.229879e-02 6.189425e-02
9.300000e+01 1.550001e-01 5.226858e-02 6.185632e-02
9.310000e+01 1.549704e-01 5.223838e-02 6.181840e-02
9.320000e+01 1.549405e-01 5.220818e-02 6.178048e-02
9.330000e+01 1.549104e-01 5.217798e-02 6.174254e-02
9.340000e+01 1.548800e-01 5.214779e-02 6.170460e-02
9.350000e+01 1.548494e-01 5.211760e-02 6.166664e-02
9.360000e+01 1.548186e-01 5.208741e-02 6.162868e-02
9.370000e+01 1.547877e-01 5.205724e-02 6.159073e-02
9.380000e+01 1.547585e-01 5.202706e-02 6.155290e-02
9.390000e+01 1.547291e-01 5.199690e-02 6.151506e-02
9.400000e+01 1.546994e-01 5.196673e-02 6.147722e-02
9.410000e+01 1.546695e-01 5.193658e-02 6.143937e-02
9.420000e+01 1.546393e-01 5.190642e-02 6.140151e-02
9.430000e+01 1.546089e-01 5.187628e-02 6.136365e-02
9.440000e+01 1.545783e-01 5.184614e-02 6.132577e-02
9.450000e+01 1.545477e-01 5.181600e-02 6.128791e-02
9.460000e+01 1.545175e-01 5.178588e-02 6.125008e-02
9.470000e+01 1.544870e-01 5.175575e-02 6.121225e-02
9.480000e+01 1.544563e-01 5.172564e-02 6.117441e-02
9.490000e+01 1.544253e-01 5.169553e-02 6.113656e-02
9.500000e+01 1.543941e-01 5.166543e-02 6.109871e-02
9.510000e+01 1.543627e-01 5.163533e-02 6.106085e-02
9.520000e+01 1.543311e-01 5.160524e-02 6.102299e-02
9.530000e+01 1.542996e-01 5.157516e-02 6.098514e-02
9.540000e+01 1.542683e-01 5.154509e-02 6.094733e-02
9.550000e+01 1.542368e-01 5.151502e-02 6.090951e-02
9.560000e+01 1.542051e-01 5.148496e-02 6.087168e-02
9.570000e+01 1.541731e-01 5.145491e-02 6.083385e-02
9.580000e+01 1.541414e-01 5.142486e-02 6.079605e-02
9.590000e+01 1.541102e-01 5.139483e-02 6.075830e-02
9.600000e+01 1.540787e-01 5.136480e-02 6.072054e-02
9.610000e+01 1.540475e-01 5.133477e-02 6.068281e-02
9.620000e+01 1.540164e-01 5.130476e-02 6.064510e-02
9.630000e+01 1.539851e-01 5.127476e-02 6.060739e-02
9.640000e+01 1.539535e-01 5.124476e-02 6.056967e-02
9.650000e+01 1.539217e-01 5.121477e-02 6.053195e-02
9.660000e+01 1.538897e-01 5.118479e-02 6.049423e-02
9.670000e+01 1.538575e-01 5.115482e-02 6.045650e-02
9.680000e+01 1.538250e-01 5.112485e-02 6.041877e-02
9.690000e+01 1.537927e-01 5.109490e-02 6.038107e-02
9.700000e+01 1.537606e-01 5.106495e-02 6.034339e-02
9.710000e+01 1.537283e-01 5.103502e-02 6.030571e-02
9.720000e+01 1.536957e-01 5.100509e-02 6.026803e-02
9.730000e+01 1.536629e-01 5.097517e-02 6.023034e-02
9.740000e+01 1.536299e-01 5.094526e-02 6.019266e-02
9.750000e+01 1.535967e-01 5.091536e-02 6.015497e-02
9.760000e+01 1.535632e-01 5.088547e-02 6.011728e-02
9.770000e+01 1.535298e-01 5.085559e-02 6.007960e-02
9.780000e+01 1.534966e-01 5.082572e-02 6.004196e-02
9.790000e+01 1.534642e-01 5.079586e-02 6.000439e-02
9.800000e+01 1.534318e-01 5.076601e-02 5.996683e-02
9.810000e+01 1.533992e-01 5.073617e-02 5.992928e-02
9.820000e+01 1.533664e-01 5.070634e-02 5.989172e-02
9.830000e+01 1.533334e-01 5.067652e-02 5.985417e-02
9.840000e+01 1.533001e-01 5.064671e-02 5.981661e-02
9.850000e+01 1.532667e-01 5.061692e-02 5.977905e-02
9.860000e+01 1.532337e-01 5.058713e-02 5.974155e-02
9.870000e+01 1.532005e-01 5.055735e-02 5.970404e-02
9.880000e+01 1.531672e-01 5.052759e-02 5.966654e-02
9.890000e+01 1.531336e-01 5.049783e-02 5.962904e-02
9.900000e+01 1.530998e-01 5.046809e-02 5.959154e-02
9.910000e+01 1.530658e-01 5.043835e-02 5.955404e-02
9.920000e+01 1.530316e-01 5.040863e-02 5.951654e-02
9.930000e+01 1.529971e-01 5.037892e-02 5.947904e-02
9.940000e+01 1.529627e-01 5.034922e-02 5.944157e-02
9.950000e+01 1.529286e-01 5.031954e-02 5.940413e-02
9.960000e+01 1.528943e-01 5.028986e-02 5.936669e-02
9.970000e+01 1.528597e-01 5.026020e-02 5.932925e-02
9.980000e+01 1.528249e-01 5.023055e-02 5.929181e-02
9.990000e+01 1.527900e-01 5.020091e-02 5.925439e-02
1.000000e+02 1.527560e-01 5.017128e-02 5.921704e-02
