# # chi(t) for Pe = 600, beta = 0.1, bridge_width = 1.0
# # Columns: time, chi, I_T (signed), I_|T| (unsigned)
0.000000e+00 0.000000e+00 7.671023e-02 7.671023e-02
1.000000e-01 1.227000e-04 7.972474e-02 7.973452e-02
2.000000e-01 3.560000e-05 8.006177e-02 8.006461e-02
3.000000e-01 0.000000e+00 8.005969e-02 8.005969e-02
4.000000e-01 0.000000e+00 8.006509e-02 8.006509e-02
5.000000e-01 0.000000e+00 7.996651e-02 7.996651e-02
6.000000e-01 0.000000e+00 8.007044e-02 8.007044e-02
7.000000e-01 0.000000e+00 8.007997e-02 8.007997e-02
8.000000e-01 0.000000e+00 8.008905e-02 8.008905e-02
9.000000e-01 2.000000e-07 8.009784e-02 8.009785e-02
1.000000e+00 1.600000e-06 8.010649e-02 8.010662e-02
1.100000e+00 5.700000e-06 8.011516e-02 8.011562e-02
1.200000e+00 1.370000e-05 8.012396e-02 8.012506e-02
1.300000e+00 2.670000e-05 8.013300e-02 8.013514e-02
1.400000e+00 4.500000e-05 8.014234e-02 8.014595e-02
1.500000e+00 6.760000e-05 8.015204e-02 8.015746e-02
1.600000e+00 9.240000e-05 8.016209e-02 8.016950e-02
1.700000e+00 1.164000e-04 8.017250e-02 8.018183e-02
1.800000e+00 1.368000e-04 8.018321e-02 8.019418e-02
1.900000e+00 1.517000e-04 8.019418e-02 8.020635e-02
2.000000e+00 1.602000e-04 8.020534e-02 8.021819e-02
2.100000e+00 1.619000e-04 8.021660e-02 8.022959e-02
2.200000e+00 1.574000e-04 8.022789e-02 8.024052e-02
2.300000e+00 1.474000e-04 8.023912e-02 8.025094e-02
2.400000e+00 1.330000e-04 8.025020e-02 8.026087e-02
2.500000e+00 1.154000e-04 8.026104e-02 8.027031e-02
2.600000e+00 9.580000e-05 8.027158e-02 8.027927e-02
2.700000e+00 7.550000e-05 8.028172e-02 8.028778e-02
2.800000e+00 5.560000e-05 8.029140e-02 8.029586e-02
2.900000e+00 3.720000e-05 8.030054e-02 8.030353e-02
3.000000e+00 2.160000e-05 8.030910e-02 8.031083e-02
3.100000e+00 9.600000e-06 8.031700e-02 8.031777e-02
3.200000e+00 2.200000e-06 8.032420e-02 8.032438e-02
3.300000e+00 0.000000e+00 8.033066e-02 8.033066e-02
3.400000e+00 0.000000e+00 8.033633e-02 8.033633e-02
3.500000e+00 0.000000e+00 8.034117e-02 8.034117e-02
3.600000e+00 0.000000e+00 8.034516e-02 8.034516e-02
3.700000e+00 0.000000e+00 8.034826e-02 8.034826e-02
3.800000e+00 0.000000e+00 8.035046e-02 8.035046e-02
3.900000e+00 0.000000e+00 8.035174e-02 8.035174e-02
4.000000e+00 0.000000e+00 8.035207e-02 8.035207e-02
4.100000e+00 0.000000e+00 8.035145e-02 8.035145e-02
4.200000e+00 0.000000e+00 8.034987e-02 8.034987e-02
4.300000e+00 0.000000e+00 8.034732e-02 8.034732e-02
4.400000e+00 0.000000e+00 8.034380e-02 8.034380e-02
4.500000e+00 0.000000e+00 8.033930e-02 8.033930e-02
4.600000e+00 0.000000e+00 8.033383e-02 8.033383e-02
4.700000e+00 0.000000e+00 8.032739e-02 8.032739e-02
4.800000e+00 0.000000e+00 8.031998e-02 8.031998e-02
4.900000e+00 0.000000e+00 8.031161e-02 8.031161e-02
5.000000e+00 0.000000e+00 8.030228e-02 8.030228e-02
5.100000e+00 4.390000e-05 8.029200e-02 8.029552e-02
5.200000e+00 3.282000e-04 8.028078e-02 8.030714e-02
5.300000e+00 7.312000e-04 8.026864e-02 8.032737e-02
5.400000e+00 1.248800e-03 8.025557e-02 8.035592e-02
5.500000e+00 1.833800e-03 8.024160e-02 8.038902e-02
5.600000e+00 2.466700e-03 8.022673e-02 8.042511e-02
5.700000e+00 3.135700e-03 8.021098e-02 8.046329e-02
5.800000e+00 3.831300e-03 8.019436e-02 8.050279e-02
5.900000e+00 4.545500e-03 8.017688e-02 8.054299e-02
6.000000e+00 5.313000e-03 8.015856e-02 8.058672e-02
6.100000e+00 6.090000e-03 8.013942e-02 8.063046e-02
6.200000e+00 6.876000e-03 8.011946e-02 8.067417e-02
6.300000e+00 7.694900e-03 8.009869e-02 8.071983e-02
6.400000e+00 8.525200e-03 8.007715e-02 8.076569e-02
6.500000e+00 9.346800e-03 8.005483e-02 8.081015e-02
6.600000e+00 1.019390e-02 8.003177e-02 8.085600e-02
6.700000e+00 1.104320e-02 8.000796e-02 8.090137e-02
6.800000e+00 1.187680e-02 7.998343e-02 8.094479e-02
6.900000e+00 1.274460e-02 7.995818e-02 8.099038e-02
7.000000e+00 1.359610e-02 7.993225e-02 8.103400e-02
7.100000e+00 1.444550e-02 7.990563e-02 8.107683e-02
7.200000e+00 1.530990e-02 7.987835e-02 8.112030e-02
7.300000e+00 1.615330e-02 7.985042e-02 8.116144e-02
7.400000e+00 1.702340e-02 7.982185e-02 8.120422e-02
7.500000e+00 1.787920e-02 7.979266e-02 8.124525e-02
7.600000e+00 1.873100e-02 7.976286e-02 8.128541e-02
7.700000e+00 1.959150e-02 7.973246e-02 8.132575e-02
7.800000e+00 2.042530e-02 7.970148e-02 8.136335e-02
7.900000e+00 2.128750e-02 7.966994e-02 8.140280e-02
8.000000e+00 2.212180e-02 7.963783e-02 8.143942e-02
8.100000e+00 2.296520e-02 7.960519e-02 8.147631e-02
8.200000e+00 2.379770e-02 7.957202e-02 8.151181e-02
8.300000e+00 2.462290e-02 7.953833e-02 8.154623e-02
8.400000e+00 2.545150e-02 7.950413e-02 8.158048e-02
8.500000e+00 2.625920e-02 7.946944e-02 8.161252e-02
8.600000e+00 2.708230e-02 7.943427e-02 8.164542e-02
8.700000e+00 2.787550e-02 7.939864e-02 8.167537e-02
8.800000e+00 2.868930e-02 7.936254e-02 8.170665e-02
8.900000e+00 2.947520e-02 7.932600e-02 8.173517e-02
9.000000e+00 3.027190e-02 7.928903e-02 8.176419e-02
9.100000e+00 3.104950e-02 7.925164e-02 8.179122e-02
9.200000e+00 3.182970e-02 7.921384e-02 8.181808e-02
9.300000e+00 3.259810e-02 7.917563e-02 8.184357e-02
9.400000e+00 3.336240e-02 7.913704e-02 8.186837e-02
9.500000e+00 3.412090e-02 7.909807e-02 8.189230e-02
9.600000e+00 3.487010e-02 7.905873e-02 8.191511e-02
9.700000e+00 3.561790e-02 7.901903e-02 8.193747e-02
9.800000e+00 3.635260e-02 7.897898e-02 8.195837e-02
9.900000e+00 3.708930e-02 7.893859e-02 8.197914e-02
1.000000e+01 3.781000e-02 7.889787e-02 8.199823e-02
1.010000e+01 3.854620e-02 7.885683e-02 8.201833e-02
1.020000e+01 3.926610e-02 7.881548e-02 8.203674e-02
1.030000e+01 3.999170e-02 7.877383e-02 8.205536e-02
1.040000e+01 4.069870e-02 7.873188e-02 8.207211e-02
1.050000e+01 4.141200e-02 7.868965e-02 8.208912e-02
1.060000e+01 4.210660e-02 7.864714e-02 8.210427e-02
1.070000e+01 4.280740e-02 7.860436e-02 8.211969e-02
1.080000e+01 4.349010e-02 7.856133e-02 8.213331e-02
1.090000e+01 4.417810e-02 7.851804e-02 8.214714e-02
1.100000e+01 4.484930e-02 7.847450e-02 8.215929e-02
1.110000e+01 4.552440e-02 7.843073e-02 8.217154e-02
1.120000e+01 4.618470e-02 7.838673e-02 8.218229e-02
1.130000e+01 4.684680e-02 7.834250e-02 8.219298e-02
1.140000e+01 4.749650e-02 7.829806e-02 8.220238e-02
1.150000e+01 4.814550e-02 7.825341e-02 8.221153e-02
1.160000e+01 4.878500e-02 7.820856e-02 8.221965e-02
1.170000e+01 4.942100e-02 7.816351e-02 8.222726e-02
1.180000e+01 5.005060e-02 7.811827e-02 8.223415e-02
1.190000e+01 5.067350e-02 7.807286e-02 8.224026e-02
1.200000e+01 5.129370e-02 7.802726e-02 8.224596e-02
1.210000e+01 5.190350e-02 7.798150e-02 8.225059e-02
1.220000e+01 5.251460e-02 7.793557e-02 8.225516e-02
1.230000e+01 5.311950e-02 7.788948e-02 8.225904e-02
1.240000e+01 5.373300e-02 7.784325e-02 8.226351e-02
1.250000e+01 5.432790e-02 7.779686e-02 8.226622e-02
1.260000e+01 5.493280e-02 7.775034e-02 8.226964e-02
1.270000e+01 5.551630e-02 7.770368e-02 8.227107e-02
1.280000e+01 5.611100e-02 7.765690e-02 8.227333e-02
1.290000e+01 5.668670e-02 7.760999e-02 8.227382e-02
1.300000e+01 5.726800e-02 7.756296e-02 8.227467e-02
1.310000e+01 5.783620e-02 7.751582e-02 8.227424e-02
1.320000e+01 5.840420e-02 7.746857e-02 8.227370e-02
1.330000e+01 5.896500e-02 7.742121e-02 8.227240e-02
1.340000e+01 5.951990e-02 7.737376e-02 8.227049e-02
1.350000e+01 6.007360e-02 7.732621e-02 8.226836e-02
1.360000e+01 6.061550e-02 7.727857e-02 8.226511e-02
1.370000e+01 6.116220e-02 7.723085e-02 8.226218e-02
1.380000e+01 6.169130e-02 7.718304e-02 8.225762e-02
1.390000e+01 6.223130e-02 7.713515e-02 8.225392e-02
1.400000e+01 6.275360e-02 7.708720e-02 8.224859e-02
1.410000e+01 6.328100e-02 7.703917e-02 8.224363e-02
1.420000e+01 6.379730e-02 7.699108e-02 8.223761e-02
1.430000e+01 6.431190e-02 7.694293e-02 8.223138e-02
1.440000e+01 6.482210e-02 7.689471e-02 8.222469e-02
1.450000e+01 6.533370e-02 7.684645e-02 8.221806e-02
1.460000e+01 6.584800e-02 7.679813e-02 8.221160e-02
1.470000e+01 6.634710e-02 7.674977e-02 8.220374e-02
1.480000e+01 6.685540e-02 7.670136e-02 8.219665e-02
1.490000e+01 6.734810e-02 7.665291e-02 8.218813e-02
1.500000e+01 6.784460e-02 7.660443e-02 8.217989e-02
1.510000e+01 6.833190e-02 7.655591e-02 8.217080e-02
1.520000e+01 6.881590e-02 7.650736e-02 8.216137e-02
1.530000e+01 6.929790e-02 7.645879e-02 8.215174e-02
1.540000e+01 6.976940e-02 7.641020e-02 8.214113e-02
1.550000e+01 7.024640e-02 7.636158e-02 8.213098e-02
1.560000e+01 7.070900e-02 7.631295e-02 8.211953e-02
1.570000e+01 7.117760e-02 7.626430e-02 8.210859e-02
1.580000e+01 7.163550e-02 7.621564e-02 8.209667e-02
1.590000e+01 7.209180e-02 7.616697e-02 8.208460e-02
1.600000e+01 7.254510e-02 7.611830e-02 8.207224e-02
1.610000e+01 7.298920e-02 7.606962e-02 8.205905e-02
1.620000e+01 7.343810e-02 7.602095e-02 8.204627e-02
1.630000e+01 7.387370e-02 7.597227e-02 8.203230e-02
1.640000e+01 7.431470e-02 7.592360e-02 8.201881e-02
1.650000e+01 7.474620e-02 7.587494e-02 8.200447e-02
1.660000e+01 7.517800e-02 7.582629e-02 8.199014e-02
1.670000e+01 7.561400e-02 7.577765e-02 8.197620e-02
1.680000e+01 7.603980e-02 7.572902e-02 8.196135e-02
1.690000e+01 7.647180e-02 7.568041e-02 8.194705e-02
1.700000e+01 7.689150e-02 7.563182e-02 8.193166e-02
1.710000e+01 7.731370e-02 7.558325e-02 8.191652e-02
1.720000e+01 7.772960e-02 7.553470e-02 8.190081e-02
1.730000e+01 7.814010e-02 7.548617e-02 8.188465e-02
1.740000e+01 7.855220e-02 7.543768e-02 8.186864e-02
1.750000e+01 7.895270e-02 7.538921e-02 8.185161e-02
1.760000e+01 7.935950e-02 7.534077e-02 8.183517e-02
1.770000e+01 7.975650e-02 7.529237e-02 8.181788e-02
1.780000e+01 8.015180e-02 7.524400e-02 8.180045e-02
1.790000e+01 8.054530e-02 7.519567e-02 8.178290e-02
1.800000e+01 8.092920e-02 7.514737e-02 8.176451e-02
1.810000e+01 8.131950e-02 7.509911e-02 8.174671e-02
1.820000e+01 8.169890e-02 7.505090e-02 8.172799e-02
1.830000e+01 8.207900e-02 7.500272e-02 8.170935e-02
1.840000e+01 8.245540e-02 7.495459e-02 8.169040e-02
1.850000e+01 8.282430e-02 7.490651e-02 8.167084e-02
1.860000e+01 8.319750e-02 7.485847e-02 8.165169e-02
1.870000e+01 8.356060e-02 7.481048e-02 8.163167e-02
1.880000e+01 8.393130e-02 7.476254e-02 8.161237e-02
1.890000e+01 8.429910e-02 7.471465e-02 8.159285e-02
1.900000e+01 8.466080e-02 7.466681e-02 8.157283e-02
1.910000e+01 8.502560e-02 7.461903e-02 8.155313e-02
1.920000e+01 8.538060e-02 7.457131e-02 8.153261e-02
1.930000e+01 8.573820e-02 7.452364e-02 8.151236e-02
1.940000e+01 8.609050e-02 7.447603e-02 8.149169e-02
1.950000e+01 8.643720e-02 7.442848e-02 8.147056e-02
1.960000e+01 8.678670e-02 7.438099e-02 8.144974e-02
1.970000e+01 8.712700e-02 7.433356e-02 8.142815e-02
1.980000e+01 8.746960e-02 7.428620e-02 8.140681e-02
1.990000e+01 8.780720e-02 7.423890e-02 8.138510e-02
2.000000e+01 8.813920e-02 7.419166e-02 8.136292e-02
2.010000e+01 8.847440e-02 7.414449e-02 8.134109e-02
2.020000e+01 8.880070e-02 7.409739e-02 8.131853e-02
2.030000e+01 8.912850e-02 7.405035e-02 8.129615e-02
2.040000e+01 8.945240e-02 7.400338e-02 8.127350e-02
2.050000e+01 8.976980e-02 7.395648e-02 8.125031e-02
2.060000e+01 9.009150e-02 7.390966e-02 8.122757e-02
2.070000e+01 9.040470e-02 7.386290e-02 8.120413e-02
2.080000e+01 9.071790e-02 7.381621e-02 8.118076e-02
2.090000e+01 9.103130e-02 7.376960e-02 8.115748e-02
2.100000e+01 9.134130e-02 7.372306e-02 8.113394e-02
2.110000e+01 9.165700e-02 7.367660e-02 8.111098e-02
2.120000e+01 9.196450e-02 7.363020e-02 8.108737e-02
2.130000e+01 9.227020e-02 7.358389e-02 8.106365e-02
2.140000e+01 9.257560e-02 7.353765e-02 8.103997e-02
2.150000e+01 9.287320e-02 7.349148e-02 8.101567e-02
2.160000e+01 9.317460e-02 7.344539e-02 8.099177e-02
2.170000e+01 9.347010e-02 7.339938e-02 8.096742e-02
2.180000e+01 9.376150e-02 7.335345e-02 8.094277e-02
2.190000e+01 9.405510e-02 7.330760e-02 8.091839e-02
2.200000e+01 9.434120e-02 7.326182e-02 8.089340e-02
2.210000e+01 9.462830e-02 7.321613e-02 8.086858e-02
2.220000e+01 9.491250e-02 7.317052e-02 8.084358e-02
2.230000e+01 9.518980e-02 7.312499e-02 8.081804e-02
2.240000e+01 9.547220e-02 7.307953e-02 8.079302e-02
2.250000e+01 9.574730e-02 7.303417e-02 8.076743e-02
2.260000e+01 9.602040e-02 7.298888e-02 8.074174e-02
2.270000e+01 9.629390e-02 7.294368e-02 8.071615e-02
2.280000e+01 9.656030e-02 7.289856e-02 8.069002e-02
2.290000e+01 9.682920e-02 7.285353e-02 8.066418e-02
2.300000e+01 9.709550e-02 7.280858e-02 8.063819e-02
2.310000e+01 9.736120e-02 7.276372e-02 8.061222e-02
2.320000e+01 9.763070e-02 7.271894e-02 8.058667e-02
2.330000e+01 9.789340e-02 7.267424e-02 8.056059e-02
2.340000e+01 9.815480e-02 7.262964e-02 8.053448e-02
2.350000e+01 9.841590e-02 7.258511e-02 8.050842e-02
2.360000e+01 9.867050e-02 7.254068e-02 8.048186e-02
2.370000e+01 9.892760e-02 7.249633e-02 8.045561e-02
2.380000e+01 9.918070e-02 7.245207e-02 8.042908e-02
2.390000e+01 9.942850e-02 7.240790e-02 8.040216e-02
2.400000e+01 9.968010e-02 7.236381e-02 8.037567e-02
2.410000e+01 9.992540e-02 7.231981e-02 8.034869e-02
2.420000e+01 1.001691e-01 7.227590e-02 8.032164e-02
2.430000e+01 1.004130e-01 7.223208e-02 8.029471e-02
2.440000e+01 1.006508e-01 7.218835e-02 8.026731e-02
2.450000e+01 1.008902e-01 7.214470e-02 8.024015e-02
2.460000e+01 1.011267e-01 7.210115e-02 8.021280e-02
2.470000e+01 1.013572e-01 7.205768e-02 8.018501e-02
2.480000e+01 1.015924e-01 7.201430e-02 8.015772e-02
2.490000e+01 1.018217e-01 7.197101e-02 8.012999e-02
2.500000e+01 1.020481e-01 7.192782e-02 8.010208e-02
2.510000e+01 1.022786e-01 7.188471e-02 8.007463e-02
2.520000e+01 1.025067e-01 7.184169e-02 8.004705e-02
2.530000e+01 1.027347e-01 7.179876e-02 8.001954e-02
2.540000e+01 1.029616e-01 7.175591e-02 7.999202e-02
2.550000e+01 1.031828e-01 7.171316e-02 7.996408e-02
2.560000e+01 1.034065e-01 7.167050e-02 7.993645e-02
2.570000e+01 1.036266e-01 7.162793e-02 7.990858e-02
2.580000e+01 1.038417e-01 7.158544e-02 7.988036e-02
2.590000e+01 1.040607e-01 7.154305e-02 7.985256e-02
2.600000e+01 1.042742e-01 7.150074e-02 7.982437e-02
2.610000e+01 1.044852e-01 7.145853e-02 7.979603e-02
2.620000e+01 1.046977e-01 7.141640e-02 7.976791e-02
2.630000e+01 1.049049e-01 7.137436e-02 7.973941e-02
2.640000e+01 1.051117e-01 7.133242e-02 7.971097e-02
2.650000e+01 1.053179e-01 7.129056e-02 7.968256e-02
2.660000e+01 1.055189e-01 7.124879e-02 7.965377e-02
2.670000e+01 1.057216e-01 7.120711e-02 7.962522e-02
2.680000e+01 1.059217e-01 7.116553e-02 7.959653e-02
2.690000e+01 1.061168e-01 7.112403e-02 7.956747e-02
2.700000e+01 1.063154e-01 7.108262e-02 7.953882e-02
2.710000e+01 1.065096e-01 7.104130e-02 7.950987e-02
2.720000e+01 1.067050e-01 7.100007e-02 7.948110e-02
2.730000e+01 1.069036e-01 7.095893e-02 7.945271e-02
2.740000e+01 1.070974e-01 7.091788e-02 7.942398e-02
2.750000e+01 1.072892e-01 7.087692e-02 7.939516e-02
2.760000e+01 1.074820e-01 7.083604e-02 7.936652e-02
2.770000e+01 1.076701e-01 7.079526e-02 7.933754e-02
2.780000e+01 1.078579e-01 7.075456e-02 7.930862e-02
2.790000e+01 1.080452e-01 7.071395e-02 7.927974e-02
2.800000e+01 1.082278e-01 7.067343e-02 7.925054e-02
2.810000e+01 1.084116e-01 7.063299e-02 7.922152e-02
2.820000e+01 1.085935e-01 7.059264e-02 7.919242e-02
2.830000e+01 1.087708e-01 7.055238e-02 7.916301e-02
2.840000e+01 1.089505e-01 7.051221e-02 7.913389e-02
2.850000e+01 1.091272e-01 7.047213e-02 7.910459e-02
2.860000e+01 1.092993e-01 7.043213e-02 7.907497e-02
2.870000e+01 1.094751e-01 7.039221e-02 7.904576e-02
2.880000e+01 1.096467e-01 7.035239e-02 7.901626e-02
2.890000e+01 1.098148e-01 7.031264e-02 7.898654e-02
2.900000e+01 1.099857e-01 7.027299e-02 7.895715e-02
2.910000e+01 1.101523e-01 7.023342e-02 7.892746e-02
2.920000e+01 1.103200e-01 7.019393e-02 7.889795e-02
2.930000e+01 1.104909e-01 7.015453e-02 7.886881e-02
2.940000e+01 1.106575e-01 7.011521e-02 7.883938e-02
2.950000e+01 1.108229e-01 7.007597e-02 7.880992e-02
2.960000e+01 1.109889e-01 7.003682e-02 7.878060e-02
2.970000e+01 1.111509e-01 6.999776e-02 7.875100e-02
2.980000e+01 1.113123e-01 6.995877e-02 7.872144e-02
2.990000e+01 1.114737e-01 6.991987e-02 7.869196e-02
3.000000e+01 1.116310e-01 6.988106e-02 7.866220e-02
3.010000e+01 1.117887e-01 6.984232e-02 7.863255e-02
3.020000e+01 1.119455e-01 6.980367e-02 7.860291e-02
3.030000e+01 1.120983e-01 6.976510e-02 7.857300e-02
3.040000e+01 1.122521e-01 6.972661e-02 7.854326e-02
3.050000e+01 1.124045e-01 6.968820e-02 7.851347e-02
3.060000e+01 1.125530e-01 6.964988e-02 7.848343e-02
3.070000e+01 1.127031e-01 6.961164e-02 7.845360e-02
3.080000e+01 1.128512e-01 6.957347e-02 7.842368e-02
3.090000e+01 1.129955e-01 6.953539e-02 7.839350e-02
3.100000e+01 1.131419e-01 6.949739e-02 7.836359e-02
3.110000e+01 1.132858e-01 6.945946e-02 7.833354e-02
3.120000e+01 1.134294e-01 6.942162e-02 7.830354e-02
3.130000e+01 1.135767e-01 6.938385e-02 7.827395e-02
3.140000e+01 1.137211e-01 6.934617e-02 7.824418e-02
3.150000e+01 1.138619e-01 6.930856e-02 7.821417e-02
3.160000e+01 1.140055e-01 6.927103e-02 7.818449e-02
3.170000e+01 1.141459e-01 6.923358e-02 7.815460e-02
3.180000e+01 1.142827e-01 6.919620e-02 7.812448e-02
3.190000e+01 1.144226e-01 6.915890e-02 7.809470e-02
3.200000e+01 1.145591e-01 6.912168e-02 7.806470e-02
3.210000e+01 1.146921e-01 6.908454e-02 7.803448e-02
3.220000e+01 1.148283e-01 6.904747e-02 7.800460e-02
3.230000e+01 1.149610e-01 6.901047e-02 7.797450e-02
3.240000e+01 1.150905e-01 6.897355e-02 7.794419e-02
3.250000e+01 1.152229e-01 6.893671e-02 7.791421e-02
3.260000e+01 1.153519e-01 6.889994e-02 7.788401e-02
3.270000e+01 1.154779e-01 6.886325e-02 7.785362e-02
3.280000e+01 1.156066e-01 6.882663e-02 7.782354e-02
3.290000e+01 1.157320e-01 6.879008e-02 7.779325e-02
3.300000e+01 1.158545e-01 6.875360e-02 7.776277e-02
3.310000e+01 1.159797e-01 6.871720e-02 7.773260e-02
3.320000e+01 1.161059e-01 6.868087e-02 7.770260e-02
3.330000e+01 1.162292e-01 6.864461e-02 7.767241e-02
3.340000e+01 1.163552e-01 6.860842e-02 7.764254e-02
3.350000e+01 1.164780e-01 6.857231e-02 7.761245e-02
3.360000e+01 1.165978e-01 6.853626e-02 7.758217e-02
3.370000e+01 1.167204e-01 6.850028e-02 7.755220e-02
3.380000e+01 1.168398e-01 6.846437e-02 7.752203e-02
3.390000e+01 1.169561e-01 6.842854e-02 7.749165e-02
3.400000e+01 1.170753e-01 6.839276e-02 7.746161e-02
3.410000e+01 1.171915e-01 6.835706e-02 7.743136e-02
3.420000e+01 1.173045e-01 6.832143e-02 7.740091e-02
3.430000e+01 1.174203e-01 6.828586e-02 7.737076e-02
3.440000e+01 1.175333e-01 6.825036e-02 7.734044e-02
3.450000e+01 1.176433e-01 6.821493e-02 7.730992e-02
3.460000e+01 1.177556e-01 6.817956e-02 7.727968e-02
3.470000e+01 1.178655e-01 6.814426e-02 7.724929e-02
3.480000e+01 1.179724e-01 6.810903e-02 7.721870e-02
3.490000e+01 1.180814e-01 6.807386e-02 7.718837e-02
3.500000e+01 1.181883e-01 6.803875e-02 7.715791e-02
3.510000e+01 1.182943e-01 6.800371e-02 7.712745e-02
3.520000e+01 1.184040e-01 6.796874e-02 7.709737e-02
3.530000e+01 1.185120e-01 6.793382e-02 7.706721e-02
3.540000e+01 1.186171e-01 6.789897e-02 7.703686e-02
3.550000e+01 1.187234e-01 6.786419e-02 7.700668e-02
3.560000e+01 1.188285e-01 6.782946e-02 7.697646e-02
3.570000e+01 1.189308e-01 6.779480e-02 7.694605e-02
3.580000e+01 1.190337e-01 6.776020e-02 7.691577e-02
3.590000e+01 1.191360e-01 6.772565e-02 7.688548e-02
3.600000e+01 1.192355e-01 6.769117e-02 7.685502e-02
3.610000e+01 1.193352e-01 6.765675e-02 7.682463e-02
3.620000e+01 1.194346e-01 6.762239e-02 7.679429e-02
3.630000e+01 1.195314e-01 6.758809e-02 7.676377e-02
3.640000e+01 1.196278e-01 6.755384e-02 7.673327e-02
3.650000e+01 1.197246e-01 6.751965e-02 7.670288e-02
3.660000e+01 1.198188e-01 6.748552e-02 7.667230e-02
3.670000e+01 1.199119e-01 6.745145e-02 7.664170e-02
3.680000e+01 1.200061e-01 6.741743e-02 7.661125e-02
3.690000e+01 1.200977e-01 6.738347e-02 7.658063e-02
3.700000e+01 1.201884e-01 6.734957e-02 7.654999e-02
3.710000e+01 1.202839e-01 6.731572e-02 7.651982e-02
3.720000e+01 1.203768e-01 6.728192e-02 7.648948e-02
3.730000e+01 1.204673e-01 6.724818e-02 7.645899e-02
3.740000e+01 1.205603e-01 6.721449e-02 7.642877e-02
3.750000e+01 1.206507e-01 6.718086e-02 7.639837e-02
3.760000e+01 1.207386e-01 6.714728e-02 7.636782e-02
3.770000e+01 1.208285e-01 6.711375e-02 7.633749e-02
3.780000e+01 1.209165e-01 6.708027e-02 7.630705e-02
3.790000e+01 1.210021e-01 6.704684e-02 7.627645e-02
3.800000e+01 1.210888e-01 6.701346e-02 7.624600e-02
3.810000e+01 1.211745e-01 6.698014e-02 7.621551e-02
3.820000e+01 1.212577e-01 6.694686e-02 7.618486e-02
3.830000e+01 1.213413e-01 6.691364e-02 7.615430e-02
3.840000e+01 1.214246e-01 6.688046e-02 7.612376e-02
3.850000e+01 1.215056e-01 6.684733e-02 7.609306e-02
3.860000e+01 1.215861e-01 6.681425e-02 7.606237e-02
3.870000e+01 1.216672e-01 6.678121e-02 7.603179e-02
3.880000e+01 1.217460e-01 6.674823e-02 7.600105e-02
3.890000e+01 1.218236e-01 6.671529e-02 7.597026e-02
3.900000e+01 1.219061e-01 6.668240e-02 7.593994e-02
3.910000e+01 1.219864e-01 6.664955e-02 7.590947e-02
3.920000e+01 1.220644e-01 6.661675e-02 7.587885e-02
3.930000e+01 1.221447e-01 6.658399e-02 7.584849e-02
3.940000e+01 1.222229e-01 6.655128e-02 7.581797e-02
3.950000e+01 1.222988e-01 6.651862e-02 7.578731e-02
3.960000e+01 1.223760e-01 6.648599e-02 7.575681e-02
3.970000e+01 1.224521e-01 6.645341e-02 7.572625e-02
3.980000e+01 1.225260e-01 6.642088e-02 7.569555e-02
3.990000e+01 1.226002e-01 6.638838e-02 7.566492e-02
4.000000e+01 1.226743e-01 6.635593e-02 7.563431e-02
4.010000e+01 1.227462e-01 6.632352e-02 7.560357e-02
4.020000e+01 1.228173e-01 6.629115e-02 7.557280e-02
4.030000e+01 1.228895e-01 6.625882e-02 7.554216e-02
4.040000e+01 1.229595e-01 6.622653e-02 7.551137e-02
4.050000e+01 1.230276e-01 6.619428e-02 7.548047e-02
4.060000e+01 1.230979e-01 6.616207e-02 7.544978e-02
4.070000e+01 1.231660e-01 6.612990e-02 7.541895e-02
4.080000e+01 1.232322e-01 6.609777e-02 7.538800e-02
4.090000e+01 1.233031e-01 6.606567e-02 7.535749e-02
4.100000e+01 1.233729e-01 6.603362e-02 7.532691e-02
4.110000e+01 1.234405e-01 6.600160e-02 7.529620e-02
4.120000e+01 1.235084e-01 6.596961e-02 7.526554e-02
4.130000e+01 1.235764e-01 6.593767e-02 7.523493e-02
4.140000e+01 1.236423e-01 6.590576e-02 7.520417e-02
4.150000e+01 1.237072e-01 6.587388e-02 7.517337e-02
4.160000e+01 1.237733e-01 6.584204e-02 7.514270e-02
4.170000e+01 1.238375e-01 6.581023e-02 7.511191e-02
4.180000e+01 1.238997e-01 6.577846e-02 7.508097e-02
4.190000e+01 1.239639e-01 6.574672e-02 7.505025e-02
4.200000e+01 1.240264e-01 6.571502e-02 7.501941e-02
4.210000e+01 1.240869e-01 6.568335e-02 7.498843e-02
4.220000e+01 1.241482e-01 6.565171e-02 7.495755e-02
4.230000e+01 1.242091e-01 6.562010e-02 7.492667e-02
4.240000e+01 1.242680e-01 6.558852e-02 7.489565e-02
4.250000e+01 1.243263e-01 6.555698e-02 7.486462e-02
4.260000e+01 1.243856e-01 6.552546e-02 7.483369e-02
4.270000e+01 1.244435e-01 6.549398e-02 7.480269e-02
4.280000e+01 1.245023e-01 6.546252e-02 7.477178e-02
4.290000e+01 1.245631e-01 6.543109e-02 7.474107e-02
4.300000e+01 1.246221e-01 6.539970e-02 7.471025e-02
4.310000e+01 1.246793e-01 6.536833e-02 7.467929e-02
4.320000e+01 1.247372e-01 6.533699e-02 7.464843e-02
4.330000e+01 1.247947e-01 6.530567e-02 7.461755e-02
4.340000e+01 1.248504e-01 6.527439e-02 7.458655e-02
4.350000e+01 1.249054e-01 6.524313e-02 7.455552e-02
4.360000e+01 1.249615e-01 6.521189e-02 7.452460e-02
4.370000e+01 1.250157e-01 6.518068e-02 7.449355e-02
4.380000e+01 1.250682e-01 6.514950e-02 7.446238e-02
4.390000e+01 1.251224e-01 6.511835e-02 7.443138e-02
4.400000e+01 1.251752e-01 6.508722e-02 7.440029e-02
4.410000e+01 1.252263e-01 6.505611e-02 7.436907e-02
4.420000e+01 1.252777e-01 6.502503e-02 7.433791e-02
4.430000e+01 1.253291e-01 6.499397e-02 7.430677e-02
4.440000e+01 1.253789e-01 6.496293e-02 7.427551e-02
4.450000e+01 1.254274e-01 6.493192e-02 7.424417e-02
4.460000e+01 1.254788e-01 6.490093e-02 7.421310e-02
4.470000e+01 1.255303e-01 6.486996e-02 7.418206e-02
4.480000e+01 1.255801e-01 6.483902e-02 7.415089e-02
4.490000e+01 1.256308e-01 6.480809e-02 7.411983e-02
4.500000e+01 1.256810e-01 6.477719e-02 7.408874e-02
4.510000e+01 1.257295e-01 6.474631e-02 7.405752e-02
4.520000e+01 1.257774e-01 6.471544e-02 7.402628e-02
4.530000e+01 1.258262e-01 6.468460e-02 7.399513e-02
4.540000e+01 1.258735e-01 6.465378e-02 7.396387e-02
4.550000e+01 1.259191e-01 6.462297e-02 7.393248e-02
4.560000e+01 1.259661e-01 6.459219e-02 7.390124e-02
4.570000e+01 1.260121e-01 6.456142e-02 7.386992e-02
4.580000e+01 1.260565e-01 6.453067e-02 7.383849e-02
4.590000e+01 1.261006e-01 6.449993e-02 7.380705e-02
4.600000e+01 1.261454e-01 6.446922e-02 7.377568e-02
4.610000e+01 1.261886e-01 6.443852e-02 7.374420e-02
4.620000e+01 1.262302e-01 6.440784e-02 7.371259e-02
4.630000e+01 1.262735e-01 6.437717e-02 7.368115e-02
4.640000e+01 1.263155e-01 6.434652e-02 7.364961e-02
4.650000e+01 1.263584e-01 6.431588e-02 7.361815e-02
4.660000e+01 1.264018e-01 6.428526e-02 7.358676e-02
4.670000e+01 1.264456e-01 6.425465e-02 7.355541e-02
4.680000e+01 1.264879e-01 6.422406e-02 7.352395e-02
4.690000e+01 1.265287e-01 6.419348e-02 7.349238e-02
4.700000e+01 1.265711e-01 6.416292e-02 7.346095e-02
4.710000e+01 1.266123e-01 6.413236e-02 7.342944e-02
4.720000e+01 1.266521e-01 6.410182e-02 7.339781e-02
4.730000e+01 1.266917e-01 6.407130e-02 7.336618e-02
4.740000e+01 1.267318e-01 6.404078e-02 7.333460e-02
4.750000e+01 1.267704e-01 6.401027e-02 7.330292e-02
4.760000e+01 1.268077e-01 6.397978e-02 7.327112e-02
4.770000e+01 1.268463e-01 6.394930e-02 7.323945e-02
4.780000e+01 1.268840e-01 6.391883e-02 7.320771e-02
4.790000e+01 1.269202e-01 6.388837e-02 7.317586e-02
4.800000e+01 1.269560e-01 6.385791e-02 7.314398e-02
4.810000e+01 1.269927e-01 6.382747e-02 7.311218e-02
4.820000e+01 1.270279e-01 6.379704e-02 7.308027e-02
4.830000e+01 1.270625e-01 6.376662e-02 7.304832e-02
4.840000e+01 1.271002e-01 6.373620e-02 7.301663e-02
4.850000e+01 1.271373e-01 6.370579e-02 7.298490e-02
4.860000e+01 1.271730e-01 6.367540e-02 7.295305e-02
4.870000e+01 1.272079e-01 6.364501e-02 7.292115e-02
4.880000e+01 1.272440e-01 6.361462e-02 7.288936e-02
4.890000e+01 1.272788e-01 6.358425e-02 7.285746e-02
4.900000e+01 1.273122e-01 6.355388e-02 7.282545e-02
4.910000e+01 1.273461e-01 6.352352e-02 7.279348e-02
4.920000e+01 1.273800e-01 6.349316e-02 7.276152e-02
4.930000e+01 1.274125e-01 6.346281e-02 7.272945e-02
4.940000e+01 1.274437e-01 6.343247e-02 7.269728e-02
4.950000e+01 1.274766e-01 6.340213e-02 7.266525e-02
4.960000e+01 1.275083e-01 6.337180e-02 7.263312e-02
4.970000e+01 1.275386e-01 6.334147e-02 7.260089e-02
4.980000e+01 1.275687e-01 6.331115e-02 7.256864e-02
4.990000e+01 1.275996e-01 6.328083e-02 7.253645e-02
5.000000e+01 1.276291e-01 6.325052e-02 7.250416e-02
5.010000e+01 1.276574e-01 6.322020e-02 7.247176e-02
5.020000e+01 1.276886e-01 6.318990e-02 7.243961e-02
5.030000e+01 1.277200e-01 6.315959e-02 7.240748e-02
5.040000e+01 1.277502e-01 6.312929e-02 7.237524e-02
5.050000e+01 1.277791e-01 6.309899e-02 7.234291e-02
5.060000e+01 1.278097e-01 6.306870e-02 7.231071e-02
5.070000e+01 1.278391e-01 6.303841e-02 7.227841e-02
5.080000e+01 1.278672e-01 6.300811e-02 7.224601e-02
5.090000e+01 1.278950e-01 6.297782e-02 7.221358e-02
5.100000e+01 1.279236e-01 6.294754e-02 7.218122e-02
5.110000e+01 1.279509e-01 6.291725e-02 7.214875e-02
5.120000e+01 1.279771e-01 6.288696e-02 7.211618e-02
5.130000e+01 1.280038e-01 6.285668e-02 7.208366e-02
5.140000e+01 1.280305e-01 6.282639e-02 7.205113e-02
5.150000e+01 1.280559e-01 6.279611e-02 7.201850e-02
5.160000e+01 1.280801e-01 6.276583e-02 7.198577e-02
5.170000e+01 1.281058e-01 6.273554e-02 7.195316e-02
5.180000e+01 1.281305e-01 6.270526e-02 7.192046e-02
5.190000e+01 1.281540e-01 6.267497e-02 7.188767e-02
5.200000e+01 1.281781e-01 6.264469e-02 7.185491e-02
5.210000e+01 1.282047e-01 6.261440e-02 7.182236e-02
5.220000e+01 1.282301e-01 6.258411e-02 7.178971e-02
5.230000e+01 1.282544e-01 6.255382e-02 7.175697e-02
5.240000e+01 1.282786e-01 6.252353e-02 7.172421e-02
5.250000e+01 1.283033e-01 6.249324e-02 7.169150e-02
5.260000e+01 1.283269e-01 6.246294e-02 7.165868e-02
5.270000e+01 1.283494e-01 6.243265e-02 7.162577e-02
5.280000e+01 1.283724e-01 6.240235e-02 7.159290e-02
5.290000e+01 1.283954e-01 6.237204e-02 7.156002e-02
5.300000e+01 1.284172e-01 6.234174e-02 7.152704e-02
5.310000e+01 1.284380e-01 6.231143e-02 7.149397e-02
5.320000e+01 1.284598e-01 6.228112e-02 7.146098e-02
5.330000e+01 1.284810e-01 6.225080e-02 7.142793e-02
5.340000e+01 1.285011e-01 6.222048e-02 7.139479e-02
5.350000e+01 1.285201e-01 6.219016e-02 7.136155e-02
5.360000e+01 1.285407e-01 6.215983e-02 7.132843e-02
5.370000e+01 1.285602e-01 6.212949e-02 7.129522e-02
5.380000e+01 1.285791e-01 6.209916e-02 7.126196e-02
5.390000e+01 1.285993e-01 6.206882e-02 7.122879e-02
5.400000e+01 1.286207e-01 6.203847e-02 7.119571e-02
5.410000e+01 1.286411e-01 6.200812e-02 7.116254e-02
5.420000e+01 1.286603e-01 6.197776e-02 7.112928e-02
5.430000e+01 1.286793e-01 6.194740e-02 7.109597e-02
5.440000e+01 1.286990e-01 6.191703e-02 7.106273e-02
5.450000e+01 1.287178e-01 6.188666e-02 7.102940e-02
5.460000e+01 1.287355e-01 6.185628e-02 7.099598e-02
5.470000e+01 1.287531e-01 6.182589e-02 7.096254e-02
5.480000e+01 1.287713e-01 6.179550e-02 7.092913e-02
5.490000e+01 1.287884e-01 6.176510e-02 7.089564e-02
5.500000e+01 1.288046e-01 6.173470e-02 7.086206e-02
5.510000e+01 1.288209e-01 6.170429e-02 7.082848e-02
5.520000e+01 1.288376e-01 6.167387e-02 7.079492e-02
5.530000e+01 1.288532e-01 6.164345e-02 7.076126e-02
5.540000e+01 1.288679e-01 6.161302e-02 7.072752e-02
5.550000e+01 1.288829e-01 6.158258e-02 7.069380e-02
5.560000e+01 1.288980e-01 6.155214e-02 7.066008e-02
5.570000e+01 1.289145e-01 6.152168e-02 7.062646e-02
5.580000e+01 1.289301e-01 6.149122e-02 7.059275e-02
5.590000e+01 1.289460e-01 6.146076e-02 7.055907e-02
5.600000e+01 1.289621e-01 6.143028e-02 7.052538e-02
5.610000e+01 1.289772e-01 6.139980e-02 7.049161e-02
5.620000e+01 1.289913e-01 6.136931e-02 7.045774e-02
5.630000e+01 1.290058e-01 6.133881e-02 7.042390e-02
5.640000e+01 1.290204e-01 6.130830e-02 7.039006e-02
5.650000e+01 1.290341e-01 6.127779e-02 7.035613e-02
5.660000e+01 1.290468e-01 6.124726e-02 7.032211e-02
5.670000e+01 1.290599e-01 6.121673e-02 7.028811e-02
5.680000e+01 1.290732e-01 6.118619e-02 7.025411e-02
5.690000e+01 1.290855e-01 6.115564e-02 7.022002e-02
5.700000e+01 1.290968e-01 6.112508e-02 7.018585e-02
5.710000e+01 1.291085e-01 6.109451e-02 7.015169e-02
5.720000e+01 1.291204e-01 6.106393e-02 7.011753e-02
5.730000e+01 1.291313e-01 6.103334e-02 7.008329e-02
5.740000e+01 1.291414e-01 6.100275e-02 7.004897e-02
5.750000e+01 1.291535e-01 6.097214e-02 7.001480e-02
5.760000e+01 1.291663e-01 6.094153e-02 6.998067e-02
5.770000e+01 1.291782e-01 6.091090e-02 6.994646e-02
5.780000e+01 1.291892e-01 6.088027e-02 6.991217e-02
5.790000e+01 1.292002e-01 6.084962e-02 6.987786e-02
5.800000e+01 1.292117e-01 6.081897e-02 6.984358e-02
5.810000e+01 1.292223e-01 6.078830e-02 6.980921e-02
5.820000e+01 1.292321e-01 6.075763e-02 6.977477e-02
5.830000e+01 1.292416e-01 6.072694e-02 6.974029e-02
5.840000e+01 1.292518e-01 6.069625e-02 6.970586e-02
5.850000e+01 1.292612e-01 6.066554e-02 6.967134e-02
5.860000e+01 1.292697e-01 6.063483e-02 6.963675e-02
5.870000e+01 1.292776e-01 6.060410e-02 6.960209e-02
5.880000e+01 1.292866e-01 6.057336e-02 6.956751e-02
5.890000e+01 1.292948e-01 6.054262e-02 6.953285e-02
5.900000e+01 1.293021e-01 6.051186e-02 6.949811e-02
5.910000e+01 1.293086e-01 6.048109e-02 6.946329e-02
5.920000e+01 1.293163e-01 6.045031e-02 6.942856e-02
5.930000e+01 1.293250e-01 6.041952e-02 6.939389e-02
5.940000e+01 1.293334e-01 6.038872e-02 6.935918e-02
5.950000e+01 1.293409e-01 6.035791e-02 6.932439e-02
5.960000e+01 1.293492e-01 6.032709e-02 6.928965e-02
5.970000e+01 1.293572e-01 6.029625e-02 6.925487e-02
5.980000e+01 1.293644e-01 6.026541e-02 6.922002e-02
5.990000e+01 1.293708e-01 6.023455e-02 6.918508e-02
6.000000e+01 1.293775e-01 6.020369e-02 6.915016e-02
6.010000e+01 1.293843e-01 6.017281e-02 6.911524e-02
6.020000e+01 1.293904e-01 6.014192e-02 6.908024e-02
6.030000e+01 1.293957e-01 6.011102e-02 6.904517e-02
6.040000e+01 1.294007e-01 6.008011e-02 6.901006e-02
6.050000e+01 1.294065e-01 6.004919e-02 6.897500e-02
6.060000e+01 1.294114e-01 6.001826e-02 6.893987e-02
6.070000e+01 1.294156e-01 5.998731e-02 6.890465e-02
6.080000e+01 1.294190e-01 5.995636e-02 6.886937e-02
6.090000e+01 1.294237e-01 5.992539e-02 6.883416e-02
6.100000e+01 1.294276e-01 5.989442e-02 6.879889e-02
6.110000e+01 1.294324e-01 5.986343e-02 6.876367e-02
6.120000e+01 1.294369e-01 5.983243e-02 6.872842e-02
6.130000e+01 1.294419e-01 5.980142e-02 6.869319e-02
6.140000e+01 1.294469e-01 5.977039e-02 6.865795e-02
6.150000e+01 1.294511e-01 5.973936e-02 6.862263e-02
6.160000e+01 1.294545e-01 5.970832e-02 6.858724e-02
6.170000e+01 1.294578e-01 5.967726e-02 6.855183e-02
6.180000e+01 1.294617e-01 5.964619e-02 6.851645e-02
6.190000e+01 1.294649e-01 5.961511e-02 6.848100e-02
6.200000e+01 1.294673e-01 5.958403e-02 6.844548e-02
6.210000e+01 1.294690e-01 5.955292e-02 6.840988e-02
6.220000e+01 1.294717e-01 5.952181e-02 6.837436e-02
6.230000e+01 1.294739e-01 5.949069e-02 6.833878e-02
6.240000e+01 1.294753e-01 5.945955e-02 6.830312e-02
6.250000e+01 1.294760e-01 5.942841e-02 6.826740e-02
6.260000e+01 1.294770e-01 5.939725e-02 6.823168e-02
6.270000e+01 1.294782e-01 5.936608e-02 6.819597e-02
6.280000e+01 1.294787e-01 5.933490e-02 6.816019e-02
6.290000e+01 1.294802e-01 5.930371e-02 6.812449e-02
6.300000e+01 1.294814e-01 5.927251e-02 6.808873e-02
6.310000e+01 1.294837e-01 5.924130e-02 6.805306e-02
6.320000e+01 1.294853e-01 5.921007e-02 6.801731e-02
6.330000e+01 1.294861e-01 5.917884e-02 6.798150e-02
6.340000e+01 1.294863e-01 5.914759e-02 6.794562e-02
6.350000e+01 1.294868e-01 5.911633e-02 6.790975e-02
6.360000e+01 1.294875e-01 5.908507e-02 6.787388e-02
6.370000e+01 1.294874e-01 5.905379e-02 6.783795e-02
6.380000e+01 1.294866e-01 5.902250e-02 6.780194e-02
6.390000e+01 1.294853e-01 5.899120e-02 6.776588e-02
6.400000e+01 1.294850e-01 5.895989e-02 6.772989e-02
6.410000e+01 1.294840e-01 5.892856e-02 6.769383e-02
6.420000e+01 1.294824e-01 5.889723e-02 6.765771e-02
6.430000e+01 1.294801e-01 5.886589e-02 6.762153e-02
6.440000e+01 1.294779e-01 5.883453e-02 6.758534e-02
6.450000e+01 1.294761e-01 5.880317e-02 6.754917e-02
6.460000e+01 1.294736e-01 5.877179e-02 6.751294e-02
6.470000e+01 1.294724e-01 5.874041e-02 6.747679e-02
6.480000e+01 1.294706e-01 5.870901e-02 6.744058e-02
6.490000e+01 1.294696e-01 5.867760e-02 6.740443e-02
6.500000e+01 1.294682e-01 5.864619e-02 6.736823e-02
6.510000e+01 1.294661e-01 5.861476e-02 6.733197e-02
6.520000e+01 1.294634e-01 5.858332e-02 6.729564e-02
6.530000e+01 1.294605e-01 5.855187e-02 6.725929e-02
6.540000e+01 1.294582e-01 5.852041e-02 6.722298e-02
6.550000e+01 1.294553e-01 5.848895e-02 6.718661e-02
6.560000e+01 1.294517e-01 5.845747e-02 6.715017e-02
6.570000e+01 1.294475e-01 5.842598e-02 6.711368e-02
6.580000e+01 1.294437e-01 5.839448e-02 6.707720e-02
6.590000e+01 1.294399e-01 5.836297e-02 6.704071e-02
6.600000e+01 1.294356e-01 5.833145e-02 6.700417e-02
6.610000e+01 1.294306e-01 5.829992e-02 6.696757e-02
6.620000e+01 1.294249e-01 5.826838e-02 6.693091e-02
6.630000e+01 1.294201e-01 5.823684e-02 6.689431e-02
6.640000e+01 1.294155e-01 5.820528e-02 6.685770e-02
6.650000e+01 1.294116e-01 5.817371e-02 6.682114e-02
6.660000e+01 1.294071e-01 5.814213e-02 6.678453e-02
6.670000e+01 1.294021e-01 5.811055e-02 6.674787e-02
6.680000e+01 1.293981e-01 5.807895e-02 6.671127e-02
6.690000e+01 1.293935e-01 5.804735e-02 6.667461e-02
6.700000e+01 1.293882e-01 5.801574e-02 6.663789e-02
6.710000e+01 1.293823e-01 5.798412e-02 6.660112e-02
6.720000e+01 1.293763e-01 5.795248e-02 6.656433e-02
6.730000e+01 1.293709e-01 5.792085e-02 6.652758e-02
6.740000e+01 1.293649e-01 5.788920e-02 6.649077e-02
6.750000e+01 1.293582e-01 5.785754e-02 6.645390e-02
6.760000e+01 1.293510e-01 5.782588e-02 6.641698e-02
6.770000e+01 1.293439e-01 5.779420e-02 6.638006e-02
6.780000e+01 1.293371e-01 5.776252e-02 6.634315e-02
6.790000e+01 1.293297e-01 5.773083e-02 6.630619e-02
6.800000e+01 1.293218e-01 5.769913e-02 6.626918e-02
6.810000e+01 1.293132e-01 5.766743e-02 6.623211e-02
6.820000e+01 1.293060e-01 5.763571e-02 6.619514e-02
6.830000e+01 1.292997e-01 5.760399e-02 6.615823e-02
6.840000e+01 1.292928e-01 5.757226e-02 6.612126e-02
6.850000e+01 1.292854e-01 5.754052e-02 6.608425e-02
6.860000e+01 1.292774e-01 5.750877e-02 6.604718e-02
6.870000e+01 1.292698e-01 5.747702e-02 6.601014e-02
6.880000e+01 1.292622e-01 5.744526e-02 6.597309e-02
6.890000e+01 1.292540e-01 5.741349e-02 6.593598e-02
6.900000e+01 1.292453e-01 5.738171e-02 6.589883e-02
6.910000e+01 1.292360e-01 5.734993e-02 6.586162e-02
6.920000e+01 1.292271e-01 5.731814e-02 6.582444e-02
6.930000e+01 1.292182e-01 5.728634e-02 6.578726e-02
6.940000e+01 1.292088e-01 5.725454e-02 6.575002e-02
6.950000e+01 1.291988e-01 5.722273e-02 6.571273e-02
6.960000e+01 1.291882e-01 5.719091e-02 6.567539e-02
6.970000e+01 1.291780e-01 5.715908e-02 6.563808e-02
6.980000e+01 1.291679e-01 5.712725e-02 6.560076e-02
6.990000e+01 1.291572e-01 5.709541e-02 6.556340e-02
7.000000e+01 1.291476e-01 5.706357e-02 6.552610e-02
7.010000e+01 1.291376e-01 5.703171e-02 6.548878e-02
7.020000e+01 1.291279e-01 5.699986e-02 6.545147e-02
7.030000e+01 1.291184e-01 5.696799e-02 6.541416e-02
7.040000e+01 1.291083e-01 5.693612e-02 6.537681e-02
7.050000e+01 1.290976e-01 5.690425e-02 6.533941e-02
7.060000e+01 1.290864e-01 5.687237e-02 6.530196e-02
7.070000e+01 1.290753e-01 5.684048e-02 6.526452e-02
7.080000e+01 1.290645e-01 5.680859e-02 6.522709e-02
7.090000e+01 1.290532e-01 5.677669e-02 6.518962e-02
7.100000e+01 1.290414e-01 5.674479e-02 6.515210e-02
7.110000e+01 1.290290e-01 5.671288e-02 6.511454e-02
7.120000e+01 1.290165e-01 5.668096e-02 6.507696e-02
7.130000e+01 1.290045e-01 5.664904e-02 6.503942e-02
7.140000e+01 1.289920e-01 5.661712e-02 6.500184e-02
7.150000e+01 1.289790e-01 5.658519e-02 6.496421e-02
7.160000e+01 1.289655e-01 5.655326e-02 6.492654e-02
7.170000e+01 1.289520e-01 5.652132e-02 6.488887e-02
7.180000e+01 1.289407e-01 5.648938e-02 6.485135e-02
7.190000e+01 1.289288e-01 5.645743e-02 6.481379e-02
7.200000e+01 1.289164e-01 5.642548e-02 6.477619e-02
7.210000e+01 1.289035e-01 5.639352e-02 6.473855e-02
7.220000e+01 1.288901e-01 5.636156e-02 6.470086e-02
7.230000e+01 1.288772e-01 5.632960e-02 6.466321e-02
7.240000e+01 1.288642e-01 5.629763e-02 6.462555e-02
7.250000e+01 1.288507e-01 5.626566e-02 6.458785e-02
7.260000e+01 1.288366e-01 5.623368e-02 6.455010e-02
7.270000e+01 1.288221e-01 5.620170e-02 6.451232e-02
7.280000e+01 1.288077e-01 5.616972e-02 6.447454e-02
7.290000e+01 1.287935e-01 5.613774e-02 6.443678e-02
7.300000e+01 1.287789e-01 5.610575e-02 6.439898e-02
7.310000e+01 1.287638e-01 5.607376e-02 6.436114e-02
7.320000e+01 1.287482e-01 5.604176e-02 6.432326e-02
7.330000e+01 1.287321e-01 5.600977e-02 6.428535e-02
7.340000e+01 1.287168e-01 5.597777e-02 6.424750e-02
7.350000e+01 1.287026e-01 5.594576e-02 6.420972e-02
7.360000e+01 1.286881e-01 5.591376e-02 6.417192e-02
7.370000e+01 1.286731e-01 5.588175e-02 6.413408e-02
7.380000e+01 1.286576e-01 5.584974e-02 6.409621e-02
7.390000e+01 1.286425e-01 5.581773e-02 6.405835e-02
7.400000e+01 1.286274e-01 5.578572e-02 6.402051e-02
7.410000e+01 1.286119e-01 5.575370e-02 6.398263e-02
7.420000e+01 1.285958e-01 5.572168e-02 6.394471e-02
7.430000e+01 1.285793e-01 5.568967e-02 6.390675e-02
7.440000e+01 1.285624e-01 5.565765e-02 6.386877e-02
7.450000e+01 1.285463e-01 5.562562e-02 6.383084e-02
7.460000e+01 1.285297e-01 5.559360e-02 6.379288e-02
7.470000e+01 1.285126e-01 5.556158e-02 6.375488e-02
7.480000e+01 1.284950e-01 5.552955e-02 6.371685e-02
7.490000e+01 1.284770e-01 5.549753e-02 6.367879e-02
7.500000e+01 1.284592e-01 5.546550e-02 6.364074e-02
7.510000e+01 1.284415e-01 5.543348e-02 6.360271e-02
7.520000e+01 1.284241e-01 5.540145e-02 6.356469e-02
7.530000e+01 1.284072e-01 5.536942e-02 6.352671e-02
7.540000e+01 1.283898e-01 5.533740e-02 6.348870e-02
7.550000e+01 1.283720e-01 5.530537e-02 6.345066e-02
7.560000e+01 1.283548e-01 5.527334e-02 6.341266e-02
7.570000e+01 1.283374e-01 5.524132e-02 6.337465e-02
7.580000e+01 1.283195e-01 5.520929e-02 6.333661e-02
7.590000e+01 1.283011e-01 5.517726e-02 6.329853e-02
7.600000e+01 1.282823e-01 5.514524e-02 6.326043e-02
7.610000e+01 1.282631e-01 5.511321e-02 6.322230e-02
7.620000e+01 1.282447e-01 5.508119e-02 6.318423e-02
7.630000e+01 1.282258e-01 5.504917e-02 6.314613e-02
7.640000e+01 1.282064e-01 5.501714e-02 6.310799e-02
7.650000e+01 1.281866e-01 5.498512e-02 6.306983e-02
7.660000e+01 1.281663e-01 5.495310e-02 6.303163e-02
7.670000e+01 1.281460e-01 5.492108e-02 6.299344e-02
7.680000e+01 1.281261e-01 5.488907e-02 6.295528e-02
7.690000e+01 1.281058e-01 5.485705e-02 6.291710e-02
7.700000e+01 1.280867e-01 5.482504e-02 6.287900e-02
7.710000e+01 1.280671e-01 5.479303e-02 6.284087e-02
7.720000e+01 1.280470e-01 5.476102e-02 6.280272e-02
7.730000e+01 1.280271e-01 5.472901e-02 6.276458e-02
7.740000e+01 1.280075e-01 5.469701e-02 6.272646e-02
7.750000e+01 1.279873e-01 5.466500e-02 6.268831e-02
7.760000e+01 1.279668e-01 5.463300e-02 6.265014e-02
7.770000e+01 1.279457e-01 5.460101e-02 6.261194e-02
7.780000e+01 1.279243e-01 5.456901e-02 6.257371e-02
7.790000e+01 1.279031e-01 5.453702e-02 6.253551e-02
7.800000e+01 1.278820e-01 5.450503e-02 6.249732e-02
7.810000e+01 1.278605e-01 5.447305e-02 6.245910e-02
7.820000e+01 1.278386e-01 5.444107e-02 6.242086e-02
7.830000e+01 1.278162e-01 5.440909e-02 6.238259e-02
7.840000e+01 1.277933e-01 5.437711e-02 6.234430e-02
7.850000e+01 1.277708e-01 5.434514e-02 6.230604e-02
7.860000e+01 1.277484e-01 5.431318e-02 6.226778e-02
7.870000e+01 1.277266e-01 5.428121e-02 6.222959e-02
7.880000e+01 1.277049e-01 5.424925e-02 6.219140e-02
7.890000e+01 1.276827e-01 5.421730e-02 6.215319e-02
7.900000e+01 1.276602e-01 5.418535e-02 6.211495e-02
7.910000e+01 1.276378e-01 5.415340e-02 6.207674e-02
7.920000e+01 1.276156e-01 5.412146e-02 6.203854e-02
7.930000e+01 1.275929e-01 5.408952e-02 6.200033e-02
7.940000e+01 1.275699e-01 5.405759e-02 6.196208e-02
7.950000e+01 1.275464e-01 5.402566e-02 6.192382e-02
7.960000e+01 1.275225e-01 5.399374e-02 6.188553e-02
7.970000e+01 1.274986e-01 5.396182e-02 6.184726e-02
7.980000e+01 1.274750e-01 5.392991e-02 6.180902e-02
7.990000e+01 1.274510e-01 5.389800e-02 6.177075e-02
8.000000e+01 1.274267e-01 5.386610e-02 6.173246e-02
8.010000e+01 1.274018e-01 5.383420e-02 6.169415e-02
8.020000e+01 1.273766e-01 5.380231e-02 6.165583e-02
8.030000e+01 1.273512e-01 5.377043e-02 6.161749e-02
8.040000e+01 1.273271e-01 5.373855e-02 6.157926e-02
8.050000e+01 1.273034e-01 5.370668e-02 6.154107e-02
8.060000e+01 1.272793e-01 5.367481e-02 6.150285e-02
8.070000e+01 1.272547e-01 5.364295e-02 6.146462e-02
8.080000e+01 1.272298e-01 5.361110e-02 6.142636e-02
8.090000e+01 1.272045e-01 5.357925e-02 6.138809e-02
8.100000e+01 1.271797e-01 5.354741e-02 6.134987e-02
8.110000e+01 1.271547e-01 5.351558e-02 6.131164e-02
8.120000e+01 1.271293e-01 5.348375e-02 6.127340e-02
8.130000e+01 1.271035e-01 5.345193e-02 6.123513e-02
8.140000e+01 1.270773e-01 5.342012e-02 6.119685e-02
8.150000e+01 1.270506e-01 5.338832e-02 6.115855e-02
8.160000e+01 1.270242e-01 5.335652e-02 6.112027e-02
8.170000e+01 1.269979e-01 5.332473e-02 6.108202e-02
8.180000e+01 1.269712e-01 5.329295e-02 6.104375e-02
8.190000e+01 1.269442e-01 5.326117e-02 6.100546e-02
8.200000e+01 1.269167e-01 5.322941e-02 6.096716e-02
8.210000e+01 1.268894e-01 5.319765e-02 6.092888e-02
8.220000e+01 1.268627e-01 5.316590e-02 6.089065e-02
8.230000e+01 1.268367e-01 5.313416e-02 6.085248e-02
8.240000e+01 1.268103e-01 5.310242e-02 6.081430e-02
8.250000e+01 1.267835e-01 5.307070e-02 6.077610e-02
8.260000e+01 1.267563e-01 5.303898e-02 6.073789e-02
8.270000e+01 1.267288e-01 5.300727e-02 6.069966e-02
8.280000e+01 1.267008e-01 5.297557e-02 6.066142e-02
8.290000e+01 1.266729e-01 5.294388e-02 6.062320e-02
8.300000e+01 1.266453e-01 5.291220e-02 6.058501e-02
8.310000e+01 1.266173e-01 5.288053e-02 6.054680e-02
8.320000e+01 1.265889e-01 5.284887e-02 6.050858e-02
8.330000e+01 1.265601e-01 5.281721e-02 6.047034e-02
8.340000e+01 1.265309e-01 5.278557e-02 6.043210e-02
8.350000e+01 1.265014e-01 5.275393e-02 6.039384e-02
8.360000e+01 1.264722e-01 5.272231e-02 6.035562e-02
8.370000e+01 1.264430e-01 5.269070e-02 6.031741e-02
8.380000e+01 1.264138e-01 5.265909e-02 6.027921e-02
8.390000e+01 1.263853e-01 5.262750e-02 6.024108e-02
8.400000e+01 1.263564e-01 5.259591e-02 6.020294e-02
8.410000e+01 1.263272e-01 5.256434e-02 6.016478e-02
8.420000e+01 1.262975e-01 5.253277e-02 6.012662e-02
8.430000e+01 1.262686e-01 5.250122e-02 6.008851e-02
8.440000e+01 1.262392e-01 5.246968e-02 6.005039e-02
8.450000e+01 1.262095e-01 5.243814e-02 6.001227e-02
8.460000e+01 1.261795e-01 5.240662e-02 5.997413e-02
8.470000e+01 1.261490e-01 5.237511e-02 5.993598e-02
8.480000e+01 1.261182e-01 5.234361e-02 5.989782e-02
8.490000e+01 1.260872e-01 5.231213e-02 5.985966e-02
8.500000e+01 1.260566e-01 5.228065e-02 5.982155e-02
8.510000e+01 1.260258e-01 5.224918e-02 5.978344e-02
8.520000e+01 1.259945e-01 5.221773e-02 5.974531e-02
8.530000e+01 1.259629e-01 5.218629e-02 5.970717e-02
8.540000e+01 1.259309e-01 5.215485e-02 5.966903e-02
8.550000e+01 1.258990e-01 5.212343e-02 5.963090e-02
8.560000e+01 1.258679e-01 5.209203e-02 5.959285e-02
8.570000e+01 1.258373e-01 5.206063e-02 5.955485e-02
8.580000e+01 1.258064e-01 5.202925e-02 5.951685e-02
8.590000e+01 1.257751e-01 5.199788e-02 5.947883e-02
8.600000e+01 1.257434e-01 5.196652e-02 5.944081e-02
8.610000e+01 1.257114e-01 5.193517e-02 5.940278e-02
8.620000e+01 1.256790e-01 5.190384e-02 5.936474e-02
8.630000e+01 1.256463e-01 5.187252e-02 5.932669e-02
8.640000e+01 1.256142e-01 5.184121e-02 5.928871e-02
8.650000e+01 1.255817e-01 5.180991e-02 5.925072e-02
8.660000e+01 1.255489e-01 5.177863e-02 5.921272e-02
8.670000e+01 1.255157e-01 5.174736e-02 5.917471e-02
8.680000e+01 1.254822e-01 5.171610e-02 5.913670e-02
8.690000e+01 1.254483e-01 5.168485e-02 5.909869e-02
8.700000e+01 1.254141e-01 5.165362e-02 5.906066e-02
8.710000e+01 1.253803e-01 5.162241e-02 5.902269e-02
8.720000e+01 1.253469e-01 5.159120e-02 5.898476e-02
8.730000e+01 1.253140e-01 5.156001e-02 5.894688e-02
8.740000e+01 1.252808e-01 5.152883e-02 5.890900e-02
8.750000e+01 1.252472e-01 5.149767e-02 5.887112e-02
8.760000e+01 1.252133e-01 5.146652e-02 5.883323e-02
8.770000e+01 1.251791e-01 5.143539e-02 5.879533e-02
8.780000e+01 1.251450e-01 5.140426e-02 5.875747e-02
8.790000e+01 1.251110e-01 5.137316e-02 5.871963e-02
8.800000e+01 1.250767e-01 5.134206e-02 5.868179e-02
8.810000e+01 1.250420e-01 5.131099e-02 5.864394e-02
8.820000e+01 1.250070e-01 5.127992e-02 5.860609e-02
8.830000e+01 1.249717e-01 5.124887e-02 5.856824e-02
8.840000e+01 1.249360e-01 5.121783e-02 5.853038e-02
8.850000e+01 1.249000e-01 5.118681e-02 5.849253e-02
8.860000e+01 1.248646e-01 5.115581e-02 5.845473e-02
8.870000e+01 1.248288e-01 5.112482e-02 5.841693e-02
8.880000e+01 1.247927e-01 5.109384e-02 5.837913e-02
8.890000e+01 1.247569e-01 5.106288e-02 5.834137e-02
8.900000e+01 1.247216e-01 5.103193e-02 5.830366e-02
8.910000e+01 1.246859e-01 5.100100e-02 5.826594e-02
8.920000e+01 1.246499e-01 5.097008e-02 5.822822e-02
8.930000e+01 1.246140e-01 5.093918e-02 5.819054e-02
8.940000e+01 1.245782e-01 5.090830e-02 5.815288e-02
8.950000e+01 1.245421e-01 5.087743e-02 5.811522e-02
8.960000e+01 1.245057e-01 5.084657e-02 5.807756e-02
8.970000e+01 1.244689e-01 5.081573e-02 5.803990e-02
8.980000e+01 1.244318e-01 5.078491e-02 5.800224e-02
8.990000e+01 1.243944e-01 5.075411e-02 5.796458e-02
9.000000e+01 1.243567e-01 5.072331e-02 5.792691e-02
9.010000e+01 1.243193e-01 5.069254e-02 5.788930e-02
9.020000e+01 1.242818e-01 5.066178e-02 5.785170e-02
9.030000e+01 1.242440e-01 5.063104e-02 5.781409e-02
9.040000e+01 1.242058e-01 5.060031e-02 5.777649e-02
9.050000e+01 1.241674e-01 5.056960e-02 5.773889e-02
9.060000e+01 1.241295e-01 5.053891e-02 5.770135e-02
9.070000e+01 1.240918e-01 5.050823e-02 5.766384e-02
9.080000e+01 1.240537e-01 5.047757e-02 5.762634e-02
9.090000e+01 1.240162e-01 5.044693e-02 5.758889e-02
9.100000e+01 1.239784e-01 5.041631e-02 5.755144e-02
9.110000e+01 1.239403e-01 5.038570e-02 5.751400e-02
9.120000e+01 1.239018e-01 5.035510e-02 5.747655e-02
9.130000e+01 1.238630e-01 5.032453e-02 5.743911e-02
9.140000e+01 1.238239e-01 5.029397e-02 5.740167e-02
9.150000e+01 1.237845e-01 5.026343e-02 5.736423e-02
9.160000e+01 1.237448e-01 5.023290e-02 5.732680e-02
9.170000e+01 1.237056e-01 5.020240e-02 5.728942e-02
9.180000e+01 1.236661e-01 5.017191e-02 5.725204e-02
9.190000e+01 1.236262e-01 5.014144e-02 5.721467e-02
9.200000e+01 1.235861e-01 5.011098e-02 5.717730e-02
9.210000e+01 1.235456e-01 5.008055e-02 5.713994e-02
9.220000e+01 1.235049e-01 5.005013e-02 5.710257e-02
9.230000e+01 1.234651e-01 5.001973e-02 5.706530e-02
9.240000e+01 1.234251e-01 4.998934e-02 5.702804e-02
9.250000e+01 1.233855e-01 4.995898e-02 5.699082e-02
9.260000e+01 1.233457e-01 4.992863e-02 5.695362e-02
9.270000e+01 1.233056e-01 4.989830e-02 5.691642e-02
9.280000e+01 1.232651e-01 4.986799e-02 5.687922e-02
9.290000e+01 1.232244e-01 4.983770e-02 5.684203e-02
9.300000e+01 1.231833e-01 4.980743e-02 5.680484e-02
9.310000e+01 1.231420e-01 4.977717e-02 5.676765e-02
9.320000e+01 1.231003e-01 4.974694e-02 5.673047e-02
9.330000e+01 1.230588e-01 4.971672e-02 5.669333e-02
9.340000e+01 1.230174e-01 4.968652e-02 5.665622e-02
9.350000e+01 1.229756e-01 4.965634e-02 5.661910e-02
9.360000e+01 1.229335e-01 4.962617e-02 5.658200e-02
9.370000e+01 1.228911e-01 4.959603e-02 5.654490e-02
9.380000e+01 1.228485e-01 4.956591e-02 5.650780e-02
9.390000e+01 1.228059e-01 4.953580e-02 5.647074e-02
9.400000e+01 1.227640e-01 4.950571e-02 5.643375e-02
9.410000e+01 1.227219e-01 4.947565e-02 5.639676e-02
9.420000e+01 1.226802e-01 4.944560e-02 5.635983e-02
9.430000e+01 1.226381e-01 4.941557e-02 5.632290e-02
9.440000e+01 1.225958e-01 4.938556e-02 5.628598e-02
9.450000e+01 1.225531e-01 4.935557e-02 5.624907e-02
9.460000e+01 1.225102e-01 4.932560e-02 5.621216e-02
9.470000e+01 1.224669e-01 4.929565e-02 5.617526e-02
9.480000e+01 1.224234e-01 4.926572e-02 5.613836e-02
9.490000e+01 1.223795e-01 4.923580e-02 5.610148e-02
9.500000e+01 1.223358e-01 4.920591e-02 5.606462e-02
9.510000e+01 1.222922e-01 4.917604e-02 5.602780e-02
9.520000e+01 1.222482e-01 4.914619e-02 5.599098e-02
9.530000e+01 1.222040e-01 4.911635e-02 5.595418e-02
9.540000e+01 1.221594e-01 4.908654e-02 5.591737e-02
9.550000e+01 1.221146e-01 4.905675e-02 5.588058e-02
9.560000e+01 1.220705e-01 4.902698e-02 5.584386e-02
9.570000e+01 1.220264e-01 4.899722e-02 5.580717e-02
9.580000e+01 1.219820e-01 4.896749e-02 5.577048e-02
9.590000e+01 1.219379e-01 4.893778e-02 5.573384e-02
9.600000e+01 1.218937e-01 4.890809e-02 5.569722e-02
9.610000e+01 1.218492e-01 4.887841e-02 5.566061e-02
9.620000e+01 1.218044e-01 4.884876e-02 5.562401e-02
9.630000e+01 1.217593e-01 4.881913e-02 5.558742e-02
9.640000e+01 1.217139e-01 4.878952e-02 5.555083e-02
9.650000e+01 1.216682e-01 4.875993e-02 5.551425e-02
9.660000e+01 1.216222e-01 4.873036e-02 5.547768e-02
9.670000e+01 1.215760e-01 4.870082e-02 5.544112e-02
9.680000e+01 1.215300e-01 4.867129e-02 5.540461e-02
9.690000e+01 1.214840e-01 4.864178e-02 5.536812e-02
9.700000e+01 1.214376e-01 4.861230e-02 5.533164e-02
9.710000e+01 1.213909e-01 4.858283e-02 5.529516e-02
9.720000e+01 1.213444e-01 4.855339e-02 5.525872e-02
9.730000e+01 1.212985e-01 4.852396e-02 5.522235e-02
9.740000e+01 1.212523e-01 4.849456e-02 5.518599e-02
9.750000e+01 1.212058e-01 4.846518e-02 5.514964e-02
9.760000e+01 1.211591e-01 4.843582e-02 5.511330e-02
9.770000e+01 1.211125e-01 4.840648e-02 5.507699e-02
9.780000e+01 1.210659e-01 4.837716e-02 5.504072e-02
9.790000e+01 1.210190e-01 4.834787e-02 5.500445e-02
9.800000e+01 1.209718e-01 4.831859e-02 5.496820e-02
9.810000e+01 1.209244e-01 4.828934e-02 5.493195e-02
9.820000e+01 1.208767e-01 4.826011e-02 5.489572e-02
9.830000e+01 1.208287e-01 4.823090e-02 5.485950e-02
9.840000e+01 1.207804e-01 4.820171e-02 5.482329e-02
9.850000e+01 1.207318e-01 4.817254e-02 5.478708e-02
9.860000e+01 1.206831e-01 4.814339e-02 5.475091e-02
9.870000e+01 1.206347e-01 4.811427e-02 5.471477e-02
9.880000e+01 1.205861e-01 4.808517e-02 5.467865e-02
9.890000e+01 1.205383e-01 4.805609e-02 5.464262e-02
9.900000e+01 1.204904e-01 4.802703e-02 5.460660e-02
9.910000e+01 1.204422e-01 4.799799e-02 5.457059e-02
9.920000e+01 1.203937e-01 4.796898e-02 5.453460e-02
9.930000e+01 1.203449e-01 4.793998e-02 5.449862e-02
9.940000e+01 1.202959e-01 4.791101e-02 5.446265e-02
9.950000e+01 1.202466e-01 4.788207e-02 5.442669e-02
9.960000e+01 1.201974e-01 4.785314e-02 5.439077e-02
9.970000e+01 1.201483e-01 4.782423e-02 5.435488e-02
9.980000e+01 1.200989e-01 4.779535e-02 5.431900e-02
9.990000e+01 1.200492e-01 4.776649e-02 5.428314e-02
1.000000e+02 1.199992e-01 4.773765e-02 5.424728e-02
