# # chi(t) for Pe = 700, beta = 0.1, bridge_width = 1.0
# # Columns: time, chi, I_T (signed), I_|T| (unsigned)
0.000000e+00 0.000000e+00 7.671023e-02 7.671023e-02
1.000000e-01 1.397000e-04 7.973552e-02 7.974666e-02
2.000000e-01 6.190000e-05 8.006599e-02 8.007094e-02
3.000000e-01 0.000000e+00 8.006336e-02 8.006336e-02
4.000000e-01 0.000000e+00 8.006917e-02 8.006917e-02
5.000000e-01 0.000000e+00 7.994928e-02 7.994928e-02
6.000000e-01 0.000000e+00 8.007057e-02 8.007057e-02
7.000000e-01 0.000000e+00 8.008009e-02 8.008009e-02
8.000000e-01 0.000000e+00 8.008911e-02 8.008911e-02
9.000000e-01 0.000000e+00 8.009777e-02 8.009777e-02
1.000000e+00 6.000000e-07 8.010624e-02 8.010629e-02
1.100000e+00 3.300000e-06 8.011470e-02 8.011496e-02
1.200000e+00 9.600000e-06 8.012328e-02 8.012405e-02
1.300000e+00 2.110000e-05 8.013212e-02 8.013381e-02
1.400000e+00 3.920000e-05 8.014130e-02 8.014444e-02
1.500000e+00 6.360000e-05 8.015088e-02 8.015597e-02
1.600000e+00 9.240000e-05 8.016086e-02 8.016827e-02
1.700000e+00 1.220000e-04 8.017125e-02 8.018103e-02
1.800000e+00 1.489000e-04 8.018200e-02 8.019394e-02
1.900000e+00 1.702000e-04 8.019306e-02 8.020671e-02
2.000000e+00 1.843000e-04 8.020435e-02 8.021914e-02
2.100000e+00 1.908000e-04 8.021581e-02 8.023112e-02
2.200000e+00 1.899000e-04 8.022734e-02 8.024257e-02
2.300000e+00 1.824000e-04 8.023885e-02 8.025348e-02
2.400000e+00 1.692000e-04 8.025025e-02 8.026383e-02
2.500000e+00 1.517000e-04 8.026147e-02 8.027365e-02
2.600000e+00 1.312000e-04 8.027241e-02 8.028294e-02
2.700000e+00 1.088000e-04 8.028299e-02 8.029172e-02
2.800000e+00 8.590000e-05 8.029314e-02 8.030004e-02
2.900000e+00 6.380000e-05 8.030280e-02 8.030792e-02
3.000000e+00 4.350000e-05 8.031189e-02 8.031538e-02
3.100000e+00 2.600000e-05 8.032036e-02 8.032245e-02
3.200000e+00 1.240000e-05 8.032815e-02 8.032915e-02
3.300000e+00 3.400000e-06 8.033522e-02 8.033550e-02
3.400000e+00 1.000000e-07 8.034153e-02 8.034153e-02
3.500000e+00 0.000000e+00 8.034703e-02 8.034703e-02
3.600000e+00 0.000000e+00 8.035170e-02 8.035170e-02
3.700000e+00 0.000000e+00 8.035551e-02 8.035551e-02
3.800000e+00 0.000000e+00 8.035843e-02 8.035843e-02
3.900000e+00 0.000000e+00 8.036044e-02 8.036044e-02
4.000000e+00 0.000000e+00 8.036152e-02 8.036152e-02
4.100000e+00 0.000000e+00 8.036168e-02 8.036168e-02
4.200000e+00 1.752000e-04 8.036088e-02 8.037496e-02
4.300000e+00 6.486000e-04 8.035913e-02 8.041129e-02
4.400000e+00 1.308100e-03 8.035642e-02 8.046167e-02
4.500000e+00 2.093000e-03 8.035275e-02 8.052128e-02
4.600000e+00 2.954800e-03 8.034812e-02 8.058624e-02
4.700000e+00 3.873700e-03 8.034253e-02 8.065496e-02
4.800000e+00 4.833400e-03 8.033598e-02 8.072616e-02
4.900000e+00 5.820800e-03 8.032848e-02 8.079879e-02
5.000000e+00 6.879800e-03 8.032003e-02 8.087644e-02
5.100000e+00 7.955900e-03 8.031065e-02 8.095472e-02
5.200000e+00 9.035800e-03 8.030033e-02 8.103252e-02
5.300000e+00 1.014530e-02 8.028910e-02 8.111200e-02
5.400000e+00 1.128370e-02 8.027695e-02 8.119311e-02
5.500000e+00 1.240950e-02 8.026391e-02 8.127246e-02
5.600000e+00 1.355170e-02 8.024998e-02 8.135245e-02
5.700000e+00 1.471420e-02 8.023518e-02 8.143340e-02
5.800000e+00 1.585310e-02 8.021951e-02 8.151172e-02
5.900000e+00 1.701500e-02 8.020300e-02 8.159127e-02
6.000000e+00 1.817470e-02 8.018565e-02 8.166998e-02
6.100000e+00 1.930370e-02 8.016747e-02 8.174547e-02
6.200000e+00 2.047590e-02 8.014850e-02 8.182391e-02
6.300000e+00 2.161440e-02 8.012872e-02 8.189892e-02
6.400000e+00 2.275070e-02 8.010818e-02 8.197312e-02
6.500000e+00 2.389300e-02 8.008686e-02 8.204722e-02
6.600000e+00 2.499760e-02 8.006480e-02 8.211754e-02
6.700000e+00 2.613630e-02 8.004201e-02 8.219016e-02
6.800000e+00 2.723800e-02 8.001850e-02 8.225907e-02
6.900000e+00 2.834160e-02 7.999429e-02 8.232758e-02
7.000000e+00 2.943710e-02 7.996938e-02 8.239485e-02
7.100000e+00 3.050730e-02 7.994381e-02 8.245942e-02
7.200000e+00 3.159370e-02 7.991757e-02 8.252483e-02
7.300000e+00 3.263850e-02 7.989069e-02 8.258618e-02
7.400000e+00 3.370700e-02 7.986318e-02 8.264903e-02
7.500000e+00 3.473980e-02 7.983505e-02 8.270832e-02
7.600000e+00 3.577680e-02 7.980631e-02 8.276747e-02
7.700000e+00 3.679600e-02 7.977699e-02 8.282460e-02
7.800000e+00 3.780310e-02 7.974709e-02 8.288022e-02
7.900000e+00 3.880740e-02 7.971662e-02 8.293512e-02
8.000000e+00 3.978620e-02 7.968561e-02 8.298736e-02
8.100000e+00 4.077440e-02 7.965406e-02 8.303996e-02
8.200000e+00 4.172650e-02 7.962198e-02 8.308899e-02
8.300000e+00 4.269780e-02 7.958939e-02 8.313926e-02
8.400000e+00 4.362790e-02 7.955630e-02 8.318551e-02
8.500000e+00 4.457840e-02 7.952273e-02 8.323313e-02
8.600000e+00 4.549120e-02 7.948868e-02 8.327705e-02
8.700000e+00 4.642410e-02 7.945416e-02 8.332232e-02
8.800000e+00 4.733630e-02 7.941919e-02 8.336540e-02
8.900000e+00 4.825550e-02 7.938378e-02 8.340871e-02
9.000000e+00 4.914950e-02 7.934794e-02 8.344944e-02
9.100000e+00 5.004620e-02 7.931169e-02 8.349005e-02
9.200000e+00 5.092170e-02 7.927502e-02 8.352843e-02
9.300000e+00 5.179710e-02 7.923796e-02 8.356646e-02
9.400000e+00 5.265400e-02 7.920052e-02 8.360252e-02
9.500000e+00 5.350910e-02 7.916270e-02 8.363809e-02
9.600000e+00 5.434720e-02 7.912451e-02 8.367185e-02
9.700000e+00 5.518310e-02 7.908597e-02 8.370508e-02
9.800000e+00 5.600260e-02 7.904709e-02 8.373655e-02
9.900000e+00 5.682010e-02 7.900786e-02 8.376755e-02
1.000000e+01 5.762100e-02 7.896831e-02 8.379677e-02
1.010000e+01 5.842110e-02 7.892845e-02 8.382563e-02
1.020000e+01 5.920350e-02 7.888827e-02 8.385264e-02
1.030000e+01 5.998710e-02 7.884779e-02 8.387948e-02
1.040000e+01 6.075100e-02 7.880703e-02 8.390430e-02
1.050000e+01 6.151880e-02 7.876597e-02 8.392920e-02
1.060000e+01 6.226460e-02 7.872465e-02 8.395188e-02
1.070000e+01 6.301730e-02 7.868306e-02 8.397493e-02
1.080000e+01 6.374500e-02 7.864121e-02 8.399551e-02
1.090000e+01 6.448340e-02 7.859911e-02 8.401680e-02
1.100000e+01 6.519340e-02 7.855677e-02 8.403531e-02
1.110000e+01 6.593110e-02 7.851419e-02 8.405610e-02
1.120000e+01 6.664130e-02 7.847138e-02 8.407420e-02
1.130000e+01 6.736330e-02 7.842836e-02 8.409315e-02
1.140000e+01 6.806100e-02 7.838511e-02 8.410970e-02
1.150000e+01 6.876480e-02 7.834166e-02 8.412661e-02
1.160000e+01 6.945050e-02 7.829801e-02 8.414169e-02
1.170000e+01 7.013650e-02 7.825416e-02 8.415661e-02
1.180000e+01 7.081070e-02 7.821013e-02 8.417028e-02
1.190000e+01 7.147910e-02 7.816591e-02 8.418325e-02
1.200000e+01 7.214220e-02 7.812152e-02 8.419558e-02
1.210000e+01 7.279330e-02 7.807696e-02 8.420664e-02
1.220000e+01 7.344590e-02 7.803224e-02 8.421768e-02
1.230000e+01 7.408000e-02 7.798735e-02 8.422688e-02
1.240000e+01 7.472240e-02 7.794232e-02 8.423669e-02
1.250000e+01 7.534170e-02 7.789714e-02 8.424425e-02
1.260000e+01 7.597240e-02 7.785182e-02 8.425270e-02
1.270000e+01 7.658260e-02 7.780636e-02 8.425915e-02
1.280000e+01 7.719640e-02 7.776078e-02 8.426580e-02
1.290000e+01 7.779790e-02 7.771507e-02 8.427119e-02
1.300000e+01 7.839530e-02 7.766924e-02 8.427609e-02
1.310000e+01 7.898820e-02 7.762330e-02 8.428046e-02
1.320000e+01 7.956950e-02 7.757725e-02 8.428365e-02
1.330000e+01 8.015420e-02 7.753109e-02 8.428705e-02
1.340000e+01 8.072270e-02 7.748483e-02 8.428885e-02
1.350000e+01 8.131110e-02 7.743847e-02 8.429238e-02
1.360000e+01 8.188000e-02 7.739203e-02 8.429402e-02
1.370000e+01 8.245300e-02 7.734549e-02 8.429594e-02
1.380000e+01 8.301440e-02 7.729887e-02 8.429672e-02
1.390000e+01 8.357150e-02 7.725218e-02 8.429700e-02
1.400000e+01 8.412570e-02 7.720540e-02 8.429694e-02
1.410000e+01 8.466720e-02 7.715856e-02 8.429564e-02
1.420000e+01 8.521450e-02 7.711165e-02 8.429478e-02
1.430000e+01 8.574410e-02 7.706467e-02 8.429223e-02
1.440000e+01 8.628120e-02 7.701763e-02 8.429030e-02
1.450000e+01 8.680440e-02 7.697054e-02 8.428703e-02
1.460000e+01 8.732630e-02 7.692340e-02 8.428356e-02
1.470000e+01 8.784330e-02 7.687620e-02 8.427960e-02
1.480000e+01 8.835020e-02 7.682896e-02 8.427464e-02
1.490000e+01 8.886130e-02 7.678167e-02 8.427002e-02
1.500000e+01 8.935640e-02 7.673435e-02 8.426386e-02
1.510000e+01 8.985880e-02 7.668699e-02 8.425834e-02
1.520000e+01 9.034840e-02 7.663959e-02 8.425159e-02
1.530000e+01 9.083620e-02 7.659217e-02 8.424463e-02
1.540000e+01 9.132050e-02 7.654472e-02 8.423731e-02
1.550000e+01 9.179390e-02 7.649724e-02 8.422895e-02
1.560000e+01 9.227300e-02 7.644975e-02 8.422108e-02
1.570000e+01 9.273750e-02 7.640223e-02 8.421183e-02
1.580000e+01 9.320820e-02 7.635471e-02 8.420313e-02
1.590000e+01 9.367760e-02 7.630717e-02 8.419429e-02
1.600000e+01 9.414210e-02 7.625962e-02 8.418497e-02
1.610000e+01 9.460660e-02 7.621206e-02 8.417563e-02
1.620000e+01 9.505730e-02 7.616451e-02 8.416501e-02
1.630000e+01 9.551690e-02 7.611694e-02 8.415519e-02
1.640000e+01 9.596320e-02 7.606938e-02 8.414412e-02
1.650000e+01 9.640890e-02 7.602183e-02 8.413299e-02
1.660000e+01 9.685080e-02 7.597427e-02 8.412151e-02
1.670000e+01 9.728290e-02 7.592673e-02 8.410910e-02
1.680000e+01 9.772050e-02 7.587919e-02 8.409722e-02
1.690000e+01 9.814540e-02 7.583167e-02 8.408415e-02
1.700000e+01 9.857270e-02 7.578416e-02 8.407130e-02
1.710000e+01 9.899370e-02 7.573667e-02 8.405787e-02
1.720000e+01 9.940770e-02 7.568920e-02 8.404380e-02
1.730000e+01 9.982480e-02 7.564175e-02 8.403003e-02
1.740000e+01 1.002300e-01 7.559432e-02 8.401516e-02
1.750000e+01 1.006391e-01 7.554692e-02 8.400067e-02
1.760000e+01 1.010407e-01 7.549954e-02 8.398549e-02
1.770000e+01 1.014369e-01 7.545219e-02 8.396983e-02
1.780000e+01 1.018350e-01 7.540487e-02 8.395437e-02
1.790000e+01 1.022219e-01 7.535758e-02 8.393787e-02
1.800000e+01 1.026132e-01 7.531033e-02 8.392182e-02
1.810000e+01 1.029968e-01 7.526311e-02 8.390506e-02
1.820000e+01 1.033756e-01 7.521593e-02 8.388789e-02
1.830000e+01 1.037637e-01 7.516878e-02 8.387161e-02
1.840000e+01 1.041416e-01 7.512168e-02 8.385441e-02
1.850000e+01 1.045236e-01 7.507461e-02 8.383762e-02
1.860000e+01 1.048984e-01 7.502759e-02 8.382019e-02
1.870000e+01 1.052679e-01 7.498061e-02 8.380231e-02
1.880000e+01 1.056397e-01 7.493368e-02 8.378466e-02
1.890000e+01 1.060012e-01 7.488679e-02 8.376610e-02
1.900000e+01 1.063657e-01 7.483996e-02 8.374786e-02
1.910000e+01 1.067244e-01 7.479317e-02 8.372910e-02
1.920000e+01 1.070768e-01 7.474643e-02 8.370981e-02
1.930000e+01 1.074326e-01 7.469975e-02 8.369088e-02
1.940000e+01 1.077788e-01 7.465312e-02 8.367109e-02
1.950000e+01 1.081262e-01 7.460655e-02 8.365146e-02
1.960000e+01 1.084697e-01 7.456003e-02 8.363152e-02
1.970000e+01 1.088054e-01 7.451357e-02 8.361088e-02
1.980000e+01 1.091463e-01 7.446717e-02 8.359080e-02
1.990000e+01 1.094781e-01 7.442083e-02 8.356990e-02
2.000000e+01 1.098087e-01 7.437455e-02 8.354895e-02
2.010000e+01 1.101381e-01 7.432833e-02 8.352794e-02
2.020000e+01 1.104585e-01 7.428217e-02 8.350614e-02
2.030000e+01 1.107843e-01 7.423608e-02 8.348489e-02
2.040000e+01 1.111025e-01 7.419006e-02 8.346300e-02
2.050000e+01 1.114168e-01 7.414409e-02 8.344080e-02
2.060000e+01 1.117328e-01 7.409820e-02 8.341882e-02
2.070000e+01 1.120458e-01 7.405237e-02 8.339661e-02
2.080000e+01 1.123624e-01 7.400661e-02 8.337480e-02
2.090000e+01 1.126749e-01 7.396092e-02 8.335267e-02
2.100000e+01 1.129804e-01 7.391529e-02 8.332994e-02
2.110000e+01 1.132907e-01 7.386974e-02 8.330773e-02
2.120000e+01 1.135929e-01 7.382426e-02 8.328482e-02
2.130000e+01 1.138933e-01 7.377885e-02 8.326181e-02
2.140000e+01 1.141935e-01 7.373351e-02 8.323885e-02
2.150000e+01 1.144857e-01 7.368825e-02 8.321520e-02
2.160000e+01 1.147812e-01 7.364306e-02 8.319192e-02
2.170000e+01 1.150715e-01 7.359794e-02 8.316823e-02
2.180000e+01 1.153562e-01 7.355290e-02 8.314408e-02
2.190000e+01 1.156447e-01 7.350793e-02 8.312035e-02
2.200000e+01 1.159256e-01 7.346304e-02 8.309599e-02
2.210000e+01 1.162054e-01 7.341822e-02 8.307159e-02
2.220000e+01 1.164845e-01 7.337349e-02 8.304720e-02
2.230000e+01 1.167563e-01 7.332883e-02 8.302219e-02
2.240000e+01 1.170312e-01 7.328425e-02 8.299755e-02
2.250000e+01 1.173014e-01 7.323974e-02 8.297254e-02
2.260000e+01 1.175659e-01 7.319532e-02 8.294707e-02
2.270000e+01 1.178345e-01 7.315098e-02 8.292206e-02
2.280000e+01 1.180960e-01 7.310672e-02 8.289646e-02
2.290000e+01 1.183557e-01 7.306254e-02 8.287077e-02
2.300000e+01 1.186157e-01 7.301845e-02 8.284519e-02
2.310000e+01 1.188745e-01 7.297443e-02 8.281957e-02
2.320000e+01 1.191358e-01 7.293050e-02 8.279426e-02
2.330000e+01 1.193939e-01 7.288665e-02 8.276873e-02
2.340000e+01 1.196453e-01 7.284289e-02 8.274266e-02
2.350000e+01 1.199016e-01 7.279921e-02 8.271713e-02
2.360000e+01 1.201516e-01 7.275561e-02 8.269108e-02
2.370000e+01 1.203980e-01 7.271210e-02 8.266478e-02
2.380000e+01 1.206466e-01 7.266868e-02 8.263877e-02
2.390000e+01 1.208888e-01 7.262533e-02 8.261223e-02
2.400000e+01 1.211305e-01 7.258208e-02 8.258572e-02
2.410000e+01 1.213713e-01 7.253891e-02 8.255923e-02
2.420000e+01 1.216060e-01 7.249582e-02 8.253224e-02
2.430000e+01 1.218428e-01 7.245283e-02 8.250554e-02
2.440000e+01 1.220763e-01 7.240992e-02 8.247860e-02
2.450000e+01 1.223036e-01 7.236710e-02 8.245117e-02
2.460000e+01 1.225358e-01 7.232436e-02 8.242428e-02
2.470000e+01 1.227620e-01 7.228171e-02 8.239692e-02
2.480000e+01 1.229846e-01 7.223915e-02 8.236931e-02
2.490000e+01 1.232097e-01 7.219668e-02 8.234202e-02
2.500000e+01 1.234289e-01 7.215430e-02 8.231426e-02
2.510000e+01 1.236470e-01 7.211200e-02 8.228648e-02
2.520000e+01 1.238652e-01 7.206980e-02 8.225880e-02
2.530000e+01 1.240777e-01 7.202768e-02 8.223067e-02
2.540000e+01 1.242931e-01 7.198565e-02 8.220290e-02
2.550000e+01 1.245103e-01 7.194371e-02 8.217540e-02
2.560000e+01 1.247220e-01 7.190186e-02 8.214746e-02
2.570000e+01 1.249366e-01 7.186010e-02 8.211987e-02
2.580000e+01 1.251472e-01 7.181842e-02 8.209201e-02
2.590000e+01 1.253527e-01 7.177684e-02 8.206375e-02
2.600000e+01 1.255624e-01 7.173535e-02 8.203598e-02
2.610000e+01 1.257666e-01 7.169394e-02 8.200778e-02
2.620000e+01 1.259675e-01 7.165262e-02 8.197936e-02
2.630000e+01 1.261709e-01 7.161140e-02 8.195126e-02
2.640000e+01 1.263690e-01 7.157026e-02 8.192276e-02
2.650000e+01 1.265654e-01 7.152921e-02 8.189418e-02
2.660000e+01 1.267626e-01 7.148825e-02 8.186577e-02
2.670000e+01 1.269548e-01 7.144738e-02 8.183698e-02
2.680000e+01 1.271466e-01 7.140661e-02 8.180825e-02
2.690000e+01 1.273380e-01 7.136592e-02 8.177956e-02
2.700000e+01 1.275243e-01 7.132532e-02 8.175050e-02
2.710000e+01 1.277118e-01 7.128482e-02 8.172163e-02
2.720000e+01 1.278974e-01 7.124440e-02 8.169268e-02
2.730000e+01 1.280781e-01 7.120407e-02 8.166336e-02
2.740000e+01 1.282612e-01 7.116384e-02 8.163435e-02
2.750000e+01 1.284412e-01 7.112369e-02 8.160516e-02
2.760000e+01 1.286165e-01 7.108364e-02 8.157560e-02
2.770000e+01 1.287963e-01 7.104367e-02 8.154656e-02
2.780000e+01 1.289762e-01 7.100379e-02 8.151763e-02
2.790000e+01 1.291517e-01 7.096400e-02 8.148837e-02
2.800000e+01 1.293310e-01 7.092431e-02 8.145955e-02
2.810000e+01 1.295056e-01 7.088470e-02 8.143039e-02
2.820000e+01 1.296768e-01 7.084518e-02 8.140100e-02
2.830000e+01 1.298508e-01 7.080575e-02 8.137196e-02
2.840000e+01 1.300202e-01 7.076641e-02 8.134259e-02
2.850000e+01 1.301871e-01 7.072716e-02 8.131308e-02
2.860000e+01 1.303560e-01 7.068800e-02 8.128383e-02
2.870000e+01 1.305204e-01 7.064892e-02 8.125426e-02
2.880000e+01 1.306831e-01 7.060993e-02 8.122462e-02
2.890000e+01 1.308470e-01 7.057104e-02 8.119518e-02
2.900000e+01 1.310066e-01 7.053223e-02 8.116543e-02
2.910000e+01 1.311650e-01 7.049351e-02 8.113567e-02
2.920000e+01 1.313241e-01 7.045487e-02 8.110605e-02
2.930000e+01 1.314790e-01 7.041632e-02 8.107613e-02
2.940000e+01 1.316333e-01 7.037787e-02 8.104625e-02
2.950000e+01 1.317877e-01 7.033949e-02 8.101646e-02
2.960000e+01 1.319380e-01 7.030121e-02 8.098639e-02
2.970000e+01 1.320881e-01 7.026301e-02 8.095639e-02
2.980000e+01 1.322380e-01 7.022490e-02 8.092645e-02
2.990000e+01 1.323838e-01 7.018687e-02 8.089622e-02
3.000000e+01 1.325320e-01 7.014893e-02 8.086631e-02
3.010000e+01 1.326823e-01 7.011108e-02 8.083667e-02
3.020000e+01 1.328286e-01 7.007331e-02 8.080676e-02
3.030000e+01 1.329754e-01 7.003563e-02 8.077698e-02
3.040000e+01 1.331213e-01 6.999803e-02 8.074721e-02
3.050000e+01 1.332634e-01 6.996052e-02 8.071716e-02
3.060000e+01 1.334061e-01 6.992310e-02 8.068727e-02
3.070000e+01 1.335478e-01 6.988576e-02 8.065737e-02
3.080000e+01 1.336857e-01 6.984851e-02 8.062721e-02
3.090000e+01 1.338244e-01 6.981134e-02 8.059721e-02
3.100000e+01 1.339620e-01 6.977425e-02 8.056719e-02
3.110000e+01 1.340959e-01 6.973725e-02 8.053692e-02
3.120000e+01 1.342306e-01 6.970033e-02 8.050681e-02
3.130000e+01 1.343642e-01 6.966350e-02 8.047669e-02
3.140000e+01 1.344942e-01 6.962675e-02 8.044631e-02
3.150000e+01 1.346249e-01 6.959009e-02 8.041610e-02
3.160000e+01 1.347547e-01 6.955350e-02 8.038588e-02
3.170000e+01 1.348809e-01 6.951700e-02 8.035541e-02
3.180000e+01 1.350078e-01 6.948058e-02 8.032510e-02
3.190000e+01 1.351337e-01 6.944425e-02 8.029478e-02
3.200000e+01 1.352562e-01 6.940800e-02 8.026423e-02
3.210000e+01 1.353793e-01 6.937182e-02 8.023382e-02
3.220000e+01 1.355017e-01 6.933573e-02 8.020343e-02
3.230000e+01 1.356250e-01 6.929972e-02 8.017322e-02
3.240000e+01 1.357486e-01 6.926379e-02 8.014311e-02
3.250000e+01 1.358718e-01 6.922795e-02 8.011305e-02
3.260000e+01 1.359916e-01 6.919218e-02 8.008276e-02
3.270000e+01 1.361114e-01 6.915649e-02 8.005256e-02
3.280000e+01 1.362311e-01 6.912088e-02 8.002242e-02
3.290000e+01 1.363474e-01 6.908536e-02 7.999207e-02
3.300000e+01 1.364634e-01 6.904991e-02 7.996176e-02
3.310000e+01 1.365796e-01 6.901454e-02 7.993156e-02
3.320000e+01 1.366926e-01 6.897925e-02 7.990114e-02
3.330000e+01 1.368048e-01 6.894404e-02 7.987074e-02
3.340000e+01 1.369177e-01 6.890890e-02 7.984047e-02
3.350000e+01 1.370274e-01 6.887384e-02 7.981000e-02
3.360000e+01 1.371359e-01 6.883886e-02 7.977950e-02
3.370000e+01 1.372456e-01 6.880396e-02 7.974918e-02
3.380000e+01 1.373521e-01 6.876913e-02 7.971866e-02
3.390000e+01 1.374570e-01 6.873438e-02 7.968806e-02
3.400000e+01 1.375635e-01 6.869970e-02 7.965769e-02
3.410000e+01 1.376669e-01 6.866510e-02 7.962712e-02
3.420000e+01 1.377682e-01 6.863058e-02 7.959643e-02
3.430000e+01 1.378716e-01 6.859613e-02 7.956602e-02
3.440000e+01 1.379720e-01 6.856175e-02 7.953541e-02
3.450000e+01 1.380735e-01 6.852745e-02 7.950498e-02
3.460000e+01 1.381780e-01 6.849322e-02 7.947491e-02
3.470000e+01 1.382796e-01 6.845906e-02 7.944464e-02
3.480000e+01 1.383783e-01 6.842498e-02 7.941418e-02
3.490000e+01 1.384795e-01 6.839097e-02 7.938403e-02
3.500000e+01 1.385782e-01 6.835704e-02 7.935373e-02
3.510000e+01 1.386740e-01 6.832317e-02 7.932324e-02
3.520000e+01 1.387716e-01 6.828938e-02 7.929299e-02
3.530000e+01 1.388674e-01 6.825566e-02 7.926266e-02
3.540000e+01 1.389605e-01 6.822201e-02 7.923215e-02
3.550000e+01 1.390545e-01 6.818843e-02 7.920180e-02
3.560000e+01 1.391477e-01 6.815492e-02 7.917144e-02
3.570000e+01 1.392380e-01 6.812149e-02 7.914091e-02
3.580000e+01 1.393286e-01 6.808812e-02 7.911046e-02
3.590000e+01 1.394190e-01 6.805482e-02 7.908009e-02
3.600000e+01 1.395068e-01 6.802159e-02 7.904953e-02
3.610000e+01 1.395938e-01 6.798842e-02 7.901899e-02
3.620000e+01 1.396817e-01 6.795533e-02 7.898859e-02
3.630000e+01 1.397669e-01 6.792230e-02 7.895802e-02
3.640000e+01 1.398506e-01 6.788934e-02 7.892738e-02
3.650000e+01 1.399359e-01 6.785645e-02 7.889697e-02
3.660000e+01 1.400189e-01 6.782362e-02 7.886641e-02
3.670000e+01 1.401030e-01 6.779086e-02 7.883603e-02
3.680000e+01 1.401897e-01 6.775817e-02 7.880595e-02
3.690000e+01 1.402738e-01 6.772554e-02 7.877571e-02
3.700000e+01 1.403554e-01 6.769297e-02 7.874530e-02
3.710000e+01 1.404388e-01 6.766047e-02 7.871513e-02
3.720000e+01 1.405205e-01 6.762803e-02 7.868487e-02
3.730000e+01 1.405997e-01 6.759566e-02 7.865445e-02
3.740000e+01 1.406797e-01 6.756335e-02 7.862418e-02
3.750000e+01 1.407591e-01 6.753110e-02 7.859391e-02
3.760000e+01 1.408360e-01 6.749891e-02 7.856348e-02
3.770000e+01 1.409127e-01 6.746679e-02 7.853309e-02
3.780000e+01 1.409898e-01 6.743472e-02 7.850282e-02
3.790000e+01 1.410644e-01 6.740272e-02 7.847238e-02
3.800000e+01 1.411378e-01 6.737078e-02 7.844189e-02
3.810000e+01 1.412126e-01 6.733889e-02 7.841160e-02
3.820000e+01 1.412851e-01 6.730707e-02 7.838116e-02
3.830000e+01 1.413552e-01 6.727531e-02 7.835057e-02
3.840000e+01 1.414279e-01 6.724360e-02 7.832027e-02
3.850000e+01 1.414983e-01 6.721195e-02 7.828983e-02
3.860000e+01 1.415663e-01 6.718036e-02 7.825924e-02
3.870000e+01 1.416358e-01 6.714883e-02 7.822883e-02
3.880000e+01 1.417058e-01 6.711736e-02 7.819854e-02
3.890000e+01 1.417754e-01 6.708594e-02 7.816827e-02
3.900000e+01 1.418452e-01 6.705458e-02 7.813809e-02
3.910000e+01 1.419150e-01 6.702327e-02 7.810796e-02
3.920000e+01 1.419826e-01 6.699202e-02 7.807769e-02
3.930000e+01 1.420492e-01 6.696082e-02 7.804739e-02
3.940000e+01 1.421171e-01 6.692968e-02 7.801727e-02
3.950000e+01 1.421827e-01 6.689859e-02 7.798700e-02
3.960000e+01 1.422462e-01 6.686756e-02 7.795659e-02
3.970000e+01 1.423120e-01 6.683658e-02 7.792645e-02
3.980000e+01 1.423757e-01 6.680566e-02 7.789618e-02
3.990000e+01 1.424373e-01 6.677478e-02 7.786578e-02
4.000000e+01 1.425000e-01 6.674396e-02 7.783552e-02
4.010000e+01 1.425619e-01 6.671319e-02 7.780526e-02
4.020000e+01 1.426217e-01 6.668248e-02 7.777486e-02
4.030000e+01 1.426812e-01 6.665181e-02 7.774448e-02
4.040000e+01 1.427413e-01 6.662119e-02 7.771422e-02
4.050000e+01 1.427993e-01 6.659062e-02 7.768382e-02
4.060000e+01 1.428558e-01 6.656011e-02 7.765333e-02
4.070000e+01 1.429141e-01 6.652964e-02 7.762307e-02
4.080000e+01 1.429704e-01 6.649922e-02 7.759268e-02
4.090000e+01 1.430250e-01 6.646885e-02 7.756218e-02
4.100000e+01 1.430841e-01 6.643852e-02 7.753214e-02
4.110000e+01 1.431421e-01 6.640825e-02 7.750206e-02
4.120000e+01 1.431981e-01 6.637802e-02 7.747184e-02
4.130000e+01 1.432542e-01 6.634784e-02 7.744168e-02
4.140000e+01 1.433105e-01 6.631770e-02 7.741160e-02
4.150000e+01 1.433649e-01 6.628761e-02 7.738138e-02
4.160000e+01 1.434178e-01 6.625757e-02 7.735109e-02
4.170000e+01 1.434725e-01 6.622757e-02 7.732101e-02
4.180000e+01 1.435253e-01 6.619761e-02 7.729080e-02
4.190000e+01 1.435762e-01 6.616770e-02 7.726046e-02
4.200000e+01 1.436284e-01 6.613783e-02 7.723029e-02
4.210000e+01 1.436796e-01 6.610801e-02 7.720009e-02
4.220000e+01 1.437290e-01 6.607823e-02 7.716975e-02
4.230000e+01 1.437782e-01 6.604849e-02 7.713946e-02
4.240000e+01 1.438279e-01 6.601879e-02 7.710925e-02
4.250000e+01 1.438758e-01 6.598913e-02 7.707892e-02
4.260000e+01 1.439220e-01 6.595952e-02 7.704849e-02
4.270000e+01 1.439702e-01 6.592994e-02 7.701828e-02
4.280000e+01 1.440167e-01 6.590041e-02 7.698796e-02
4.290000e+01 1.440613e-01 6.587091e-02 7.695751e-02
4.300000e+01 1.441068e-01 6.584146e-02 7.692719e-02
4.310000e+01 1.441546e-01 6.581204e-02 7.689712e-02
4.320000e+01 1.442010e-01 6.578266e-02 7.686696e-02
4.330000e+01 1.442467e-01 6.575332e-02 7.683678e-02
4.340000e+01 1.442935e-01 6.572402e-02 7.680674e-02
4.350000e+01 1.443386e-01 6.569475e-02 7.677658e-02
4.360000e+01 1.443819e-01 6.566552e-02 7.674630e-02
4.370000e+01 1.444268e-01 6.563633e-02 7.671620e-02
4.380000e+01 1.444705e-01 6.560717e-02 7.668604e-02
4.390000e+01 1.445125e-01 6.557805e-02 7.665576e-02
4.400000e+01 1.445544e-01 6.554896e-02 7.662552e-02
4.410000e+01 1.445969e-01 6.551991e-02 7.659535e-02
4.420000e+01 1.446376e-01 6.549089e-02 7.656508e-02
4.430000e+01 1.446766e-01 6.546190e-02 7.653468e-02
4.440000e+01 1.447178e-01 6.543295e-02 7.650451e-02
4.450000e+01 1.447573e-01 6.540403e-02 7.647423e-02
4.460000e+01 1.447951e-01 6.537514e-02 7.644384e-02
4.470000e+01 1.448334e-01 6.534629e-02 7.641352e-02
4.480000e+01 1.448717e-01 6.531747e-02 7.638324e-02
4.490000e+01 1.449084e-01 6.528868e-02 7.635284e-02
4.500000e+01 1.449437e-01 6.525992e-02 7.632237e-02
4.510000e+01 1.449809e-01 6.523119e-02 7.629208e-02
4.520000e+01 1.450190e-01 6.520249e-02 7.626191e-02
4.530000e+01 1.450559e-01 6.517382e-02 7.623167e-02
4.540000e+01 1.450935e-01 6.514518e-02 7.620152e-02
4.550000e+01 1.451309e-01 6.511657e-02 7.617138e-02
4.560000e+01 1.451667e-01 6.508798e-02 7.614114e-02
4.570000e+01 1.452013e-01 6.505943e-02 7.611082e-02
4.580000e+01 1.452376e-01 6.503090e-02 7.608067e-02
4.590000e+01 1.452723e-01 6.500240e-02 7.605041e-02
4.600000e+01 1.453055e-01 6.497392e-02 7.602005e-02
4.610000e+01 1.453393e-01 6.494547e-02 7.598977e-02
4.620000e+01 1.453729e-01 6.491705e-02 7.595950e-02
4.630000e+01 1.454050e-01 6.488865e-02 7.592913e-02
4.640000e+01 1.454360e-01 6.486028e-02 7.589868e-02
4.650000e+01 1.454686e-01 6.483193e-02 7.586840e-02
4.660000e+01 1.454997e-01 6.480360e-02 7.583801e-02
4.670000e+01 1.455293e-01 6.477530e-02 7.580752e-02
4.680000e+01 1.455594e-01 6.474702e-02 7.577709e-02
4.690000e+01 1.455895e-01 6.471877e-02 7.574670e-02
4.700000e+01 1.456182e-01 6.469054e-02 7.571619e-02
4.710000e+01 1.456455e-01 6.466233e-02 7.568559e-02
4.720000e+01 1.456747e-01 6.463414e-02 7.565518e-02
4.730000e+01 1.457051e-01 6.460597e-02 7.562491e-02
4.740000e+01 1.457343e-01 6.457782e-02 7.559453e-02
4.750000e+01 1.457635e-01 6.454969e-02 7.556420e-02
4.760000e+01 1.457932e-01 6.452159e-02 7.553392e-02
4.770000e+01 1.458214e-01 6.449350e-02 7.550353e-02
4.780000e+01 1.458482e-01 6.446543e-02 7.547304e-02
4.790000e+01 1.458765e-01 6.443738e-02 7.544270e-02
4.800000e+01 1.459039e-01 6.440935e-02 7.541230e-02
4.810000e+01 1.459298e-01 6.438134e-02 7.538179e-02
4.820000e+01 1.459554e-01 6.435334e-02 7.535126e-02
4.830000e+01 1.459818e-01 6.432536e-02 7.532084e-02
4.840000e+01 1.460069e-01 6.429740e-02 7.529031e-02
4.850000e+01 1.460307e-01 6.426945e-02 7.525968e-02
4.860000e+01 1.460554e-01 6.424152e-02 7.522914e-02
4.870000e+01 1.460796e-01 6.421361e-02 7.519859e-02
4.880000e+01 1.461026e-01 6.418571e-02 7.516794e-02
4.890000e+01 1.461245e-01 6.415783e-02 7.513722e-02
4.900000e+01 1.461480e-01 6.412996e-02 7.510665e-02
4.910000e+01 1.461702e-01 6.410210e-02 7.507598e-02
4.920000e+01 1.461911e-01 6.407426e-02 7.504521e-02
4.930000e+01 1.462127e-01 6.404644e-02 7.501451e-02
4.940000e+01 1.462369e-01 6.401862e-02 7.498405e-02
4.950000e+01 1.462597e-01 6.399082e-02 7.495350e-02
4.960000e+01 1.462813e-01 6.396303e-02 7.492284e-02
4.970000e+01 1.463041e-01 6.393526e-02 7.489230e-02
4.980000e+01 1.463262e-01 6.390749e-02 7.486172e-02
4.990000e+01 1.463471e-01 6.387974e-02 7.483104e-02
5.000000e+01 1.463671e-01 6.385199e-02 7.480030e-02
5.010000e+01 1.463885e-01 6.382426e-02 7.476969e-02
5.020000e+01 1.464087e-01 6.379654e-02 7.473898e-02
5.030000e+01 1.464276e-01 6.376883e-02 7.470817e-02
5.040000e+01 1.464467e-01 6.374113e-02 7.467739e-02
5.050000e+01 1.464662e-01 6.371344e-02 7.464665e-02
5.060000e+01 1.464845e-01 6.368575e-02 7.461581e-02
5.070000e+01 1.465016e-01 6.365808e-02 7.458488e-02
5.080000e+01 1.465197e-01 6.363041e-02 7.455405e-02
5.090000e+01 1.465373e-01 6.360275e-02 7.452318e-02
5.100000e+01 1.465538e-01 6.357510e-02 7.449222e-02
5.110000e+01 1.465692e-01 6.354746e-02 7.446117e-02
5.120000e+01 1.465862e-01 6.351982e-02 7.443028e-02
5.130000e+01 1.466021e-01 6.349219e-02 7.439928e-02
5.140000e+01 1.466183e-01 6.346457e-02 7.436833e-02
5.150000e+01 1.466353e-01 6.343695e-02 7.433744e-02
5.160000e+01 1.466531e-01 6.340934e-02 7.430664e-02
5.170000e+01 1.466698e-01 6.338173e-02 7.427574e-02
5.180000e+01 1.466854e-01 6.335413e-02 7.424475e-02
5.190000e+01 1.467013e-01 6.332653e-02 7.421379e-02
5.200000e+01 1.467175e-01 6.329894e-02 7.418286e-02
5.210000e+01 1.467325e-01 6.327135e-02 7.415183e-02
5.220000e+01 1.467463e-01 6.324376e-02 7.412070e-02
5.230000e+01 1.467612e-01 6.321618e-02 7.408967e-02
5.240000e+01 1.467757e-01 6.318860e-02 7.405861e-02
5.250000e+01 1.467891e-01 6.316103e-02 7.402744e-02
5.260000e+01 1.468013e-01 6.313345e-02 7.399619e-02
5.270000e+01 1.468152e-01 6.310588e-02 7.396508e-02
5.280000e+01 1.468280e-01 6.307831e-02 7.393388e-02
5.290000e+01 1.468398e-01 6.305074e-02 7.390258e-02
5.300000e+01 1.468509e-01 6.302318e-02 7.387124e-02
5.310000e+01 1.468633e-01 6.299561e-02 7.384000e-02
5.320000e+01 1.468746e-01 6.296805e-02 7.380866e-02
5.330000e+01 1.468848e-01 6.294048e-02 7.377724e-02
5.340000e+01 1.468950e-01 6.291292e-02 7.374581e-02
5.350000e+01 1.469082e-01 6.288536e-02 7.371464e-02
5.360000e+01 1.469204e-01 6.285779e-02 7.368339e-02
5.370000e+01 1.469316e-01 6.283022e-02 7.365204e-02
5.380000e+01 1.469430e-01 6.280266e-02 7.362071e-02
5.390000e+01 1.469548e-01 6.277509e-02 7.358940e-02
5.400000e+01 1.469655e-01 6.274752e-02 7.355801e-02
5.410000e+01 1.469752e-01 6.271995e-02 7.352652e-02
5.420000e+01 1.469855e-01 6.269238e-02 7.349508e-02
5.430000e+01 1.469958e-01 6.266480e-02 7.346364e-02
5.440000e+01 1.470050e-01 6.263722e-02 7.343211e-02
5.450000e+01 1.470133e-01 6.260964e-02 7.340049e-02
5.460000e+01 1.470225e-01 6.258205e-02 7.336894e-02
5.470000e+01 1.470314e-01 6.255446e-02 7.333736e-02
5.480000e+01 1.470393e-01 6.252687e-02 7.330569e-02
5.490000e+01 1.470462e-01 6.249927e-02 7.327393e-02
5.500000e+01 1.470542e-01 6.247167e-02 7.324226e-02
5.510000e+01 1.470618e-01 6.244407e-02 7.321054e-02
5.520000e+01 1.470683e-01 6.241646e-02 7.317873e-02
5.530000e+01 1.470739e-01 6.238885e-02 7.314684e-02
5.540000e+01 1.470808e-01 6.236123e-02 7.311505e-02
5.550000e+01 1.470885e-01 6.233360e-02 7.308332e-02
5.560000e+01 1.470961e-01 6.230597e-02 7.305157e-02
5.570000e+01 1.471028e-01 6.227833e-02 7.301974e-02
5.580000e+01 1.471108e-01 6.225069e-02 7.298802e-02
5.590000e+01 1.471181e-01 6.222304e-02 7.295623e-02
5.600000e+01 1.471244e-01 6.219539e-02 7.292434e-02
5.610000e+01 1.471299e-01 6.216773e-02 7.289237e-02
5.620000e+01 1.471367e-01 6.214006e-02 7.286052e-02
5.630000e+01 1.471427e-01 6.211239e-02 7.282858e-02
5.640000e+01 1.471478e-01 6.208470e-02 7.279656e-02
5.650000e+01 1.471520e-01 6.205701e-02 7.276445e-02
5.660000e+01 1.471576e-01 6.202931e-02 7.273245e-02
5.670000e+01 1.471624e-01 6.200161e-02 7.270037e-02
5.680000e+01 1.471664e-01 6.197389e-02 7.266821e-02
5.690000e+01 1.471694e-01 6.194617e-02 7.263596e-02
5.700000e+01 1.471738e-01 6.191844e-02 7.260381e-02
5.710000e+01 1.471774e-01 6.189070e-02 7.257159e-02
5.720000e+01 1.471802e-01 6.186295e-02 7.253929e-02
5.730000e+01 1.471821e-01 6.183519e-02 7.250690e-02
5.740000e+01 1.471852e-01 6.180742e-02 7.247461e-02
5.750000e+01 1.471883e-01 6.177964e-02 7.244230e-02
5.760000e+01 1.471922e-01 6.175185e-02 7.241004e-02
5.770000e+01 1.471952e-01 6.172405e-02 7.237770e-02
5.780000e+01 1.471993e-01 6.169624e-02 7.234544e-02
5.790000e+01 1.472029e-01 6.166842e-02 7.231313e-02
5.800000e+01 1.472057e-01 6.164059e-02 7.228073e-02
5.810000e+01 1.472077e-01 6.161275e-02 7.224825e-02
5.820000e+01 1.472105e-01 6.158490e-02 7.221582e-02
5.830000e+01 1.472130e-01 6.155703e-02 7.218336e-02
5.840000e+01 1.472147e-01 6.152916e-02 7.215082e-02
5.850000e+01 1.472156e-01 6.150127e-02 7.211820e-02
5.860000e+01 1.472171e-01 6.147337e-02 7.208561e-02
5.870000e+01 1.472186e-01 6.144546e-02 7.205301e-02
5.880000e+01 1.472193e-01 6.141754e-02 7.202032e-02
5.890000e+01 1.472192e-01 6.138961e-02 7.198756e-02
5.900000e+01 1.472193e-01 6.136166e-02 7.195480e-02
5.910000e+01 1.472198e-01 6.133370e-02 7.192205e-02
5.920000e+01 1.472196e-01 6.130573e-02 7.188923e-02
5.930000e+01 1.472185e-01 6.127774e-02 7.185632e-02
5.940000e+01 1.472173e-01 6.124975e-02 7.182339e-02
5.950000e+01 1.472169e-01 6.122173e-02 7.179052e-02
5.960000e+01 1.472178e-01 6.119371e-02 7.175773e-02
5.970000e+01 1.472180e-01 6.116567e-02 7.172486e-02
5.980000e+01 1.472176e-01 6.113762e-02 7.169193e-02
5.990000e+01 1.472183e-01 6.110956e-02 7.165908e-02
6.000000e+01 1.472182e-01 6.108148e-02 7.162615e-02
6.010000e+01 1.472174e-01 6.105338e-02 7.159314e-02
6.020000e+01 1.472158e-01 6.102528e-02 7.156005e-02
6.030000e+01 1.472154e-01 6.099716e-02 7.152704e-02
6.040000e+01 1.472145e-01 6.096902e-02 7.149397e-02
6.050000e+01 1.472127e-01 6.094087e-02 7.146081e-02
6.060000e+01 1.472103e-01 6.091271e-02 7.142758e-02
6.070000e+01 1.472084e-01 6.088453e-02 7.139438e-02
6.080000e+01 1.472066e-01 6.085633e-02 7.136117e-02
6.090000e+01 1.472040e-01 6.082812e-02 7.132787e-02
6.100000e+01 1.472007e-01 6.079990e-02 7.129450e-02
6.110000e+01 1.471974e-01 6.077166e-02 7.126111e-02
6.120000e+01 1.471947e-01 6.074341e-02 7.122776e-02
6.130000e+01 1.471913e-01 6.071514e-02 7.119432e-02
6.140000e+01 1.471872e-01 6.068685e-02 7.116081e-02
6.150000e+01 1.471825e-01 6.065855e-02 7.112724e-02
6.160000e+01 1.471808e-01 6.063024e-02 7.109389e-02
6.170000e+01 1.471786e-01 6.060191e-02 7.106049e-02
6.180000e+01 1.471757e-01 6.057356e-02 7.102701e-02
6.190000e+01 1.471721e-01 6.054520e-02 7.099346e-02
6.200000e+01 1.471693e-01 6.051682e-02 7.095995e-02
6.210000e+01 1.471663e-01 6.048843e-02 7.092640e-02
6.220000e+01 1.471626e-01 6.046002e-02 7.089278e-02
6.230000e+01 1.471583e-01 6.043159e-02 7.085909e-02
6.240000e+01 1.471539e-01 6.040315e-02 7.082538e-02
6.250000e+01 1.471502e-01 6.037469e-02 7.079170e-02
6.260000e+01 1.471457e-01 6.034621e-02 7.075794e-02
6.270000e+01 1.471406e-01 6.031772e-02 7.072411e-02
6.280000e+01 1.471347e-01 6.028921e-02 7.069020e-02
6.290000e+01 1.471302e-01 6.026069e-02 7.065637e-02
6.300000e+01 1.471250e-01 6.023215e-02 7.062248e-02
6.310000e+01 1.471191e-01 6.020359e-02 7.058851e-02
6.320000e+01 1.471126e-01 6.017501e-02 7.055447e-02
6.330000e+01 1.471065e-01 6.014642e-02 7.052044e-02
6.340000e+01 1.471006e-01 6.011781e-02 7.048641e-02
6.350000e+01 1.470940e-01 6.008919e-02 7.045230e-02
6.360000e+01 1.470884e-01 6.006055e-02 7.041826e-02
6.370000e+01 1.470827e-01 6.003189e-02 7.038419e-02
6.380000e+01 1.470781e-01 6.000321e-02 7.035018e-02
6.390000e+01 1.470728e-01 5.997452e-02 7.031611e-02
6.400000e+01 1.470669e-01 5.994581e-02 7.028196e-02
6.410000e+01 1.470603e-01 5.991708e-02 7.024773e-02
6.420000e+01 1.470542e-01 5.988834e-02 7.021353e-02
6.430000e+01 1.470483e-01 5.985957e-02 7.017932e-02
6.440000e+01 1.470417e-01 5.983080e-02 7.014504e-02
6.450000e+01 1.470344e-01 5.980200e-02 7.011068e-02
6.460000e+01 1.470267e-01 5.977319e-02 7.007627e-02
6.470000e+01 1.470201e-01 5.974436e-02 7.004193e-02
6.480000e+01 1.470129e-01 5.971551e-02 7.000751e-02
6.490000e+01 1.470050e-01 5.968664e-02 6.997303e-02
6.500000e+01 1.469965e-01 5.965776e-02 6.993847e-02
6.510000e+01 1.469884e-01 5.962886e-02 6.990393e-02
6.520000e+01 1.469805e-01 5.959994e-02 6.986938e-02
6.530000e+01 1.469720e-01 5.957101e-02 6.983476e-02
6.540000e+01 1.469629e-01 5.954206e-02 6.980008e-02
6.550000e+01 1.469532e-01 5.951309e-02 6.976533e-02
6.560000e+01 1.469462e-01 5.948410e-02 6.973077e-02
6.570000e+01 1.469390e-01 5.945509e-02 6.969619e-02
6.580000e+01 1.469313e-01 5.942607e-02 6.966153e-02
6.590000e+01 1.469229e-01 5.939703e-02 6.962680e-02
6.600000e+01 1.469145e-01 5.936798e-02 6.959205e-02
6.610000e+01 1.469067e-01 5.933890e-02 6.955734e-02
6.620000e+01 1.468983e-01 5.930981e-02 6.952255e-02
6.630000e+01 1.468893e-01 5.928070e-02 6.948770e-02
6.640000e+01 1.468798e-01 5.925157e-02 6.945278e-02
6.650000e+01 1.468708e-01 5.922243e-02 6.941788e-02
6.660000e+01 1.468618e-01 5.919326e-02 6.938297e-02
6.670000e+01 1.468523e-01 5.916408e-02 6.934800e-02
6.680000e+01 1.468422e-01 5.913489e-02 6.931295e-02
6.690000e+01 1.468315e-01 5.910567e-02 6.927784e-02
6.700000e+01 1.468219e-01 5.907644e-02 6.924280e-02
6.710000e+01 1.468119e-01 5.904719e-02 6.920770e-02
6.720000e+01 1.468012e-01 5.901792e-02 6.917254e-02
6.730000e+01 1.467900e-01 5.898864e-02 6.913731e-02
6.740000e+01 1.467787e-01 5.895934e-02 6.910204e-02
6.750000e+01 1.467681e-01 5.893002e-02 6.906682e-02
6.760000e+01 1.467586e-01 5.890068e-02 6.903168e-02
6.770000e+01 1.467488e-01 5.887133e-02 6.899648e-02
6.780000e+01 1.467383e-01 5.884196e-02 6.896121e-02
6.790000e+01 1.467281e-01 5.881257e-02 6.892595e-02
6.800000e+01 1.467183e-01 5.878317e-02 6.889069e-02
6.810000e+01 1.467079e-01 5.875375e-02 6.885537e-02
6.820000e+01 1.466970e-01 5.872431e-02 6.881999e-02
6.830000e+01 1.466855e-01 5.869485e-02 6.878455e-02
6.840000e+01 1.466745e-01 5.866538e-02 6.874913e-02
6.850000e+01 1.466636e-01 5.863589e-02 6.871369e-02
6.860000e+01 1.466522e-01 5.860639e-02 6.867820e-02
6.870000e+01 1.466402e-01 5.857687e-02 6.864264e-02
6.880000e+01 1.466277e-01 5.854733e-02 6.860702e-02
6.890000e+01 1.466160e-01 5.851777e-02 6.857144e-02
6.900000e+01 1.466040e-01 5.848820e-02 6.853583e-02
6.910000e+01 1.465916e-01 5.845861e-02 6.850016e-02
6.920000e+01 1.465786e-01 5.842901e-02 6.846443e-02
6.930000e+01 1.465651e-01 5.839939e-02 6.842864e-02
6.940000e+01 1.465525e-01 5.836975e-02 6.839290e-02
6.950000e+01 1.465398e-01 5.834009e-02 6.835713e-02
6.960000e+01 1.465281e-01 5.831042e-02 6.832144e-02
6.970000e+01 1.465160e-01 5.828074e-02 6.828568e-02
6.980000e+01 1.465033e-01 5.825103e-02 6.824986e-02
6.990000e+01 1.464915e-01 5.822131e-02 6.821410e-02
7.000000e+01 1.464794e-01 5.819158e-02 6.817829e-02
7.010000e+01 1.464668e-01 5.816183e-02 6.814243e-02
7.020000e+01 1.464536e-01 5.813206e-02 6.810651e-02
7.030000e+01 1.464400e-01 5.810228e-02 6.807052e-02
7.040000e+01 1.464273e-01 5.807248e-02 6.803460e-02
7.050000e+01 1.464143e-01 5.804266e-02 6.799863e-02
7.060000e+01 1.464007e-01 5.801283e-02 6.796260e-02
7.070000e+01 1.463866e-01 5.798298e-02 6.792652e-02
7.080000e+01 1.463721e-01 5.795312e-02 6.789038e-02
7.090000e+01 1.463584e-01 5.792324e-02 6.785429e-02
7.100000e+01 1.463445e-01 5.789335e-02 6.781816e-02
7.110000e+01 1.463300e-01 5.786344e-02 6.778198e-02
7.120000e+01 1.463150e-01 5.783352e-02 6.774574e-02
7.130000e+01 1.462996e-01 5.780358e-02 6.770944e-02
7.140000e+01 1.462849e-01 5.777363e-02 6.767319e-02
7.150000e+01 1.462707e-01 5.774366e-02 6.763696e-02
7.160000e+01 1.462570e-01 5.771367e-02 6.760076e-02
7.170000e+01 1.462429e-01 5.768367e-02 6.756450e-02
7.180000e+01 1.462283e-01 5.765366e-02 6.752819e-02
7.190000e+01 1.462143e-01 5.762363e-02 6.749192e-02
7.200000e+01 1.462003e-01 5.759359e-02 6.745562e-02
7.210000e+01 1.461858e-01 5.756353e-02 6.741927e-02
7.220000e+01 1.461708e-01 5.753346e-02 6.738287e-02
7.230000e+01 1.461554e-01 5.750337e-02 6.734641e-02
7.240000e+01 1.461402e-01 5.747327e-02 6.730997e-02
7.250000e+01 1.461254e-01 5.744316e-02 6.727353e-02
7.260000e+01 1.461100e-01 5.741303e-02 6.723703e-02
7.270000e+01 1.460942e-01 5.738289e-02 6.720049e-02
7.280000e+01 1.460779e-01 5.735273e-02 6.716390e-02
7.290000e+01 1.460617e-01 5.732256e-02 6.712729e-02
7.300000e+01 1.460459e-01 5.729238e-02 6.709070e-02
7.310000e+01 1.460298e-01 5.726218e-02 6.705407e-02
7.320000e+01 1.460131e-01 5.723197e-02 6.701739e-02
7.330000e+01 1.459961e-01 5.720175e-02 6.698066e-02
7.340000e+01 1.459786e-01 5.717151e-02 6.694388e-02
7.350000e+01 1.459632e-01 5.714126e-02 6.690726e-02
7.360000e+01 1.459479e-01 5.711100e-02 6.687062e-02
7.370000e+01 1.459322e-01 5.708072e-02 6.683394e-02
7.380000e+01 1.459160e-01 5.705043e-02 6.679721e-02
7.390000e+01 1.458993e-01 5.702013e-02 6.676043e-02
7.400000e+01 1.458833e-01 5.698981e-02 6.672368e-02
7.410000e+01 1.458671e-01 5.695948e-02 6.668691e-02
7.420000e+01 1.458506e-01 5.692914e-02 6.665010e-02
7.430000e+01 1.458336e-01 5.689879e-02 6.661324e-02
7.440000e+01 1.458162e-01 5.686843e-02 6.657634e-02
7.450000e+01 1.457989e-01 5.683805e-02 6.653942e-02
7.460000e+01 1.457820e-01 5.680766e-02 6.650253e-02
7.470000e+01 1.457647e-01 5.677726e-02 6.646560e-02
7.480000e+01 1.457470e-01 5.674685e-02 6.642862e-02
7.490000e+01 1.457288e-01 5.671643e-02 6.639159e-02
7.500000e+01 1.457102e-01 5.668599e-02 6.635452e-02
7.510000e+01 1.456925e-01 5.665554e-02 6.631751e-02
7.520000e+01 1.456744e-01 5.662509e-02 6.628045e-02
7.530000e+01 1.456559e-01 5.659462e-02 6.624336e-02
7.540000e+01 1.456372e-01 5.656414e-02 6.620623e-02
7.550000e+01 1.456195e-01 5.653365e-02 6.616917e-02
7.560000e+01 1.456020e-01 5.650315e-02 6.613211e-02
7.570000e+01 1.455848e-01 5.647263e-02 6.609507e-02
7.580000e+01 1.455672e-01 5.644211e-02 6.605799e-02
7.590000e+01 1.455492e-01 5.641158e-02 6.602086e-02
7.600000e+01 1.455308e-01 5.638104e-02 6.598370e-02
7.610000e+01 1.455120e-01 5.635048e-02 6.594649e-02
7.620000e+01 1.454939e-01 5.631992e-02 6.590932e-02
7.630000e+01 1.454756e-01 5.628935e-02 6.587213e-02
7.640000e+01 1.454569e-01 5.625876e-02 6.583490e-02
7.650000e+01 1.454377e-01 5.622817e-02 6.579763e-02
7.660000e+01 1.454182e-01 5.619757e-02 6.576032e-02
7.670000e+01 1.453986e-01 5.616696e-02 6.572299e-02
7.680000e+01 1.453796e-01 5.613634e-02 6.568570e-02
7.690000e+01 1.453601e-01 5.610571e-02 6.564836e-02
7.700000e+01 1.453403e-01 5.607507e-02 6.561099e-02
7.710000e+01 1.453201e-01 5.604442e-02 6.557358e-02
7.720000e+01 1.452994e-01 5.601377e-02 6.553613e-02
7.730000e+01 1.452792e-01 5.598310e-02 6.549870e-02
7.740000e+01 1.452599e-01 5.595243e-02 6.546134e-02
7.750000e+01 1.452410e-01 5.592175e-02 6.542399e-02
7.760000e+01 1.452216e-01 5.589106e-02 6.538660e-02
7.770000e+01 1.452019e-01 5.586036e-02 6.534918e-02
7.780000e+01 1.451817e-01 5.582965e-02 6.531172e-02
7.790000e+01 1.451623e-01 5.579894e-02 6.527431e-02
7.800000e+01 1.451427e-01 5.576821e-02 6.523687e-02
7.810000e+01 1.451226e-01 5.573748e-02 6.519939e-02
7.820000e+01 1.451022e-01 5.570675e-02 6.516188e-02
7.830000e+01 1.450814e-01 5.567600e-02 6.512433e-02
7.840000e+01 1.450603e-01 5.564525e-02 6.508676e-02
7.850000e+01 1.450400e-01 5.561449e-02 6.504923e-02
7.860000e+01 1.450193e-01 5.558373e-02 6.501167e-02
7.870000e+01 1.449982e-01 5.555295e-02 6.497408e-02
7.880000e+01 1.449767e-01 5.552217e-02 6.493645e-02
7.890000e+01 1.449549e-01 5.549139e-02 6.489878e-02
7.900000e+01 1.449329e-01 5.546060e-02 6.486111e-02
7.910000e+01 1.449116e-01 5.542980e-02 6.482347e-02
7.920000e+01 1.448898e-01 5.539899e-02 6.478580e-02
7.930000e+01 1.448679e-01 5.536818e-02 6.474810e-02
7.940000e+01 1.448469e-01 5.533737e-02 6.471048e-02
7.950000e+01 1.448256e-01 5.530655e-02 6.467282e-02
7.960000e+01 1.448042e-01 5.527572e-02 6.463516e-02
7.970000e+01 1.447834e-01 5.524488e-02 6.459753e-02
7.980000e+01 1.447621e-01 5.521405e-02 6.455987e-02
7.990000e+01 1.447405e-01 5.518320e-02 6.452218e-02
8.000000e+01 1.447186e-01 5.515235e-02 6.448445e-02
8.010000e+01 1.446962e-01 5.512150e-02 6.444669e-02
8.020000e+01 1.446739e-01 5.509064e-02 6.440893e-02
8.030000e+01 1.446520e-01 5.505978e-02 6.437120e-02
8.040000e+01 1.446298e-01 5.502891e-02 6.433344e-02
8.050000e+01 1.446072e-01 5.499804e-02 6.429565e-02
8.060000e+01 1.445842e-01 5.496716e-02 6.425783e-02
8.070000e+01 1.445609e-01 5.493628e-02 6.421998e-02
8.080000e+01 1.445375e-01 5.490540e-02 6.418212e-02
8.090000e+01 1.445146e-01 5.487451e-02 6.414430e-02
8.100000e+01 1.444914e-01 5.484362e-02 6.410645e-02
8.110000e+01 1.444678e-01 5.481272e-02 6.406857e-02
8.120000e+01 1.444438e-01 5.478183e-02 6.403066e-02
8.130000e+01 1.444207e-01 5.475092e-02 6.399281e-02
8.140000e+01 1.443976e-01 5.472002e-02 6.395496e-02
8.150000e+01 1.443753e-01 5.468911e-02 6.391717e-02
8.160000e+01 1.443526e-01 5.465820e-02 6.387935e-02
8.170000e+01 1.443295e-01 5.462729e-02 6.384150e-02
8.180000e+01 1.443061e-01 5.459637e-02 6.380362e-02
8.190000e+01 1.442824e-01 5.456545e-02 6.376572e-02
8.200000e+01 1.442583e-01 5.453453e-02 6.372779e-02
8.210000e+01 1.442348e-01 5.450361e-02 6.368991e-02
8.220000e+01 1.442112e-01 5.447268e-02 6.365201e-02
8.230000e+01 1.441872e-01 5.444175e-02 6.361409e-02
8.240000e+01 1.441628e-01 5.441082e-02 6.357614e-02
8.250000e+01 1.441381e-01 5.437989e-02 6.353816e-02
8.260000e+01 1.441131e-01 5.434896e-02 6.350016e-02
8.270000e+01 1.440884e-01 5.431802e-02 6.346219e-02
8.280000e+01 1.440638e-01 5.428709e-02 6.342422e-02
8.290000e+01 1.440388e-01 5.425615e-02 6.338623e-02
8.300000e+01 1.440136e-01 5.422521e-02 6.334822e-02
8.310000e+01 1.439880e-01 5.419428e-02 6.331018e-02
8.320000e+01 1.439626e-01 5.416334e-02 6.327217e-02
8.330000e+01 1.439381e-01 5.413240e-02 6.323421e-02
8.340000e+01 1.439140e-01 5.410146e-02 6.319629e-02
8.350000e+01 1.438896e-01 5.407052e-02 6.315835e-02
8.360000e+01 1.438649e-01 5.403958e-02 6.312038e-02
8.370000e+01 1.438398e-01 5.400864e-02 6.308240e-02
8.380000e+01 1.438144e-01 5.397770e-02 6.304439e-02
8.390000e+01 1.437886e-01 5.394676e-02 6.300636e-02
8.400000e+01 1.437634e-01 5.391582e-02 6.296836e-02
8.410000e+01 1.437381e-01 5.388488e-02 6.293037e-02
8.420000e+01 1.437124e-01 5.385394e-02 6.289235e-02
8.430000e+01 1.436864e-01 5.382300e-02 6.285432e-02
8.440000e+01 1.436601e-01 5.379207e-02 6.281626e-02
8.450000e+01 1.436335e-01 5.376113e-02 6.277818e-02
8.460000e+01 1.436067e-01 5.373020e-02 6.274010e-02
8.470000e+01 1.435805e-01 5.369927e-02 6.270206e-02
8.480000e+01 1.435539e-01 5.366834e-02 6.266400e-02
8.490000e+01 1.435271e-01 5.363741e-02 6.262592e-02
8.500000e+01 1.434998e-01 5.360648e-02 6.258782e-02
8.510000e+01 1.434726e-01 5.357556e-02 6.254973e-02
8.520000e+01 1.434462e-01 5.354463e-02 6.251170e-02
8.530000e+01 1.434200e-01 5.351371e-02 6.247369e-02
8.540000e+01 1.433940e-01 5.348279e-02 6.243570e-02
8.550000e+01 1.433676e-01 5.345188e-02 6.239768e-02
8.560000e+01 1.433410e-01 5.342096e-02 6.235965e-02
8.570000e+01 1.433139e-01 5.339005e-02 6.232161e-02
8.580000e+01 1.432866e-01 5.335914e-02 6.228354e-02
8.590000e+01 1.432590e-01 5.332824e-02 6.224546e-02
8.600000e+01 1.432319e-01 5.329733e-02 6.220742e-02
8.610000e+01 1.432047e-01 5.326643e-02 6.216938e-02
8.620000e+01 1.431771e-01 5.323554e-02 6.213132e-02
8.630000e+01 1.431492e-01 5.320465e-02 6.209324e-02
8.640000e+01 1.431210e-01 5.317376e-02 6.205515e-02
8.650000e+01 1.430925e-01 5.314287e-02 6.201704e-02
8.660000e+01 1.430637e-01 5.311199e-02 6.197893e-02
8.670000e+01 1.430356e-01 5.308111e-02 6.194086e-02
8.680000e+01 1.430071e-01 5.305024e-02 6.190278e-02
8.690000e+01 1.429784e-01 5.301937e-02 6.186468e-02
8.700000e+01 1.429494e-01 5.298850e-02 6.182658e-02
8.710000e+01 1.429215e-01 5.295764e-02 6.178856e-02
8.720000e+01 1.428932e-01 5.292679e-02 6.175052e-02
8.730000e+01 1.428647e-01 5.289594e-02 6.171247e-02
8.740000e+01 1.428368e-01 5.286509e-02 6.167448e-02
8.750000e+01 1.428086e-01 5.283425e-02 6.163647e-02
8.760000e+01 1.427801e-01 5.280341e-02 6.159844e-02
8.770000e+01 1.427513e-01 5.277258e-02 6.156041e-02
8.780000e+01 1.427221e-01 5.274176e-02 6.152236e-02
8.790000e+01 1.426927e-01 5.271094e-02 6.148429e-02
8.800000e+01 1.426631e-01 5.268012e-02 6.144623e-02
8.810000e+01 1.426340e-01 5.264931e-02 6.140821e-02
8.820000e+01 1.426046e-01 5.261851e-02 6.137018e-02
8.830000e+01 1.425749e-01 5.258771e-02 6.133214e-02
8.840000e+01 1.425450e-01 5.255692e-02 6.129408e-02
8.850000e+01 1.425147e-01 5.252614e-02 6.125602e-02
8.860000e+01 1.424841e-01 5.249536e-02 6.121794e-02
8.870000e+01 1.424533e-01 5.246459e-02 6.117986e-02
8.880000e+01 1.424230e-01 5.243382e-02 6.114183e-02
8.890000e+01 1.423926e-01 5.240306e-02 6.110379e-02
8.900000e+01 1.423631e-01 5.237231e-02 6.106583e-02
8.910000e+01 1.423334e-01 5.234157e-02 6.102787e-02
8.920000e+01 1.423033e-01 5.231083e-02 6.098989e-02
8.930000e+01 1.422730e-01 5.228010e-02 6.095191e-02
8.940000e+01 1.422424e-01 5.224937e-02 6.091391e-02
8.950000e+01 1.422122e-01 5.221866e-02 6.087596e-02
8.960000e+01 1.421819e-01 5.218795e-02 6.083801e-02
8.970000e+01 1.421514e-01 5.215725e-02 6.080006e-02
8.980000e+01 1.421205e-01 5.212655e-02 6.076209e-02
8.990000e+01 1.420894e-01 5.209587e-02 6.072412e-02
9.000000e+01 1.420579e-01 5.206519e-02 6.068614e-02
9.010000e+01 1.420262e-01 5.203452e-02 6.064815e-02
9.020000e+01 1.419946e-01 5.200386e-02 6.061018e-02
9.030000e+01 1.419632e-01 5.197321e-02 6.057224e-02
9.040000e+01 1.419316e-01 5.194256e-02 6.053429e-02
9.050000e+01 1.418996e-01 5.191193e-02 6.049633e-02
9.060000e+01 1.418674e-01 5.188130e-02 6.045837e-02
9.070000e+01 1.418348e-01 5.185068e-02 6.042040e-02
9.080000e+01 1.418021e-01 5.182007e-02 6.038242e-02
9.090000e+01 1.417703e-01 5.178947e-02 6.034454e-02
9.100000e+01 1.417392e-01 5.175888e-02 6.030670e-02
9.110000e+01 1.417078e-01 5.172830e-02 6.026887e-02
9.120000e+01 1.416761e-01 5.169773e-02 6.023102e-02
9.130000e+01 1.416441e-01 5.166716e-02 6.019317e-02
9.140000e+01 1.416118e-01 5.163661e-02 6.015531e-02
9.150000e+01 1.415792e-01 5.160607e-02 6.011745e-02
9.160000e+01 1.415464e-01 5.157553e-02 6.007958e-02
9.170000e+01 1.415137e-01 5.154501e-02 6.004173e-02
9.180000e+01 1.414812e-01 5.151449e-02 6.000392e-02
9.190000e+01 1.414484e-01 5.148399e-02 5.996610e-02
9.200000e+01 1.414153e-01 5.145349e-02 5.992827e-02
9.210000e+01 1.413820e-01 5.142301e-02 5.989044e-02
9.220000e+01 1.413483e-01 5.139254e-02 5.985260e-02
9.230000e+01 1.413144e-01 5.136207e-02 5.981476e-02
9.240000e+01 1.412802e-01 5.133162e-02 5.977692e-02
9.250000e+01 1.412465e-01 5.130118e-02 5.973912e-02
9.260000e+01 1.412126e-01 5.127075e-02 5.970133e-02
9.270000e+01 1.411787e-01 5.124033e-02 5.966355e-02
9.280000e+01 1.411456e-01 5.120992e-02 5.962585e-02
9.290000e+01 1.411122e-01 5.117953e-02 5.958814e-02
9.300000e+01 1.410785e-01 5.114914e-02 5.955043e-02
9.310000e+01 1.410446e-01 5.111877e-02 5.951271e-02
9.320000e+01 1.410104e-01 5.108840e-02 5.947500e-02
9.330000e+01 1.409768e-01 5.105805e-02 5.943734e-02
9.340000e+01 1.409429e-01 5.102771e-02 5.939968e-02
9.350000e+01 1.409087e-01 5.099739e-02 5.936201e-02
9.360000e+01 1.408743e-01 5.096707e-02 5.932435e-02
9.370000e+01 1.408396e-01 5.093677e-02 5.928668e-02
9.380000e+01 1.408046e-01 5.090648e-02 5.924901e-02
9.390000e+01 1.407693e-01 5.087620e-02 5.921134e-02
9.400000e+01 1.407338e-01 5.084593e-02 5.917367e-02
9.410000e+01 1.406989e-01 5.081568e-02 5.913605e-02
9.420000e+01 1.406637e-01 5.078544e-02 5.909844e-02
9.430000e+01 1.406282e-01 5.075521e-02 5.906082e-02
9.440000e+01 1.405924e-01 5.072499e-02 5.902321e-02
9.450000e+01 1.405564e-01 5.069479e-02 5.898559e-02
9.460000e+01 1.405205e-01 5.066460e-02 5.894800e-02
9.470000e+01 1.404852e-01 5.063442e-02 5.891047e-02
9.480000e+01 1.404496e-01 5.060426e-02 5.887294e-02
9.490000e+01 1.404146e-01 5.057411e-02 5.883546e-02
9.500000e+01 1.403793e-01 5.054397e-02 5.879799e-02
9.510000e+01 1.403438e-01 5.051384e-02 5.876052e-02
9.520000e+01 1.403080e-01 5.048373e-02 5.872305e-02
9.530000e+01 1.402720e-01 5.045364e-02 5.868558e-02
9.540000e+01 1.402357e-01 5.042355e-02 5.864811e-02
9.550000e+01 1.401991e-01 5.039348e-02 5.861064e-02
9.560000e+01 1.401622e-01 5.036343e-02 5.857318e-02
9.570000e+01 1.401257e-01 5.033339e-02 5.853575e-02
9.580000e+01 1.400891e-01 5.030336e-02 5.849834e-02
9.590000e+01 1.400523e-01 5.027335e-02 5.846094e-02
9.600000e+01 1.400152e-01 5.024335e-02 5.842353e-02
9.610000e+01 1.399779e-01 5.021336e-02 5.838613e-02
9.620000e+01 1.399403e-01 5.018339e-02 5.834873e-02
9.630000e+01 1.399024e-01 5.015343e-02 5.831133e-02
9.640000e+01 1.398643e-01 5.012349e-02 5.827393e-02
9.650000e+01 1.398268e-01 5.009357e-02 5.823661e-02
9.660000e+01 1.397903e-01 5.006365e-02 5.819936e-02
9.670000e+01 1.397534e-01 5.003376e-02 5.816211e-02
9.680000e+01 1.397163e-01 5.000387e-02 5.812487e-02
9.690000e+01 1.396789e-01 4.997401e-02 5.808762e-02
9.700000e+01 1.396413e-01 4.994415e-02 5.805039e-02
9.710000e+01 1.396034e-01 4.991432e-02 5.801315e-02
9.720000e+01 1.395653e-01 4.988450e-02 5.797592e-02
9.730000e+01 1.395269e-01 4.985469e-02 5.793870e-02
9.740000e+01 1.394889e-01 4.982490e-02 5.790152e-02
9.750000e+01 1.394508e-01 4.979512e-02 5.786435e-02
9.760000e+01 1.394124e-01 4.976536e-02 5.782719e-02
9.770000e+01 1.393737e-01 4.973562e-02 5.779003e-02
9.780000e+01 1.393348e-01 4.970589e-02 5.775288e-02
9.790000e+01 1.392957e-01 4.967618e-02 5.771573e-02
9.800000e+01 1.392563e-01 4.964648e-02 5.767859e-02
9.810000e+01 1.392166e-01 4.961680e-02 5.764145e-02
9.820000e+01 1.391768e-01 4.958714e-02 5.760432e-02
9.830000e+01 1.391374e-01 4.955749e-02 5.756725e-02
9.840000e+01 1.390989e-01 4.952786e-02 5.753025e-02
9.850000e+01 1.390602e-01 4.949824e-02 5.749327e-02
9.860000e+01 1.390213e-01 4.946864e-02 5.745629e-02
9.870000e+01 1.389822e-01 4.943906e-02 5.741932e-02
9.880000e+01 1.389428e-01 4.940949e-02 5.738235e-02
9.890000e+01 1.389031e-01 4.937994e-02 5.734539e-02
9.900000e+01 1.388632e-01 4.935041e-02 5.730844e-02
9.910000e+01 1.388233e-01 4.932089e-02 5.727151e-02
9.920000e+01 1.387836e-01 4.929139e-02 5.723462e-02
9.930000e+01 1.387437e-01 4.926191e-02 5.719773e-02
9.940000e+01 1.387036e-01 4.923244e-02 5.716086e-02
9.950000e+01 1.386632e-01 4.920299e-02 5.712399e-02
9.960000e+01 1.386225e-01 4.917356e-02 5.708712e-02
9.970000e+01 1.385817e-01 4.914415e-02 5.705027e-02
9.980000e+01 1.385405e-01 4.911475e-02 5.701342e-02
9.990000e+01 1.384991e-01 4.908537e-02 5.697658e-02
1.000000e+02 1.384577e-01 4.905601e-02 5.693975e-02
