# # chi(t) for Pe = 400, beta = 0.1, bridge_width = 1.0
# # Columns: time, chi, I_T (signed), I_|T| (unsigned)
0.000000e+00 0.000000e+00 7.671023e-02 7.671023e-02
1.000000e-01 8.410000e-05 7.974527e-02 7.975198e-02
2.000000e-01 0.000000e+00 8.005597e-02 8.005597e-02
3.000000e-01 0.000000e+00 8.005232e-02 8.005232e-02
4.000000e-01 0.000000e+00 8.005773e-02 8.005773e-02
5.000000e-01 0.000000e+00 8.006005e-02 8.006005e-02
6.000000e-01 0.000000e+00 8.007008e-02 8.007008e-02
7.000000e-01 0.000000e+00 8.007967e-02 8.007967e-02
8.000000e-01 4.000000e-07 8.008904e-02 8.008908e-02
9.000000e-01 2.900000e-06 8.009832e-02 8.009855e-02
1.000000e+00 8.400000e-06 8.010760e-02 8.010828e-02
1.100000e+00 1.720000e-05 8.011694e-02 8.011832e-02
1.200000e+00 2.850000e-05 8.012637e-02 8.012865e-02
1.300000e+00 4.130000e-05 8.013593e-02 8.013924e-02
1.400000e+00 5.440000e-05 8.014565e-02 8.015001e-02
1.500000e+00 6.650000e-05 8.015554e-02 8.016087e-02
1.600000e+00 7.660000e-05 8.016559e-02 8.017174e-02
1.700000e+00 8.360000e-05 8.017580e-02 8.018250e-02
1.800000e+00 8.680000e-05 8.018612e-02 8.019308e-02
1.900000e+00 8.610000e-05 8.019651e-02 8.020341e-02
2.000000e+00 8.170000e-05 8.020690e-02 8.021345e-02
2.100000e+00 7.390000e-05 8.021723e-02 8.022316e-02
2.200000e+00 6.360000e-05 8.022742e-02 8.023253e-02
2.300000e+00 5.150000e-05 8.023740e-02 8.024154e-02
2.400000e+00 3.890000e-05 8.024710e-02 8.025022e-02
2.500000e+00 2.640000e-05 8.025643e-02 8.025855e-02
2.600000e+00 1.540000e-05 8.026533e-02 8.026657e-02
2.700000e+00 6.700000e-06 8.027373e-02 8.027427e-02
2.800000e+00 1.300000e-06 8.028157e-02 8.028167e-02
2.900000e+00 0.000000e+00 8.028878e-02 8.028878e-02
3.000000e+00 0.000000e+00 8.029531e-02 8.029531e-02
3.100000e+00 0.000000e+00 8.030111e-02 8.030111e-02
3.200000e+00 0.000000e+00 8.030614e-02 8.030614e-02
3.300000e+00 0.000000e+00 8.031036e-02 8.031036e-02
3.400000e+00 0.000000e+00 8.031372e-02 8.031372e-02
3.500000e+00 0.000000e+00 8.031620e-02 8.031620e-02
3.600000e+00 0.000000e+00 8.031777e-02 8.031777e-02
3.700000e+00 0.000000e+00 8.031841e-02 8.031841e-02
3.800000e+00 0.000000e+00 8.031810e-02 8.031810e-02
3.900000e+00 0.000000e+00 8.031682e-02 8.031682e-02
4.000000e+00 0.000000e+00 8.031456e-02 8.031456e-02
4.100000e+00 0.000000e+00 8.031130e-02 8.031130e-02
4.200000e+00 0.000000e+00 8.030705e-02 8.030705e-02
4.300000e+00 0.000000e+00 8.030180e-02 8.030180e-02
4.400000e+00 0.000000e+00 8.029555e-02 8.029555e-02
4.500000e+00 0.000000e+00 8.028829e-02 8.028829e-02
4.600000e+00 0.000000e+00 8.028003e-02 8.028003e-02
4.700000e+00 0.000000e+00 8.027077e-02 8.027077e-02
4.800000e+00 0.000000e+00 8.026051e-02 8.026051e-02
4.900000e+00 0.000000e+00 8.024927e-02 8.024927e-02
5.000000e+00 0.000000e+00 8.023705e-02 8.023705e-02
5.100000e+00 0.000000e+00 8.022385e-02 8.022385e-02
5.200000e+00 0.000000e+00 8.020970e-02 8.020970e-02
5.300000e+00 0.000000e+00 8.019459e-02 8.019459e-02
5.400000e+00 0.000000e+00 8.017855e-02 8.017855e-02
5.500000e+00 0.000000e+00 8.016158e-02 8.016158e-02
5.600000e+00 0.000000e+00 8.014369e-02 8.014369e-02
5.700000e+00 0.000000e+00 8.012489e-02 8.012489e-02
5.800000e+00 0.000000e+00 8.010521e-02 8.010521e-02
5.900000e+00 0.000000e+00 8.008465e-02 8.008465e-02
6.000000e+00 0.000000e+00 8.006323e-02 8.006323e-02
6.100000e+00 0.000000e+00 8.004096e-02 8.004096e-02
6.200000e+00 0.000000e+00 8.001785e-02 8.001785e-02
6.300000e+00 0.000000e+00 7.999393e-02 7.999393e-02
6.400000e+00 0.000000e+00 7.996920e-02 7.996920e-02
6.500000e+00 0.000000e+00 7.994368e-02 7.994368e-02
6.600000e+00 0.000000e+00 7.991739e-02 7.991739e-02
6.700000e+00 0.000000e+00 7.989034e-02 7.989034e-02
6.800000e+00 0.000000e+00 7.986255e-02 7.986255e-02
6.900000e+00 0.000000e+00 7.983402e-02 7.983402e-02
7.000000e+00 0.000000e+00 7.980478e-02 7.980478e-02
7.100000e+00 0.000000e+00 7.977484e-02 7.977484e-02
7.200000e+00 0.000000e+00 7.974422e-02 7.974422e-02
7.300000e+00 0.000000e+00 7.971292e-02 7.971292e-02
7.400000e+00 0.000000e+00 7.968097e-02 7.968097e-02
7.500000e+00 0.000000e+00 7.964837e-02 7.964837e-02
7.600000e+00 0.000000e+00 7.961514e-02 7.961514e-02
7.700000e+00 0.000000e+00 7.958130e-02 7.958130e-02
7.800000e+00 0.000000e+00 7.954685e-02 7.954685e-02
7.900000e+00 0.000000e+00 7.951182e-02 7.951182e-02
8.000000e+00 0.000000e+00 7.947621e-02 7.947621e-02
8.100000e+00 0.000000e+00 7.944004e-02 7.944004e-02
8.200000e+00 0.000000e+00 7.940331e-02 7.940331e-02
8.300000e+00 0.000000e+00 7.936605e-02 7.936605e-02
8.400000e+00 0.000000e+00 7.932827e-02 7.932827e-02
8.500000e+00 0.000000e+00 7.928997e-02 7.928997e-02
8.600000e+00 0.000000e+00 7.925117e-02 7.925117e-02
8.700000e+00 0.000000e+00 7.921189e-02 7.921189e-02
8.800000e+00 0.000000e+00 7.917213e-02 7.917213e-02
8.900000e+00 0.000000e+00 7.913191e-02 7.913191e-02
9.000000e+00 0.000000e+00 7.909123e-02 7.909123e-02
9.100000e+00 0.000000e+00 7.905012e-02 7.905012e-02
9.200000e+00 0.000000e+00 7.900858e-02 7.900858e-02
9.300000e+00 0.000000e+00 7.896662e-02 7.896662e-02
9.400000e+00 6.580000e-05 7.892425e-02 7.892945e-02
9.500000e+00 1.834000e-04 7.888149e-02 7.889596e-02
9.600000e+00 3.329000e-04 7.883835e-02 7.886460e-02
9.700000e+00 5.090000e-04 7.879483e-02 7.883495e-02
9.800000e+00 7.108000e-04 7.875094e-02 7.880696e-02
9.900000e+00 9.275000e-04 7.870670e-02 7.877977e-02
1.000000e+01 1.156200e-03 7.866212e-02 7.875317e-02
1.010000e+01 1.394400e-03 7.861720e-02 7.872698e-02
1.020000e+01 1.647000e-03 7.857196e-02 7.870158e-02
1.030000e+01 1.917500e-03 7.852640e-02 7.867726e-02
1.040000e+01 2.193000e-03 7.848053e-02 7.865302e-02
1.050000e+01 2.476600e-03 7.843437e-02 7.862910e-02
1.060000e+01 2.772500e-03 7.838792e-02 7.860585e-02
1.070000e+01 3.069500e-03 7.834119e-02 7.858239e-02
1.080000e+01 3.374700e-03 7.829418e-02 7.855929e-02
1.090000e+01 3.688100e-03 7.824692e-02 7.853657e-02
1.100000e+01 3.999700e-03 7.819940e-02 7.851343e-02
1.110000e+01 4.324600e-03 7.815163e-02 7.849107e-02
1.120000e+01 4.649400e-03 7.810362e-02 7.846845e-02
1.130000e+01 4.976600e-03 7.805539e-02 7.844578e-02
1.140000e+01 5.312800e-03 7.800692e-02 7.842358e-02
1.150000e+01 5.643900e-03 7.795825e-02 7.840073e-02
1.160000e+01 5.988100e-03 7.790936e-02 7.837870e-02
1.170000e+01 6.328200e-03 7.786027e-02 7.835612e-02
1.180000e+01 6.673500e-03 7.781098e-02 7.833374e-02
1.190000e+01 7.021100e-03 7.776151e-02 7.831134e-02
1.200000e+01 7.367200e-03 7.771185e-02 7.828862e-02
1.210000e+01 7.721300e-03 7.766202e-02 7.826634e-02
1.220000e+01 8.067900e-03 7.761202e-02 7.824328e-02
1.230000e+01 8.427200e-03 7.756186e-02 7.822105e-02
1.240000e+01 8.777600e-03 7.751155e-02 7.819794e-02
1.250000e+01 9.137600e-03 7.746109e-02 7.817542e-02
1.260000e+01 9.491800e-03 7.741048e-02 7.815229e-02
1.270000e+01 9.851400e-03 7.735974e-02 7.812942e-02
1.280000e+01 1.020850e-02 7.730886e-02 7.810621e-02
1.290000e+01 1.056750e-02 7.725786e-02 7.808301e-02
1.300000e+01 1.092670e-02 7.720674e-02 7.805967e-02
1.310000e+01 1.128500e-02 7.715550e-02 7.803614e-02
1.320000e+01 1.164560e-02 7.710416e-02 7.801266e-02
1.330000e+01 1.200300e-02 7.705271e-02 7.798881e-02
1.340000e+01 1.236430e-02 7.700116e-02 7.796514e-02
1.350000e+01 1.272080e-02 7.694951e-02 7.794098e-02
1.360000e+01 1.308210e-02 7.689777e-02 7.791709e-02
1.370000e+01 1.343750e-02 7.684595e-02 7.789263e-02
1.380000e+01 1.379830e-02 7.679405e-02 7.786850e-02
1.390000e+01 1.415250e-02 7.674207e-02 7.784375e-02
1.400000e+01 1.451550e-02 7.669002e-02 7.781962e-02
1.410000e+01 1.487230e-02 7.663790e-02 7.779489e-02
1.420000e+01 1.523480e-02 7.658572e-02 7.777053e-02
1.430000e+01 1.559030e-02 7.653347e-02 7.774555e-02
1.440000e+01 1.595110e-02 7.648117e-02 7.772090e-02
1.450000e+01 1.630530e-02 7.642882e-02 7.769567e-02
1.460000e+01 1.666390e-02 7.637642e-02 7.767072e-02
1.470000e+01 1.701680e-02 7.632398e-02 7.764525e-02
1.480000e+01 1.737290e-02 7.627149e-02 7.761998e-02
1.490000e+01 1.772430e-02 7.621897e-02 7.759427e-02
1.500000e+01 1.807760e-02 7.616641e-02 7.756867e-02
1.510000e+01 1.842750e-02 7.611383e-02 7.754274e-02
1.520000e+01 1.877770e-02 7.606121e-02 7.751680e-02
1.530000e+01 1.912590e-02 7.600858e-02 7.749066e-02
1.540000e+01 1.947270e-02 7.595593e-02 7.746436e-02
1.550000e+01 1.981930e-02 7.590325e-02 7.743802e-02
1.560000e+01 2.016240e-02 7.585057e-02 7.741137e-02
1.570000e+01 2.050730e-02 7.579788e-02 7.738483e-02
1.580000e+01 2.084650e-02 7.574517e-02 7.735781e-02
1.590000e+01 2.118970e-02 7.569247e-02 7.733109e-02
1.600000e+01 2.152470e-02 7.563976e-02 7.730370e-02
1.610000e+01 2.186620e-02 7.558705e-02 7.727680e-02
1.620000e+01 2.220230e-02 7.553435e-02 7.724947e-02
1.630000e+01 2.254640e-02 7.548165e-02 7.722275e-02
1.640000e+01 2.288090e-02 7.542896e-02 7.719526e-02
1.650000e+01 2.322040e-02 7.537628e-02 7.716816e-02
1.660000e+01 2.355330e-02 7.532362e-02 7.714053e-02
1.670000e+01 2.388790e-02 7.527097e-02 7.711304e-02
1.680000e+01 2.421920e-02 7.521834e-02 7.708528e-02
1.690000e+01 2.454890e-02 7.516573e-02 7.705741e-02
1.700000e+01 2.487850e-02 7.511314e-02 7.702952e-02
1.710000e+01 2.520320e-02 7.506058e-02 7.700126e-02
1.720000e+01 2.553110e-02 7.500805e-02 7.697326e-02
1.730000e+01 2.585060e-02 7.495554e-02 7.694460e-02
1.740000e+01 2.617670e-02 7.490306e-02 7.691648e-02
1.750000e+01 2.649360e-02 7.485062e-02 7.688765e-02
1.760000e+01 2.681530e-02 7.479821e-02 7.685922e-02
1.770000e+01 2.713060e-02 7.474584e-02 7.683029e-02
1.780000e+01 2.744680e-02 7.469350e-02 7.680145e-02
1.790000e+01 2.776040e-02 7.464120e-02 7.677244e-02
1.800000e+01 2.807270e-02 7.458895e-02 7.674334e-02
1.810000e+01 2.838980e-02 7.453673e-02 7.671464e-02
1.820000e+01 2.869980e-02 7.448456e-02 7.668542e-02
1.830000e+01 2.901520e-02 7.443244e-02 7.665664e-02
1.840000e+01 2.932200e-02 7.438036e-02 7.662722e-02
1.850000e+01 2.963320e-02 7.432832e-02 7.659818e-02
1.860000e+01 2.993850e-02 7.427634e-02 7.656869e-02
1.870000e+01 3.024380e-02 7.422441e-02 7.653925e-02
1.880000e+01 3.054740e-02 7.417254e-02 7.650971e-02
1.890000e+01 3.084670e-02 7.412071e-02 7.647987e-02
1.900000e+01 3.114880e-02 7.406894e-02 7.645028e-02
1.910000e+01 3.144270e-02 7.401723e-02 7.642009e-02
1.920000e+01 3.174250e-02 7.396558e-02 7.639040e-02
1.930000e+01 3.203490e-02 7.391398e-02 7.636018e-02
1.940000e+01 3.232860e-02 7.386245e-02 7.633010e-02
1.950000e+01 3.261950e-02 7.381097e-02 7.629984e-02
1.960000e+01 3.290710e-02 7.375956e-02 7.626936e-02
1.970000e+01 3.319640e-02 7.370821e-02 7.623907e-02
1.980000e+01 3.348300e-02 7.365692e-02 7.620862e-02
1.990000e+01 3.377560e-02 7.360570e-02 7.617868e-02
2.000000e+01 3.406090e-02 7.355454e-02 7.614822e-02
2.010000e+01 3.434730e-02 7.350345e-02 7.611789e-02
2.020000e+01 3.463110e-02 7.345243e-02 7.608742e-02
2.030000e+01 3.491110e-02 7.340147e-02 7.605670e-02
2.040000e+01 3.519350e-02 7.335058e-02 7.602621e-02
2.050000e+01 3.546850e-02 7.329976e-02 7.599519e-02
2.060000e+01 3.574810e-02 7.324901e-02 7.596459e-02
2.070000e+01 3.602170e-02 7.319832e-02 7.593358e-02
2.080000e+01 3.629490e-02 7.314771e-02 7.590259e-02
2.090000e+01 3.656710e-02 7.309717e-02 7.587157e-02
2.100000e+01 3.683390e-02 7.304670e-02 7.584019e-02
2.110000e+01 3.710470e-02 7.299630e-02 7.580918e-02
2.120000e+01 3.736860e-02 7.294597e-02 7.577768e-02
2.130000e+01 3.763460e-02 7.289571e-02 7.574640e-02
2.140000e+01 3.789890e-02 7.284553e-02 7.571505e-02
2.150000e+01 3.816340e-02 7.279542e-02 7.568378e-02
2.160000e+01 3.842960e-02 7.274539e-02 7.565269e-02
2.170000e+01 3.868910e-02 7.269543e-02 7.562114e-02
2.180000e+01 3.895260e-02 7.264554e-02 7.558997e-02
2.190000e+01 3.921080e-02 7.259573e-02 7.555844e-02
2.200000e+01 3.946780e-02 7.254600e-02 7.552688e-02
2.210000e+01 3.972470e-02 7.249634e-02 7.549537e-02
2.220000e+01 3.997520e-02 7.244676e-02 7.546343e-02
2.230000e+01 4.023080e-02 7.239726e-02 7.543195e-02
2.240000e+01 4.048010e-02 7.234783e-02 7.540003e-02
2.250000e+01 4.072930e-02 7.229848e-02 7.536817e-02
2.260000e+01 4.097740e-02 7.224921e-02 7.533629e-02
2.270000e+01 4.122010e-02 7.220001e-02 7.530406e-02
2.280000e+01 4.146690e-02 7.215090e-02 7.527220e-02
2.290000e+01 4.170760e-02 7.210186e-02 7.523994e-02
2.300000e+01 4.195020e-02 7.205290e-02 7.520788e-02
2.310000e+01 4.219460e-02 7.200402e-02 7.517604e-02
2.320000e+01 4.243440e-02 7.195521e-02 7.514390e-02
2.330000e+01 4.267760e-02 7.190649e-02 7.511209e-02
2.340000e+01 4.291490e-02 7.185784e-02 7.507989e-02
2.350000e+01 4.315300e-02 7.180927e-02 7.504781e-02
2.360000e+01 4.338920e-02 7.176079e-02 7.501565e-02
2.370000e+01 4.362080e-02 7.171238e-02 7.498321e-02
2.380000e+01 4.385590e-02 7.166405e-02 7.495109e-02
2.390000e+01 4.408530e-02 7.161580e-02 7.491860e-02
2.400000e+01 4.431510e-02 7.156762e-02 7.488622e-02
2.410000e+01 4.454350e-02 7.151953e-02 7.485378e-02
2.420000e+01 4.476690e-02 7.147152e-02 7.482103e-02
2.430000e+01 4.499420e-02 7.142359e-02 7.478864e-02
2.440000e+01 4.521600e-02 7.137573e-02 7.475589e-02
2.450000e+01 4.543750e-02 7.132795e-02 7.472319e-02
2.460000e+01 4.566100e-02 7.128026e-02 7.469071e-02
2.470000e+01 4.588120e-02 7.123264e-02 7.465804e-02
2.480000e+01 4.610550e-02 7.118510e-02 7.462576e-02
2.490000e+01 4.632460e-02 7.113764e-02 7.459314e-02
2.500000e+01 4.654260e-02 7.109025e-02 7.456049e-02
2.510000e+01 4.676070e-02 7.104295e-02 7.452793e-02
2.520000e+01 4.697370e-02 7.099572e-02 7.449503e-02
2.530000e+01 4.718960e-02 7.094857e-02 7.446242e-02
2.540000e+01 4.740160e-02 7.090150e-02 7.442958e-02
2.550000e+01 4.761120e-02 7.085450e-02 7.439661e-02
2.560000e+01 4.782220e-02 7.080758e-02 7.436383e-02
2.570000e+01 4.802830e-02 7.076074e-02 7.433072e-02
2.580000e+01 4.823570e-02 7.071398e-02 7.429778e-02
2.590000e+01 4.844090e-02 7.066729e-02 7.426474e-02
2.600000e+01 4.864200e-02 7.062068e-02 7.423145e-02
2.610000e+01 4.884730e-02 7.057414e-02 7.419854e-02
2.620000e+01 4.905130e-02 7.052769e-02 7.416561e-02
2.630000e+01 4.925480e-02 7.048131e-02 7.413270e-02
2.640000e+01 4.945790e-02 7.043500e-02 7.409983e-02
2.650000e+01 4.965630e-02 7.038877e-02 7.406665e-02
2.660000e+01 4.985750e-02 7.034262e-02 7.403376e-02
2.670000e+01 5.005510e-02 7.029654e-02 7.400065e-02
2.680000e+01 5.025020e-02 7.025054e-02 7.396742e-02
2.690000e+01 5.044690e-02 7.020461e-02 7.393437e-02
2.700000e+01 5.063910e-02 7.015876e-02 7.390103e-02
2.710000e+01 5.083180e-02 7.011298e-02 7.386781e-02
2.720000e+01 5.102320e-02 7.006727e-02 7.383454e-02
2.730000e+01 5.121000e-02 7.002164e-02 7.380099e-02
2.740000e+01 5.140050e-02 6.997608e-02 7.376777e-02
2.750000e+01 5.158660e-02 6.993059e-02 7.373429e-02
2.760000e+01 5.177140e-02 6.988517e-02 7.370077e-02
2.770000e+01 5.196120e-02 6.983983e-02 7.366769e-02
2.780000e+01 5.214670e-02 6.979456e-02 7.363434e-02
2.790000e+01 5.233300e-02 6.974936e-02 7.360113e-02
2.800000e+01 5.251770e-02 6.970423e-02 7.356784e-02
2.810000e+01 5.269820e-02 6.965917e-02 7.353429e-02
2.820000e+01 5.288210e-02 6.961418e-02 7.350107e-02
2.830000e+01 5.306190e-02 6.956926e-02 7.346758e-02
2.840000e+01 5.323980e-02 6.952440e-02 7.343401e-02
2.850000e+01 5.341880e-02 6.947962e-02 7.340060e-02
2.860000e+01 5.359380e-02 6.943491e-02 7.336692e-02
2.870000e+01 5.376920e-02 6.939026e-02 7.333334e-02
2.880000e+01 5.394350e-02 6.934568e-02 7.329973e-02
2.890000e+01 5.411380e-02 6.930117e-02 7.326586e-02
2.900000e+01 5.428680e-02 6.925672e-02 7.323227e-02
2.910000e+01 5.445740e-02 6.921235e-02 7.319855e-02
2.920000e+01 5.462880e-02 6.916803e-02 7.316494e-02
2.930000e+01 5.480200e-02 6.912378e-02 7.313154e-02
2.940000e+01 5.497140e-02 6.907960e-02 7.309789e-02
2.950000e+01 5.514020e-02 6.903549e-02 7.306426e-02
2.960000e+01 5.530890e-02 6.899143e-02 7.303068e-02
2.970000e+01 5.547380e-02 6.894745e-02 7.299686e-02
2.980000e+01 5.564010e-02 6.890352e-02 7.296320e-02
2.990000e+01 5.580440e-02 6.885966e-02 7.292945e-02
3.000000e+01 5.596500e-02 6.881587e-02 7.289546e-02
3.010000e+01 5.612880e-02 6.877213e-02 7.286178e-02
3.020000e+01 5.628880e-02 6.872846e-02 7.282785e-02
3.030000e+01 5.644680e-02 6.868485e-02 7.279384e-02
3.040000e+01 5.660640e-02 6.864131e-02 7.275998e-02
3.050000e+01 5.676220e-02 6.859782e-02 7.272590e-02
3.060000e+01 5.692000e-02 6.855440e-02 7.269203e-02
3.070000e+01 5.707940e-02 6.851103e-02 7.265833e-02
3.080000e+01 5.723530e-02 6.846773e-02 7.262441e-02
3.090000e+01 5.739240e-02 6.842448e-02 7.259063e-02
3.100000e+01 5.754770e-02 6.838129e-02 7.255677e-02
3.110000e+01 5.769960e-02 6.833817e-02 7.252269e-02
3.120000e+01 5.785410e-02 6.829510e-02 7.248887e-02
3.130000e+01 5.800550e-02 6.825209e-02 7.245486e-02
3.140000e+01 5.815430e-02 6.820913e-02 7.242071e-02
3.150000e+01 5.830530e-02 6.816624e-02 7.238677e-02
3.160000e+01 5.845280e-02 6.812340e-02 7.235261e-02
3.170000e+01 5.859910e-02 6.808061e-02 7.231841e-02
3.180000e+01 5.874620e-02 6.803789e-02 7.228432e-02
3.190000e+01 5.888990e-02 6.799522e-02 7.225001e-02
3.200000e+01 5.903380e-02 6.795260e-02 7.221577e-02
3.210000e+01 5.918100e-02 6.791004e-02 7.218183e-02
3.220000e+01 5.932500e-02 6.786753e-02 7.214769e-02
3.230000e+01 5.947010e-02 6.782508e-02 7.211369e-02
3.240000e+01 5.961360e-02 6.778268e-02 7.207961e-02
3.250000e+01 5.975390e-02 6.774033e-02 7.204532e-02
3.260000e+01 5.989640e-02 6.769804e-02 7.201125e-02
3.270000e+01 6.003640e-02 6.765579e-02 7.197703e-02
3.280000e+01 6.017340e-02 6.761360e-02 7.194264e-02
3.290000e+01 6.031300e-02 6.757146e-02 7.190848e-02
3.300000e+01 6.044930e-02 6.752937e-02 7.187412e-02
3.310000e+01 6.058380e-02 6.748733e-02 7.183965e-02
3.320000e+01 6.071980e-02 6.744534e-02 7.180535e-02
3.330000e+01 6.085280e-02 6.740340e-02 7.177086e-02
3.340000e+01 6.098460e-02 6.736151e-02 7.173633e-02
3.350000e+01 6.111970e-02 6.731967e-02 7.170208e-02
3.360000e+01 6.125310e-02 6.727788e-02 7.166774e-02
3.370000e+01 6.138610e-02 6.723613e-02 7.163343e-02
3.380000e+01 6.151910e-02 6.719443e-02 7.159915e-02
3.390000e+01 6.164920e-02 6.715278e-02 7.156468e-02
3.400000e+01 6.177960e-02 6.711117e-02 7.153029e-02
3.410000e+01 6.190930e-02 6.706962e-02 7.149588e-02
3.420000e+01 6.203610e-02 6.702810e-02 7.146128e-02
3.430000e+01 6.216390e-02 6.698664e-02 7.142681e-02
3.440000e+01 6.229050e-02 6.694522e-02 7.139227e-02
3.450000e+01 6.241410e-02 6.690384e-02 7.135756e-02
3.460000e+01 6.253930e-02 6.686251e-02 7.132300e-02
3.470000e+01 6.266270e-02 6.682122e-02 7.128834e-02
3.480000e+01 6.278320e-02 6.677998e-02 7.125350e-02
3.490000e+01 6.290720e-02 6.673878e-02 7.121897e-02
3.500000e+01 6.303120e-02 6.669762e-02 7.118446e-02
3.510000e+01 6.315240e-02 6.665651e-02 7.114979e-02
3.520000e+01 6.327590e-02 6.661543e-02 7.111532e-02
3.530000e+01 6.339690e-02 6.657440e-02 7.108070e-02
3.540000e+01 6.351530e-02 6.653341e-02 7.104591e-02
3.550000e+01 6.363600e-02 6.649246e-02 7.101134e-02
3.560000e+01 6.375400e-02 6.645155e-02 7.097659e-02
3.570000e+01 6.386970e-02 6.641068e-02 7.094171e-02
3.580000e+01 6.398750e-02 6.636986e-02 7.090702e-02
3.590000e+01 6.410260e-02 6.632906e-02 7.087215e-02
3.600000e+01 6.421570e-02 6.628831e-02 7.083717e-02
3.610000e+01 6.433060e-02 6.624760e-02 7.080235e-02
3.620000e+01 6.444280e-02 6.620692e-02 7.076737e-02
3.630000e+01 6.455410e-02 6.616629e-02 7.073235e-02
3.640000e+01 6.466970e-02 6.612569e-02 7.069768e-02
3.650000e+01 6.478270e-02 6.608512e-02 7.066285e-02
3.660000e+01 6.489400e-02 6.604459e-02 7.062792e-02
3.670000e+01 6.500690e-02 6.600410e-02 7.059314e-02
3.680000e+01 6.511710e-02 6.596364e-02 7.055819e-02
3.690000e+01 6.522580e-02 6.592322e-02 7.052315e-02
3.700000e+01 6.533590e-02 6.588284e-02 7.048825e-02
3.710000e+01 6.544340e-02 6.584248e-02 7.045318e-02
3.720000e+01 6.554940e-02 6.580216e-02 7.041803e-02
3.730000e+01 6.565690e-02 6.576188e-02 7.038301e-02
3.740000e+01 6.576180e-02 6.572163e-02 7.034783e-02
3.750000e+01 6.586510e-02 6.568141e-02 7.031256e-02
3.760000e+01 6.597000e-02 6.564122e-02 7.027742e-02
3.770000e+01 6.607300e-02 6.560107e-02 7.024218e-02
3.780000e+01 6.617710e-02 6.556095e-02 7.020705e-02
3.790000e+01 6.628280e-02 6.552086e-02 7.017206e-02
3.800000e+01 6.638610e-02 6.548080e-02 7.013692e-02
3.810000e+01 6.648750e-02 6.544077e-02 7.010166e-02
3.820000e+01 6.659070e-02 6.540078e-02 7.006656e-02
3.830000e+01 6.669150e-02 6.536081e-02 7.003130e-02
3.840000e+01 6.679020e-02 6.532088e-02 6.999592e-02
3.850000e+01 6.689090e-02 6.528097e-02 6.996071e-02
3.860000e+01 6.698930e-02 6.524110e-02 6.992535e-02
3.870000e+01 6.708540e-02 6.520125e-02 6.988984e-02
3.880000e+01 6.718370e-02 6.516143e-02 6.985452e-02
3.890000e+01 6.727970e-02 6.512165e-02 6.981905e-02
3.900000e+01 6.737340e-02 6.508189e-02 6.978343e-02
3.910000e+01 6.746980e-02 6.504215e-02 6.974804e-02
3.920000e+01 6.756680e-02 6.500245e-02 6.971271e-02
3.930000e+01 6.766150e-02 6.496277e-02 6.967724e-02
3.940000e+01 6.775770e-02 6.492312e-02 6.964190e-02
3.950000e+01 6.785240e-02 6.488350e-02 6.960646e-02
3.960000e+01 6.794480e-02 6.484390e-02 6.957088e-02
3.970000e+01 6.803830e-02 6.480433e-02 6.953540e-02
3.980000e+01 6.813070e-02 6.476479e-02 6.949986e-02
3.990000e+01 6.822090e-02 6.472527e-02 6.946418e-02
4.000000e+01 6.831170e-02 6.468578e-02 6.942856e-02
4.010000e+01 6.840190e-02 6.464631e-02 6.939291e-02
4.020000e+01 6.848990e-02 6.460686e-02 6.935713e-02
4.030000e+01 6.857800e-02 6.456745e-02 6.932136e-02
4.040000e+01 6.866600e-02 6.452805e-02 6.928562e-02
4.050000e+01 6.875310e-02 6.448868e-02 6.924982e-02
4.060000e+01 6.884160e-02 6.444934e-02 6.921415e-02
4.070000e+01 6.893070e-02 6.441001e-02 6.917854e-02
4.080000e+01 6.901770e-02 6.437071e-02 6.914279e-02
4.090000e+01 6.910350e-02 6.433144e-02 6.910697e-02
4.100000e+01 6.919050e-02 6.429219e-02 6.907126e-02
4.110000e+01 6.927540e-02 6.425296e-02 6.903541e-02
4.120000e+01 6.935840e-02 6.421375e-02 6.899944e-02
4.130000e+01 6.944330e-02 6.417456e-02 6.896363e-02
4.140000e+01 6.952620e-02 6.413540e-02 6.892768e-02
4.150000e+01 6.960710e-02 6.409625e-02 6.889160e-02
4.160000e+01 6.968940e-02 6.405713e-02 6.885564e-02
4.170000e+01 6.977030e-02 6.401803e-02 6.881960e-02
4.180000e+01 6.984930e-02 6.397895e-02 6.878342e-02
4.190000e+01 6.993060e-02 6.393989e-02 6.874744e-02
4.200000e+01 7.001260e-02 6.390085e-02 6.871153e-02
4.210000e+01 7.009270e-02 6.386183e-02 6.867548e-02
4.220000e+01 7.017260e-02 6.382283e-02 6.863944e-02
4.230000e+01 7.025260e-02 6.378385e-02 6.860342e-02
4.240000e+01 7.033080e-02 6.374489e-02 6.856728e-02
4.250000e+01 7.040790e-02 6.370595e-02 6.853107e-02
4.260000e+01 7.048610e-02 6.366702e-02 6.849496e-02
4.270000e+01 7.056230e-02 6.362812e-02 6.845873e-02
4.280000e+01 7.063680e-02 6.358923e-02 6.842237e-02
4.290000e+01 7.071300e-02 6.355037e-02 6.838615e-02
4.300000e+01 7.078740e-02 6.351152e-02 6.834982e-02
4.310000e+01 7.086000e-02 6.347269e-02 6.831337e-02
4.320000e+01 7.093340e-02 6.343387e-02 6.827700e-02
4.330000e+01 7.100860e-02 6.339508e-02 6.824076e-02
4.340000e+01 7.108240e-02 6.335630e-02 6.820444e-02
4.350000e+01 7.115600e-02 6.331754e-02 6.816812e-02
4.360000e+01 7.122990e-02 6.327880e-02 6.813182e-02
4.370000e+01 7.130190e-02 6.324008e-02 6.809541e-02
4.380000e+01 7.137270e-02 6.320137e-02 6.805892e-02
4.390000e+01 7.144480e-02 6.316268e-02 6.802253e-02
4.400000e+01 7.151510e-02 6.312400e-02 6.798603e-02
4.410000e+01 7.158360e-02 6.308534e-02 6.794941e-02
4.420000e+01 7.165340e-02 6.304670e-02 6.791289e-02
4.430000e+01 7.172200e-02 6.300807e-02 6.787630e-02
4.440000e+01 7.178890e-02 6.296946e-02 6.783959e-02
4.450000e+01 7.185580e-02 6.293087e-02 6.780290e-02
4.460000e+01 7.192330e-02 6.289229e-02 6.776626e-02
4.470000e+01 7.199140e-02 6.285372e-02 6.772968e-02
4.480000e+01 7.205840e-02 6.281517e-02 6.769302e-02
4.490000e+01 7.212650e-02 6.277664e-02 6.765646e-02
4.500000e+01 7.219300e-02 6.273812e-02 6.761979e-02
4.510000e+01 7.225770e-02 6.269961e-02 6.758301e-02
4.520000e+01 7.232360e-02 6.266112e-02 6.754631e-02
4.530000e+01 7.238840e-02 6.262265e-02 6.750955e-02
4.540000e+01 7.245150e-02 6.258418e-02 6.747268e-02
4.550000e+01 7.251450e-02 6.254573e-02 6.743581e-02
4.560000e+01 7.257770e-02 6.250730e-02 6.739896e-02
4.570000e+01 7.263930e-02 6.246888e-02 6.736201e-02
4.580000e+01 7.269940e-02 6.243047e-02 6.732496e-02
4.590000e+01 7.276110e-02 6.239208e-02 6.728802e-02
4.600000e+01 7.282270e-02 6.235370e-02 6.725110e-02
4.610000e+01 7.288390e-02 6.231533e-02 6.721416e-02
4.620000e+01 7.294560e-02 6.227697e-02 6.717726e-02
4.630000e+01 7.300690e-02 6.223863e-02 6.714034e-02
4.640000e+01 7.306660e-02 6.220030e-02 6.710331e-02
4.650000e+01 7.312540e-02 6.216198e-02 6.706623e-02
4.660000e+01 7.318510e-02 6.212368e-02 6.702922e-02
4.670000e+01 7.324330e-02 6.208539e-02 6.699211e-02
4.680000e+01 7.330000e-02 6.204710e-02 6.695490e-02
4.690000e+01 7.335750e-02 6.200884e-02 6.691775e-02
4.700000e+01 7.341420e-02 6.197058e-02 6.688056e-02
4.710000e+01 7.346940e-02 6.193234e-02 6.684327e-02
4.720000e+01 7.352400e-02 6.189410e-02 6.680594e-02
4.730000e+01 7.357940e-02 6.185588e-02 6.676868e-02
4.740000e+01 7.363590e-02 6.181768e-02 6.673151e-02
4.750000e+01 7.369090e-02 6.177948e-02 6.669423e-02
4.760000e+01 7.374680e-02 6.174129e-02 6.665704e-02
4.770000e+01 7.380190e-02 6.170312e-02 6.661979e-02
4.780000e+01 7.385550e-02 6.166496e-02 6.658244e-02
4.790000e+01 7.390850e-02 6.162681e-02 6.654505e-02
4.800000e+01 7.396220e-02 6.158867e-02 6.650773e-02
4.810000e+01 7.401450e-02 6.155054e-02 6.647030e-02
4.820000e+01 7.406520e-02 6.151242e-02 6.643278e-02
4.830000e+01 7.411680e-02 6.147432e-02 6.639533e-02
4.840000e+01 7.416770e-02 6.143622e-02 6.635783e-02
4.850000e+01 7.421720e-02 6.139814e-02 6.632024e-02
4.860000e+01 7.426580e-02 6.136007e-02 6.628260e-02
4.870000e+01 7.431690e-02 6.132200e-02 6.624514e-02
4.880000e+01 7.436770e-02 6.128395e-02 6.620766e-02
4.890000e+01 7.441700e-02 6.124591e-02 6.617009e-02
4.900000e+01 7.446680e-02 6.120788e-02 6.613257e-02
4.910000e+01 7.451630e-02 6.116986e-02 6.609502e-02
4.920000e+01 7.456440e-02 6.113186e-02 6.605738e-02
4.930000e+01 7.461120e-02 6.109386e-02 6.601966e-02
4.940000e+01 7.465930e-02 6.105587e-02 6.598205e-02
4.950000e+01 7.470610e-02 6.101789e-02 6.594434e-02
4.960000e+01 7.475150e-02 6.097992e-02 6.590654e-02
4.970000e+01 7.479680e-02 6.094197e-02 6.586874e-02
4.980000e+01 7.484230e-02 6.090402e-02 6.583097e-02
4.990000e+01 7.488650e-02 6.086609e-02 6.579310e-02
5.000000e+01 7.492980e-02 6.082816e-02 6.575518e-02
5.010000e+01 7.497600e-02 6.079024e-02 6.571748e-02
5.020000e+01 7.502160e-02 6.075234e-02 6.567973e-02
5.030000e+01 7.506570e-02 6.071444e-02 6.564190e-02
5.040000e+01 7.510900e-02 6.067656e-02 6.560401e-02
5.050000e+01 7.515330e-02 6.063868e-02 6.556620e-02
5.060000e+01 7.519630e-02 6.060082e-02 6.552830e-02
5.070000e+01 7.523790e-02 6.056296e-02 6.549032e-02
5.080000e+01 7.527950e-02 6.052512e-02 6.545234e-02
5.090000e+01 7.532130e-02 6.048729e-02 6.541438e-02
5.100000e+01 7.536180e-02 6.044946e-02 6.537634e-02
5.110000e+01 7.540100e-02 6.041165e-02 6.533821e-02
5.120000e+01 7.544090e-02 6.037384e-02 6.530014e-02
5.130000e+01 7.548020e-02 6.033605e-02 6.526204e-02
5.140000e+01 7.552030e-02 6.029826e-02 6.522400e-02
5.150000e+01 7.555960e-02 6.026049e-02 6.518591e-02
5.160000e+01 7.560030e-02 6.022272e-02 6.514792e-02
5.170000e+01 7.563970e-02 6.018497e-02 6.510986e-02
5.180000e+01 7.567790e-02 6.014722e-02 6.507171e-02
5.190000e+01 7.571540e-02 6.010949e-02 6.503353e-02
5.200000e+01 7.575370e-02 6.007176e-02 6.499540e-02
5.210000e+01 7.579070e-02 6.003405e-02 6.495720e-02
5.220000e+01 7.582650e-02 5.999634e-02 6.491892e-02
5.230000e+01 7.586230e-02 5.995865e-02 6.488064e-02
5.240000e+01 7.589820e-02 5.992096e-02 6.484238e-02
5.250000e+01 7.593290e-02 5.988328e-02 6.480404e-02
5.260000e+01 7.596640e-02 5.984562e-02 6.476563e-02
5.270000e+01 7.600150e-02 5.980796e-02 6.472734e-02
5.280000e+01 7.603760e-02 5.977031e-02 6.468912e-02
5.290000e+01 7.607250e-02 5.973268e-02 6.465083e-02
5.300000e+01 7.610620e-02 5.969505e-02 6.461246e-02
5.310000e+01 7.614070e-02 5.965743e-02 6.457415e-02
5.320000e+01 7.617450e-02 5.961982e-02 6.453581e-02
5.330000e+01 7.620710e-02 5.958223e-02 6.449739e-02
5.340000e+01 7.623860e-02 5.954464e-02 6.445890e-02
5.350000e+01 7.627110e-02 5.950706e-02 6.442049e-02
5.360000e+01 7.630270e-02 5.946950e-02 6.438202e-02
5.370000e+01 7.633320e-02 5.943194e-02 6.434349e-02
5.380000e+01 7.636250e-02 5.939440e-02 6.430488e-02
5.390000e+01 7.639310e-02 5.935686e-02 6.426637e-02
5.400000e+01 7.642310e-02 5.931934e-02 6.422782e-02
5.410000e+01 7.645370e-02 5.928182e-02 6.418934e-02
5.420000e+01 7.648350e-02 5.924432e-02 6.415079e-02
5.430000e+01 7.651430e-02 5.920682e-02 6.411233e-02
5.440000e+01 7.654390e-02 5.916934e-02 6.407380e-02
5.450000e+01 7.657240e-02 5.913187e-02 6.403520e-02
5.460000e+01 7.660010e-02 5.909440e-02 6.399655e-02
5.470000e+01 7.662880e-02 5.905695e-02 6.395797e-02
5.480000e+01 7.665630e-02 5.901951e-02 6.391933e-02
5.490000e+01 7.668280e-02 5.898208e-02 6.388062e-02
5.500000e+01 7.670840e-02 5.894465e-02 6.384186e-02
5.510000e+01 7.673500e-02 5.890724e-02 6.380318e-02
5.520000e+01 7.676040e-02 5.886984e-02 6.376443e-02
5.530000e+01 7.678490e-02 5.883245e-02 6.372562e-02
5.540000e+01 7.681080e-02 5.879507e-02 6.368692e-02
5.550000e+01 7.683760e-02 5.875770e-02 6.364829e-02
5.560000e+01 7.686340e-02 5.872035e-02 6.360959e-02
5.570000e+01 7.688800e-02 5.868300e-02 6.357084e-02
5.580000e+01 7.691180e-02 5.864566e-02 6.353202e-02
5.590000e+01 7.693660e-02 5.860834e-02 6.349329e-02
5.600000e+01 7.696030e-02 5.857102e-02 6.345450e-02
5.610000e+01 7.698300e-02 5.853372e-02 6.341565e-02
5.620000e+01 7.700460e-02 5.849643e-02 6.337673e-02
5.630000e+01 7.702740e-02 5.845914e-02 6.333790e-02
5.640000e+01 7.704920e-02 5.842187e-02 6.329901e-02
5.650000e+01 7.706990e-02 5.838461e-02 6.326006e-02
5.660000e+01 7.708960e-02 5.834737e-02 6.322105e-02
5.670000e+01 7.711220e-02 5.831013e-02 6.318225e-02
5.680000e+01 7.713430e-02 5.827290e-02 6.314342e-02
5.690000e+01 7.715540e-02 5.823569e-02 6.310454e-02
5.700000e+01 7.717540e-02 5.819848e-02 6.306560e-02
5.710000e+01 7.719600e-02 5.816129e-02 6.302670e-02
5.720000e+01 7.721610e-02 5.812411e-02 6.298778e-02
5.730000e+01 7.723530e-02 5.808694e-02 6.294881e-02
5.740000e+01 7.725350e-02 5.804978e-02 6.290978e-02
5.750000e+01 7.727180e-02 5.801263e-02 6.287077e-02
5.760000e+01 7.729010e-02 5.797550e-02 6.283177e-02
5.770000e+01 7.730740e-02 5.793837e-02 6.279271e-02
5.780000e+01 7.732370e-02 5.790126e-02 6.275360e-02
5.790000e+01 7.733960e-02 5.786416e-02 6.271448e-02
5.800000e+01 7.735800e-02 5.782707e-02 6.267552e-02
5.810000e+01 7.737570e-02 5.779000e-02 6.263654e-02
5.820000e+01 7.739240e-02 5.775293e-02 6.259750e-02
5.830000e+01 7.740820e-02 5.771588e-02 6.255842e-02
5.840000e+01 7.742510e-02 5.767884e-02 6.251941e-02
5.850000e+01 7.744100e-02 5.764181e-02 6.248035e-02
5.860000e+01 7.745600e-02 5.760480e-02 6.244124e-02
5.870000e+01 7.747000e-02 5.756779e-02 6.240208e-02
5.880000e+01 7.748450e-02 5.753080e-02 6.236297e-02
5.890000e+01 7.749860e-02 5.749383e-02 6.232384e-02
5.900000e+01 7.751180e-02 5.745686e-02 6.228466e-02
5.910000e+01 7.752410e-02 5.741991e-02 6.224543e-02
5.920000e+01 7.753620e-02 5.738297e-02 6.220620e-02
5.930000e+01 7.755030e-02 5.734604e-02 6.216712e-02
5.940000e+01 7.756390e-02 5.730913e-02 6.212802e-02
5.950000e+01 7.757670e-02 5.727223e-02 6.208888e-02
5.960000e+01 7.758840e-02 5.723534e-02 6.204968e-02
5.970000e+01 7.760130e-02 5.719847e-02 6.201056e-02
5.980000e+01 7.761320e-02 5.716161e-02 6.197140e-02
5.990000e+01 7.762420e-02 5.712476e-02 6.193219e-02
6.000000e+01 7.763420e-02 5.708792e-02 6.189294e-02
6.010000e+01 7.764450e-02 5.705110e-02 6.185371e-02
6.020000e+01 7.765470e-02 5.701430e-02 6.181448e-02
6.030000e+01 7.766400e-02 5.697750e-02 6.177522e-02
6.040000e+01 7.767240e-02 5.694072e-02 6.173590e-02
6.050000e+01 7.768020e-02 5.690396e-02 6.169655e-02
6.060000e+01 7.769050e-02 5.686720e-02 6.165740e-02
6.070000e+01 7.770030e-02 5.683047e-02 6.161822e-02
6.080000e+01 7.770910e-02 5.679374e-02 6.157899e-02
6.090000e+01 7.771710e-02 5.675703e-02 6.153972e-02
6.100000e+01 7.772540e-02 5.672033e-02 6.150048e-02
6.110000e+01 7.773350e-02 5.668365e-02 6.146125e-02
6.120000e+01 7.774070e-02 5.664698e-02 6.142197e-02
6.130000e+01 7.774710e-02 5.661033e-02 6.138265e-02
6.140000e+01 7.775270e-02 5.657369e-02 6.134330e-02
6.150000e+01 7.775920e-02 5.653707e-02 6.130402e-02
6.160000e+01 7.776480e-02 5.650046e-02 6.126470e-02
6.170000e+01 7.776960e-02 5.646386e-02 6.122533e-02
6.180000e+01 7.777350e-02 5.642728e-02 6.118593e-02
6.190000e+01 7.777940e-02 5.639072e-02 6.114667e-02
6.200000e+01 7.778550e-02 5.635417e-02 6.110744e-02
6.210000e+01 7.779080e-02 5.631763e-02 6.106818e-02
6.220000e+01 7.779530e-02 5.628111e-02 6.102887e-02
6.230000e+01 7.779880e-02 5.624461e-02 6.098952e-02
6.240000e+01 7.780310e-02 5.620812e-02 6.095023e-02
6.250000e+01 7.780680e-02 5.617164e-02 6.091093e-02
6.260000e+01 7.780970e-02 5.613518e-02 6.087158e-02
6.270000e+01 7.781170e-02 5.609874e-02 6.083220e-02
6.280000e+01 7.781310e-02 5.606231e-02 6.079279e-02
6.290000e+01 7.781530e-02 5.602590e-02 6.075345e-02
6.300000e+01 7.781670e-02 5.598951e-02 6.071407e-02
6.310000e+01 7.781740e-02 5.595313e-02 6.067467e-02
6.320000e+01 7.781910e-02 5.591676e-02 6.063535e-02
6.330000e+01 7.782080e-02 5.588042e-02 6.059605e-02
6.340000e+01 7.782260e-02 5.584408e-02 6.055677e-02
6.350000e+01 7.782370e-02 5.580777e-02 6.051746e-02
6.360000e+01 7.782390e-02 5.577147e-02 6.047811e-02
6.370000e+01 7.782340e-02 5.573519e-02 6.043873e-02
6.380000e+01 7.782310e-02 5.569892e-02 6.039938e-02
6.390000e+01 7.782260e-02 5.566267e-02 6.036005e-02
6.400000e+01 7.782140e-02 5.562644e-02 6.032068e-02
6.410000e+01 7.781940e-02 5.559022e-02 6.028127e-02
6.420000e+01 7.781660e-02 5.555402e-02 6.024183e-02
6.430000e+01 7.781430e-02 5.551784e-02 6.020244e-02
6.440000e+01 7.781220e-02 5.548167e-02 6.016309e-02
6.450000e+01 7.781070e-02 5.544552e-02 6.012380e-02
6.460000e+01 7.780850e-02 5.540939e-02 6.008447e-02
6.470000e+01 7.780550e-02 5.537327e-02 6.004511e-02
6.480000e+01 7.780310e-02 5.533717e-02 6.000581e-02
6.490000e+01 7.780020e-02 5.530109e-02 5.996650e-02
6.500000e+01 7.779660e-02 5.526503e-02 5.992716e-02
6.510000e+01 7.779210e-02 5.522899e-02 5.988778e-02
6.520000e+01 7.778690e-02 5.519296e-02 5.984838e-02
6.530000e+01 7.778240e-02 5.515695e-02 5.980904e-02
6.540000e+01 7.777740e-02 5.512096e-02 5.976968e-02
6.550000e+01 7.777150e-02 5.508498e-02 5.973030e-02
6.560000e+01 7.776500e-02 5.504903e-02 5.969088e-02
6.570000e+01 7.775880e-02 5.501309e-02 5.965152e-02
6.580000e+01 7.775410e-02 5.497717e-02 5.961227e-02
6.590000e+01 7.774880e-02 5.494127e-02 5.957300e-02
6.600000e+01 7.774280e-02 5.490539e-02 5.953370e-02
6.610000e+01 7.773610e-02 5.486952e-02 5.949438e-02
6.620000e+01 7.772860e-02 5.483368e-02 5.945503e-02
6.630000e+01 7.772170e-02 5.479785e-02 5.941574e-02
6.640000e+01 7.771430e-02 5.476204e-02 5.937644e-02
6.650000e+01 7.770620e-02 5.472625e-02 5.933711e-02
6.660000e+01 7.769740e-02 5.469048e-02 5.929776e-02
6.670000e+01 7.768780e-02 5.465473e-02 5.925838e-02
6.680000e+01 7.767850e-02 5.461900e-02 5.921905e-02
6.690000e+01 7.766910e-02 5.458329e-02 5.917972e-02
6.700000e+01 7.766070e-02 5.454759e-02 5.914048e-02
6.710000e+01 7.765170e-02 5.451192e-02 5.910123e-02
6.720000e+01 7.764200e-02 5.447626e-02 5.906195e-02
6.730000e+01 7.763230e-02 5.444063e-02 5.902270e-02
6.740000e+01 7.762270e-02 5.440501e-02 5.898347e-02
6.750000e+01 7.761240e-02 5.436942e-02 5.894422e-02
6.760000e+01 7.760140e-02 5.433384e-02 5.890495e-02
6.770000e+01 7.758970e-02 5.429828e-02 5.886565e-02
6.780000e+01 7.757750e-02 5.426275e-02 5.882635e-02
6.790000e+01 7.756590e-02 5.422723e-02 5.878710e-02
6.800000e+01 7.755360e-02 5.419173e-02 5.874784e-02
6.810000e+01 7.754060e-02 5.415626e-02 5.870855e-02
6.820000e+01 7.752750e-02 5.412080e-02 5.866928e-02
6.830000e+01 7.751500e-02 5.408536e-02 5.863007e-02
6.840000e+01 7.750300e-02 5.404995e-02 5.859092e-02
6.850000e+01 7.749060e-02 5.401455e-02 5.855176e-02
6.860000e+01 7.747750e-02 5.397918e-02 5.851258e-02
6.870000e+01 7.746370e-02 5.394382e-02 5.847339e-02
6.880000e+01 7.744920e-02 5.390849e-02 5.843417e-02
6.890000e+01 7.743470e-02 5.387317e-02 5.839497e-02
6.900000e+01 7.742040e-02 5.383788e-02 5.835581e-02
6.910000e+01 7.740530e-02 5.380261e-02 5.831663e-02
6.920000e+01 7.738960e-02 5.376736e-02 5.827742e-02
6.930000e+01 7.737320e-02 5.373213e-02 5.823821e-02
6.940000e+01 7.735610e-02 5.369692e-02 5.819897e-02
6.950000e+01 7.734120e-02 5.366173e-02 5.815989e-02
6.960000e+01 7.732610e-02 5.362657e-02 5.812083e-02
6.970000e+01 7.731040e-02 5.359142e-02 5.808174e-02
6.980000e+01 7.729390e-02 5.355630e-02 5.804264e-02
6.990000e+01 7.727680e-02 5.352120e-02 5.800353e-02
7.000000e+01 7.725970e-02 5.348612e-02 5.796443e-02
7.010000e+01 7.724270e-02 5.345106e-02 5.792537e-02
7.020000e+01 7.722500e-02 5.341602e-02 5.788629e-02
7.030000e+01 7.720670e-02 5.338101e-02 5.784720e-02
7.040000e+01 7.718780e-02 5.334601e-02 5.780809e-02
7.050000e+01 7.716820e-02 5.331104e-02 5.776897e-02
7.060000e+01 7.714900e-02 5.327609e-02 5.772990e-02
7.070000e+01 7.713010e-02 5.324116e-02 5.769087e-02
7.080000e+01 7.711180e-02 5.320626e-02 5.765190e-02
7.090000e+01 7.709290e-02 5.317137e-02 5.761292e-02
7.100000e+01 7.707330e-02 5.313651e-02 5.757393e-02
7.110000e+01 7.705320e-02 5.310167e-02 5.753493e-02
7.120000e+01 7.703370e-02 5.306686e-02 5.749599e-02
7.130000e+01 7.701360e-02 5.303207e-02 5.745704e-02
7.140000e+01 7.699290e-02 5.299729e-02 5.741808e-02
7.150000e+01 7.697150e-02 5.296255e-02 5.737910e-02
7.160000e+01 7.694950e-02 5.292782e-02 5.734011e-02
7.170000e+01 7.692730e-02 5.289312e-02 5.730114e-02
7.180000e+01 7.690540e-02 5.285844e-02 5.726221e-02
7.190000e+01 7.688280e-02 5.282378e-02 5.722327e-02
7.200000e+01 7.686130e-02 5.278915e-02 5.718442e-02
7.210000e+01 7.683940e-02 5.275454e-02 5.714557e-02
7.220000e+01 7.681680e-02 5.271995e-02 5.710671e-02
7.230000e+01 7.679420e-02 5.268539e-02 5.706787e-02
7.240000e+01 7.677170e-02 5.265085e-02 5.702906e-02
7.250000e+01 7.674860e-02 5.261633e-02 5.699025e-02
7.260000e+01 7.672490e-02 5.258183e-02 5.695143e-02
7.270000e+01 7.670060e-02 5.254736e-02 5.691260e-02
7.280000e+01 7.667570e-02 5.251292e-02 5.687375e-02
7.290000e+01 7.665080e-02 5.247850e-02 5.683494e-02
7.300000e+01 7.662600e-02 5.244410e-02 5.679616e-02
7.310000e+01 7.660050e-02 5.240972e-02 5.675736e-02
7.320000e+01 7.657550e-02 5.237537e-02 5.671862e-02
7.330000e+01 7.655060e-02 5.234104e-02 5.667993e-02
7.340000e+01 7.652520e-02 5.230674e-02 5.664122e-02
7.350000e+01 7.649970e-02 5.227246e-02 5.660254e-02
7.360000e+01 7.647430e-02 5.223820e-02 5.656389e-02
7.370000e+01 7.644840e-02 5.220397e-02 5.652524e-02
7.380000e+01 7.642180e-02 5.216977e-02 5.648657e-02
7.390000e+01 7.639470e-02 5.213558e-02 5.644791e-02
7.400000e+01 7.636700e-02 5.210143e-02 5.640923e-02
7.410000e+01 7.633910e-02 5.206729e-02 5.637057e-02
7.420000e+01 7.631140e-02 5.203318e-02 5.633196e-02
7.430000e+01 7.628320e-02 5.199910e-02 5.629334e-02
7.440000e+01 7.625490e-02 5.196504e-02 5.625474e-02
7.450000e+01 7.622730e-02 5.193100e-02 5.621621e-02
7.460000e+01 7.619910e-02 5.189699e-02 5.617769e-02
7.470000e+01 7.617040e-02 5.186301e-02 5.613915e-02
7.480000e+01 7.614230e-02 5.182905e-02 5.610068e-02
7.490000e+01 7.611360e-02 5.179511e-02 5.606221e-02
7.500000e+01 7.608440e-02 5.176120e-02 5.602374e-02
7.510000e+01 7.605460e-02 5.172732e-02 5.598525e-02
7.520000e+01 7.602420e-02 5.169346e-02 5.594677e-02
7.530000e+01 7.599330e-02 5.165963e-02 5.590828e-02
7.540000e+01 7.596250e-02 5.162582e-02 5.586983e-02
7.550000e+01 7.593170e-02 5.159204e-02 5.583141e-02
7.560000e+01 7.590030e-02 5.155828e-02 5.579298e-02
7.570000e+01 7.587000e-02 5.152455e-02 5.575465e-02
7.580000e+01 7.583920e-02 5.149084e-02 5.571632e-02
7.590000e+01 7.580790e-02 5.145716e-02 5.567799e-02
7.600000e+01 7.577620e-02 5.142351e-02 5.563967e-02
7.610000e+01 7.574490e-02 5.138988e-02 5.560140e-02
7.620000e+01 7.571300e-02 5.135627e-02 5.556312e-02
7.630000e+01 7.568060e-02 5.132270e-02 5.552485e-02
7.640000e+01 7.564760e-02 5.128914e-02 5.548657e-02
7.650000e+01 7.561410e-02 5.125562e-02 5.544829e-02
7.660000e+01 7.558010e-02 5.122212e-02 5.541001e-02
7.670000e+01 7.554620e-02 5.118865e-02 5.537177e-02
7.680000e+01 7.551220e-02 5.115520e-02 5.533356e-02
7.690000e+01 7.547910e-02 5.112178e-02 5.529543e-02
7.700000e+01 7.544580e-02 5.108838e-02 5.525731e-02
7.710000e+01 7.541190e-02 5.105502e-02 5.521920e-02
7.720000e+01 7.537740e-02 5.102167e-02 5.518108e-02
7.730000e+01 7.534250e-02 5.098836e-02 5.514297e-02
7.740000e+01 7.530800e-02 5.095507e-02 5.510491e-02
7.750000e+01 7.527300e-02 5.092181e-02 5.506686e-02
7.760000e+01 7.523760e-02 5.088857e-02 5.502880e-02
7.770000e+01 7.520160e-02 5.085536e-02 5.499075e-02
7.780000e+01 7.516510e-02 5.082218e-02 5.495270e-02
7.790000e+01 7.512810e-02 5.078902e-02 5.491465e-02
7.800000e+01 7.509060e-02 5.075589e-02 5.487661e-02
7.810000e+01 7.505500e-02 5.072279e-02 5.483871e-02
7.820000e+01 7.501920e-02 5.068971e-02 5.480082e-02
7.830000e+01 7.498280e-02 5.065666e-02 5.476294e-02
7.840000e+01 7.494600e-02 5.062364e-02 5.472507e-02
7.850000e+01 7.490870e-02 5.059065e-02 5.468719e-02
7.860000e+01 7.487080e-02 5.055768e-02 5.464932e-02
7.870000e+01 7.483250e-02 5.052474e-02 5.461145e-02
7.880000e+01 7.479470e-02 5.049182e-02 5.457364e-02
7.890000e+01 7.475640e-02 5.045894e-02 5.453584e-02
7.900000e+01 7.471750e-02 5.042608e-02 5.449803e-02
7.910000e+01 7.467820e-02 5.039324e-02 5.446024e-02
7.920000e+01 7.463830e-02 5.036044e-02 5.442244e-02
7.930000e+01 7.459930e-02 5.032766e-02 5.438472e-02
7.940000e+01 7.456010e-02 5.029491e-02 5.434703e-02
7.950000e+01 7.452150e-02 5.026219e-02 5.430941e-02
7.960000e+01 7.448230e-02 5.022950e-02 5.427178e-02
7.970000e+01 7.444260e-02 5.019683e-02 5.423416e-02
7.980000e+01 7.440250e-02 5.016419e-02 5.419655e-02
7.990000e+01 7.436190e-02 5.013158e-02 5.415894e-02
8.000000e+01 7.432070e-02 5.009900e-02 5.412133e-02
8.010000e+01 7.427910e-02 5.006644e-02 5.408373e-02
8.020000e+01 7.423780e-02 5.003391e-02 5.404618e-02
8.030000e+01 7.419610e-02 5.000141e-02 5.400865e-02
8.040000e+01 7.415400e-02 4.996894e-02 5.397112e-02
8.050000e+01 7.411280e-02 4.993650e-02 5.393367e-02
8.060000e+01 7.407140e-02 4.990408e-02 5.389625e-02
8.070000e+01 7.402940e-02 4.987169e-02 5.385883e-02
8.080000e+01 7.398700e-02 4.983933e-02 5.382142e-02
8.090000e+01 7.394460e-02 4.980700e-02 5.378404e-02
8.100000e+01 7.390220e-02 4.977470e-02 5.374669e-02
8.110000e+01 7.385930e-02 4.974242e-02 5.370935e-02
8.120000e+01 7.381590e-02 4.971017e-02 5.367202e-02
8.130000e+01 7.377210e-02 4.967795e-02 5.363470e-02
8.140000e+01 7.372780e-02 4.964576e-02 5.359738e-02
8.150000e+01 7.368300e-02 4.961360e-02 5.356007e-02
8.160000e+01 7.363780e-02 4.958146e-02 5.352276e-02
8.170000e+01 7.359440e-02 4.954935e-02 5.348559e-02
8.180000e+01 7.355080e-02 4.951728e-02 5.344845e-02
8.190000e+01 7.350670e-02 4.948523e-02 5.341132e-02
8.200000e+01 7.346220e-02 4.945320e-02 5.337419e-02
8.210000e+01 7.341720e-02 4.942121e-02 5.333707e-02
8.220000e+01 7.337170e-02 4.938925e-02 5.329995e-02
8.230000e+01 7.332580e-02 4.935731e-02 5.326285e-02
8.240000e+01 7.327950e-02 4.932540e-02 5.322576e-02
8.250000e+01 7.323360e-02 4.929352e-02 5.318872e-02
8.260000e+01 7.318720e-02 4.926167e-02 5.315170e-02
8.270000e+01 7.314030e-02 4.922985e-02 5.311468e-02
8.280000e+01 7.309320e-02 4.919806e-02 5.307768e-02
8.290000e+01 7.304700e-02 4.916630e-02 5.304077e-02
8.300000e+01 7.300040e-02 4.913456e-02 5.300387e-02
8.310000e+01 7.295340e-02 4.910286e-02 5.296697e-02
8.320000e+01 7.290610e-02 4.907118e-02 5.293010e-02
8.330000e+01 7.285900e-02 4.903953e-02 5.289328e-02
8.340000e+01 7.281150e-02 4.900791e-02 5.285647e-02
8.350000e+01 7.276350e-02 4.897632e-02 5.281967e-02
8.360000e+01 7.271510e-02 4.894476e-02 5.278287e-02
8.370000e+01 7.266630e-02 4.891323e-02 5.274609e-02
8.380000e+01 7.261700e-02 4.888172e-02 5.270932e-02
8.390000e+01 7.256720e-02 4.885025e-02 5.267255e-02
8.400000e+01 7.251770e-02 4.881881e-02 5.263584e-02
8.410000e+01 7.246950e-02 4.878739e-02 5.259923e-02
8.420000e+01 7.242090e-02 4.875600e-02 5.256264e-02
8.430000e+01 7.237190e-02 4.872465e-02 5.252606e-02
8.440000e+01 7.232240e-02 4.869332e-02 5.248948e-02
8.450000e+01 7.227250e-02 4.866202e-02 5.245292e-02
8.460000e+01 7.222210e-02 4.863075e-02 5.241637e-02
8.470000e+01 7.217130e-02 4.859951e-02 5.237983e-02
8.480000e+01 7.212010e-02 4.856830e-02 5.234330e-02
8.490000e+01 7.206910e-02 4.853712e-02 5.230683e-02
8.500000e+01 7.201790e-02 4.850596e-02 5.227037e-02
8.510000e+01 7.196620e-02 4.847484e-02 5.223392e-02
8.520000e+01 7.191510e-02 4.844375e-02 5.219754e-02
8.530000e+01 7.186410e-02 4.841268e-02 5.216120e-02
8.540000e+01 7.181270e-02 4.838165e-02 5.212488e-02
8.550000e+01 7.176090e-02 4.835064e-02 5.208857e-02
8.560000e+01 7.170870e-02 4.831967e-02 5.205226e-02
8.570000e+01 7.165630e-02 4.828872e-02 5.201600e-02
8.580000e+01 7.160410e-02 4.825780e-02 5.197977e-02
8.590000e+01 7.155140e-02 4.822691e-02 5.194355e-02
8.600000e+01 7.149830e-02 4.819606e-02 5.190734e-02
8.610000e+01 7.144480e-02 4.816523e-02 5.187115e-02
8.620000e+01 7.139080e-02 4.813443e-02 5.183497e-02
8.630000e+01 7.133650e-02 4.810366e-02 5.179880e-02
8.640000e+01 7.128330e-02 4.807292e-02 5.176274e-02
8.650000e+01 7.122960e-02 4.804221e-02 5.172668e-02
8.660000e+01 7.117620e-02 4.801153e-02 5.169067e-02
8.670000e+01 7.112250e-02 4.798088e-02 5.165469e-02
8.680000e+01 7.106840e-02 4.795026e-02 5.161872e-02
8.690000e+01 7.101400e-02 4.791966e-02 5.158276e-02
8.700000e+01 7.095910e-02 4.788910e-02 5.154682e-02
8.710000e+01 7.090380e-02 4.785857e-02 5.151089e-02
8.720000e+01 7.084810e-02 4.782807e-02 5.147497e-02
8.730000e+01 7.079200e-02 4.779759e-02 5.143907e-02
8.740000e+01 7.073550e-02 4.776715e-02 5.140318e-02
8.750000e+01 7.067980e-02 4.773674e-02 5.136738e-02
8.760000e+01 7.062480e-02 4.770636e-02 5.133165e-02
8.770000e+01 7.056940e-02 4.767600e-02 5.129593e-02
8.780000e+01 7.051360e-02 4.764568e-02 5.126022e-02
8.790000e+01 7.045740e-02 4.761539e-02 5.122454e-02
8.800000e+01 7.040080e-02 4.758512e-02 5.118886e-02
8.810000e+01 7.034380e-02 4.755489e-02 5.115320e-02
8.820000e+01 7.028640e-02 4.752469e-02 5.111756e-02
8.830000e+01 7.022860e-02 4.749451e-02 5.108193e-02
8.840000e+01 7.017080e-02 4.746437e-02 5.104633e-02
8.850000e+01 7.011300e-02 4.743426e-02 5.101078e-02
8.860000e+01 7.005480e-02 4.740417e-02 5.097523e-02
8.870000e+01 6.999760e-02 4.737412e-02 5.093979e-02
8.880000e+01 6.994010e-02 4.734410e-02 5.090436e-02
8.890000e+01 6.988230e-02 4.731410e-02 5.086894e-02
8.900000e+01 6.982400e-02 4.728414e-02 5.083354e-02
8.910000e+01 6.976530e-02 4.725421e-02 5.079816e-02
8.920000e+01 6.970630e-02 4.722430e-02 5.076279e-02
8.930000e+01 6.964690e-02 4.719443e-02 5.072744e-02
8.940000e+01 6.958780e-02 4.716459e-02 5.069214e-02
8.950000e+01 6.952830e-02 4.713477e-02 5.065686e-02
8.960000e+01 6.946840e-02 4.710499e-02 5.062159e-02
8.970000e+01 6.940810e-02 4.707524e-02 5.058634e-02
8.980000e+01 6.934840e-02 4.704552e-02 5.055115e-02
8.990000e+01 6.928880e-02 4.701582e-02 5.051602e-02
9.000000e+01 6.922900e-02 4.698616e-02 5.048090e-02
9.010000e+01 6.916870e-02 4.695653e-02 5.044580e-02
9.020000e+01 6.910810e-02 4.692692e-02 5.041071e-02
9.030000e+01 6.904720e-02 4.689735e-02 5.037565e-02
9.040000e+01 6.898650e-02 4.686781e-02 5.034063e-02
9.050000e+01 6.892550e-02 4.683830e-02 5.030564e-02
9.060000e+01 6.886400e-02 4.680881e-02 5.027065e-02
9.070000e+01 6.880220e-02 4.677936e-02 5.023569e-02
9.080000e+01 6.874000e-02 4.674994e-02 5.020074e-02
9.090000e+01 6.867780e-02 4.672055e-02 5.016583e-02
9.100000e+01 6.861640e-02 4.669119e-02 5.013099e-02
9.110000e+01 6.855460e-02 4.666186e-02 5.009618e-02
9.120000e+01 6.849240e-02 4.663256e-02 5.006138e-02
9.130000e+01 6.843000e-02 4.660328e-02 5.002660e-02
9.140000e+01 6.836770e-02 4.657404e-02 4.999188e-02
9.150000e+01 6.830510e-02 4.654483e-02 4.995717e-02
9.160000e+01 6.824220e-02 4.651565e-02 4.992247e-02
9.170000e+01 6.817880e-02 4.648651e-02 4.988780e-02
9.180000e+01 6.811510e-02 4.645739e-02 4.985314e-02
9.190000e+01 6.805110e-02 4.642830e-02 4.981850e-02
9.200000e+01 6.798670e-02 4.639924e-02 4.978388e-02
9.210000e+01 6.792330e-02 4.637021e-02 4.974935e-02
9.220000e+01 6.785960e-02 4.634121e-02 4.971484e-02
9.230000e+01 6.779560e-02 4.631225e-02 4.968036e-02
9.240000e+01 6.773170e-02 4.628331e-02 4.964591e-02
9.250000e+01 6.766760e-02 4.625440e-02 4.961149e-02
9.260000e+01 6.760320e-02 4.622553e-02 4.957709e-02
9.270000e+01 6.753830e-02 4.619668e-02 4.954271e-02
9.280000e+01 6.747320e-02 4.616787e-02 4.950835e-02
9.290000e+01 6.740770e-02 4.613908e-02 4.947401e-02
9.300000e+01 6.734180e-02 4.611033e-02 4.943968e-02
9.310000e+01 6.727560e-02 4.608160e-02 4.940538e-02
9.320000e+01 6.721010e-02 4.605291e-02 4.937114e-02
9.330000e+01 6.714460e-02 4.602424e-02 4.933695e-02
9.340000e+01 6.707880e-02 4.599561e-02 4.930278e-02
9.350000e+01 6.701310e-02 4.596700e-02 4.926865e-02
9.360000e+01 6.694730e-02 4.593843e-02 4.923455e-02
9.370000e+01 6.688100e-02 4.590989e-02 4.920047e-02
9.380000e+01 6.681440e-02 4.588138e-02 4.916640e-02
9.390000e+01 6.674750e-02 4.585289e-02 4.913235e-02
9.400000e+01 6.668020e-02 4.582444e-02 4.909833e-02
9.410000e+01 6.661260e-02 4.579602e-02 4.906432e-02
9.420000e+01 6.654460e-02 4.576763e-02 4.903033e-02
9.430000e+01 6.647720e-02 4.573927e-02 4.899641e-02
9.440000e+01 6.641000e-02 4.571094e-02 4.896254e-02
9.450000e+01 6.634240e-02 4.568263e-02 4.892868e-02
9.460000e+01 6.627490e-02 4.565436e-02 4.889487e-02
9.470000e+01 6.620730e-02 4.562612e-02 4.886108e-02
9.480000e+01 6.613930e-02 4.559791e-02 4.882732e-02
9.490000e+01 6.607100e-02 4.556973e-02 4.879358e-02
9.500000e+01 6.600240e-02 4.554158e-02 4.875985e-02
9.510000e+01 6.593340e-02 4.551347e-02 4.872615e-02
9.520000e+01 6.586410e-02 4.548538e-02 4.869246e-02
9.530000e+01 6.579450e-02 4.545732e-02 4.865880e-02
9.540000e+01 6.572530e-02 4.542929e-02 4.862519e-02
9.550000e+01 6.565640e-02 4.540129e-02 4.859164e-02
9.560000e+01 6.558720e-02 4.537332e-02 4.855811e-02
9.570000e+01 6.551770e-02 4.534538e-02 4.852460e-02
9.580000e+01 6.544830e-02 4.531747e-02 4.849114e-02
9.590000e+01 6.537870e-02 4.528960e-02 4.845770e-02
9.600000e+01 6.530880e-02 4.526175e-02 4.842428e-02
9.610000e+01 6.523850e-02 4.523393e-02 4.839088e-02
9.620000e+01 6.516790e-02 4.520615e-02 4.835750e-02
9.630000e+01 6.509700e-02 4.517839e-02 4.832415e-02
9.640000e+01 6.502580e-02 4.515066e-02 4.829081e-02
9.650000e+01 6.495490e-02 4.512297e-02 4.825753e-02
9.660000e+01 6.488450e-02 4.509530e-02 4.822431e-02
9.670000e+01 6.481370e-02 4.506766e-02 4.819111e-02
9.680000e+01 6.474260e-02 4.504006e-02 4.815793e-02
9.690000e+01 6.467120e-02 4.501248e-02 4.812477e-02
9.700000e+01 6.459970e-02 4.498494e-02 4.809164e-02
9.710000e+01 6.452820e-02 4.495742e-02 4.805855e-02
9.720000e+01 6.445630e-02 4.492994e-02 4.802548e-02
9.730000e+01 6.438420e-02 4.490248e-02 4.799244e-02
9.740000e+01 6.431170e-02 4.487506e-02 4.795941e-02
9.750000e+01 6.423890e-02 4.484766e-02 4.792640e-02
9.760000e+01 6.416660e-02 4.482030e-02 4.789346e-02
9.770000e+01 6.409450e-02 4.479296e-02 4.786057e-02
9.780000e+01 6.402220e-02 4.476566e-02 4.782769e-02
9.790000e+01 6.394960e-02 4.473839e-02 4.779485e-02
9.800000e+01 6.387660e-02 4.471114e-02 4.776202e-02
9.810000e+01 6.380330e-02 4.468393e-02 4.772921e-02
9.820000e+01 6.372970e-02 4.465674e-02 4.769642e-02
9.830000e+01 6.365610e-02 4.462959e-02 4.766367e-02
9.840000e+01 6.358240e-02 4.460246e-02 4.763095e-02
9.850000e+01 6.350840e-02 4.457537e-02 4.759826e-02
9.860000e+01 6.343410e-02 4.454830e-02 4.756558e-02
9.870000e+01 6.336050e-02 4.452127e-02 4.753298e-02
9.880000e+01 6.328690e-02 4.449426e-02 4.750042e-02
9.890000e+01 6.321310e-02 4.446729e-02 4.746788e-02
9.900000e+01 6.313900e-02 4.444034e-02 4.743536e-02
9.910000e+01 6.306450e-02 4.441343e-02 4.740287e-02
9.920000e+01 6.298980e-02 4.438654e-02 4.737039e-02
9.930000e+01 6.291470e-02 4.435969e-02 4.733794e-02
9.940000e+01 6.283930e-02 4.433286e-02 4.730551e-02
9.950000e+01 6.276370e-02 4.430607e-02 4.727310e-02
9.960000e+01 6.268770e-02 4.427930e-02 4.724071e-02
9.970000e+01 6.261200e-02 4.425256e-02 4.720837e-02
9.980000e+01 6.253720e-02 4.422586e-02 4.717612e-02
9.990000e+01 6.246220e-02 4.419918e-02 4.714389e-02
1.000000e+02 6.238690e-02 4.417253e-02 4.711169e-02
