# # chi(t) for Pe = 500, beta = 0.1, bridge_width = 1.0
# # Columns: time, chi, I_T (signed), I_|T| (unsigned)
0.000000e+00 0.000000e+00 7.671023e-02 7.671023e-02
1.000000e-01 1.045000e-04 7.972711e-02 7.973544e-02
2.000000e-01 1.310000e-05 8.005860e-02 8.005965e-02
3.000000e-01 0.000000e+00 8.005603e-02 8.005603e-02
4.000000e-01 0.000000e+00 8.006126e-02 8.006126e-02
5.000000e-01 0.000000e+00 8.006022e-02 8.006022e-02
6.000000e-01 0.000000e+00 8.007028e-02 8.007028e-02
7.000000e-01 0.000000e+00 8.007983e-02 8.007983e-02
8.000000e-01 0.000000e+00 8.008901e-02 8.008901e-02
9.000000e-01 8.000000e-07 8.009799e-02 8.009806e-02
1.000000e+00 3.800000e-06 8.010690e-02 8.010721e-02
1.100000e+00 9.900000e-06 8.011585e-02 8.011664e-02
1.200000e+00 1.980000e-05 8.012493e-02 8.012651e-02
1.300000e+00 3.360000e-05 8.013420e-02 8.013689e-02
1.400000e+00 5.070000e-05 8.014373e-02 8.014779e-02
1.500000e+00 6.960000e-05 8.015354e-02 8.015912e-02
1.600000e+00 8.830000e-05 8.016364e-02 8.017072e-02
1.700000e+00 1.048000e-04 8.017401e-02 8.018242e-02
1.800000e+00 1.173000e-04 8.018461e-02 8.019402e-02
1.900000e+00 1.248000e-04 8.019540e-02 8.020540e-02
2.000000e+00 1.268000e-04 8.020629e-02 8.021646e-02
2.100000e+00 1.235000e-04 8.021722e-02 8.022713e-02
2.200000e+00 1.155000e-04 8.022812e-02 8.023738e-02
2.300000e+00 1.035000e-04 8.023888e-02 8.024719e-02
2.400000e+00 8.880000e-05 8.024945e-02 8.025658e-02
2.500000e+00 7.230000e-05 8.025973e-02 8.026553e-02
2.600000e+00 5.530000e-05 8.026964e-02 8.027408e-02
2.700000e+00 3.890000e-05 8.027911e-02 8.028223e-02
2.800000e+00 2.410000e-05 8.028808e-02 8.029002e-02
2.900000e+00 1.200000e-05 8.029648e-02 8.029744e-02
3.000000e+00 3.800000e-06 8.030425e-02 8.030455e-02
3.100000e+00 2.000000e-07 8.031133e-02 8.031134e-02
3.200000e+00 0.000000e+00 8.031768e-02 8.031768e-02
3.300000e+00 0.000000e+00 8.032325e-02 8.032325e-02
3.400000e+00 0.000000e+00 8.032800e-02 8.032800e-02
3.500000e+00 0.000000e+00 8.033191e-02 8.033191e-02
3.600000e+00 0.000000e+00 8.033493e-02 8.033493e-02
3.700000e+00 0.000000e+00 8.033705e-02 8.033705e-02
3.800000e+00 0.000000e+00 8.033824e-02 8.033824e-02
3.900000e+00 0.000000e+00 8.033848e-02 8.033848e-02
4.000000e+00 0.000000e+00 8.033777e-02 8.033777e-02
4.100000e+00 0.000000e+00 8.033608e-02 8.033608e-02
4.200000e+00 0.000000e+00 8.033342e-02 8.033342e-02
4.300000e+00 0.000000e+00 8.032977e-02 8.032977e-02
4.400000e+00 0.000000e+00 8.032514e-02 8.032514e-02
4.500000e+00 0.000000e+00 8.031951e-02 8.031951e-02
4.600000e+00 0.000000e+00 8.031290e-02 8.031290e-02
4.700000e+00 0.000000e+00 8.030530e-02 8.030530e-02
4.800000e+00 0.000000e+00 8.029672e-02 8.029672e-02
4.900000e+00 0.000000e+00 8.028717e-02 8.028717e-02
5.000000e+00 0.000000e+00 8.027665e-02 8.027665e-02
5.100000e+00 0.000000e+00 8.026517e-02 8.026517e-02
5.200000e+00 0.000000e+00 8.025274e-02 8.025274e-02
5.300000e+00 0.000000e+00 8.023937e-02 8.023937e-02
5.400000e+00 0.000000e+00 8.022507e-02 8.022507e-02
5.500000e+00 0.000000e+00 8.020986e-02 8.020986e-02
5.600000e+00 0.000000e+00 8.019374e-02 8.019374e-02
5.700000e+00 0.000000e+00 8.017673e-02 8.017673e-02
5.800000e+00 0.000000e+00 8.015884e-02 8.015884e-02
5.900000e+00 0.000000e+00 8.014008e-02 8.014008e-02
6.000000e+00 0.000000e+00 8.012048e-02 8.012048e-02
6.100000e+00 0.000000e+00 8.010003e-02 8.010003e-02
6.200000e+00 0.000000e+00 8.007877e-02 8.007877e-02
6.300000e+00 0.000000e+00 8.005669e-02 8.005669e-02
6.400000e+00 0.000000e+00 8.003383e-02 8.003383e-02
6.500000e+00 0.000000e+00 8.001019e-02 8.001019e-02
6.600000e+00 3.480000e-05 7.998578e-02 7.998857e-02
6.700000e+00 2.224000e-04 7.996063e-02 7.997842e-02
6.800000e+00 4.829000e-04 7.993474e-02 7.997337e-02
6.900000e+00 8.045000e-04 7.990814e-02 7.997248e-02
7.000000e+00 1.160100e-03 7.988084e-02 7.997362e-02
7.100000e+00 1.543000e-03 7.985285e-02 7.997625e-02
7.200000e+00 1.959900e-03 7.982418e-02 7.998094e-02
7.300000e+00 2.416600e-03 7.979486e-02 7.998816e-02
7.400000e+00 2.887100e-03 7.976489e-02 7.999585e-02
7.500000e+00 3.367200e-03 7.973429e-02 8.000368e-02
7.600000e+00 3.874600e-03 7.970308e-02 8.001310e-02
7.700000e+00 4.392600e-03 7.967126e-02 8.002277e-02
7.800000e+00 4.912500e-03 7.963885e-02 8.003201e-02
7.900000e+00 5.452400e-03 7.960587e-02 8.004229e-02
8.000000e+00 6.000900e-03 7.957233e-02 8.005271e-02
8.100000e+00 6.545400e-03 7.953823e-02 8.006227e-02
8.200000e+00 7.112500e-03 7.950360e-02 8.007312e-02
8.300000e+00 7.678300e-03 7.946844e-02 8.008335e-02
8.400000e+00 8.242300e-03 7.943277e-02 8.009292e-02
8.500000e+00 8.825800e-03 7.939660e-02 8.010358e-02
8.600000e+00 9.398700e-03 7.935995e-02 8.011291e-02
8.700000e+00 9.983700e-03 7.932282e-02 8.012274e-02
8.800000e+00 1.056920e-02 7.928522e-02 8.013216e-02
8.900000e+00 1.114880e-02 7.924718e-02 8.014065e-02
9.000000e+00 1.174420e-02 7.920869e-02 8.014999e-02
9.100000e+00 1.232490e-02 7.916978e-02 8.015771e-02
9.200000e+00 1.292110e-02 7.913045e-02 8.016629e-02
9.300000e+00 1.350810e-02 7.909071e-02 8.017371e-02
9.400000e+00 1.409760e-02 7.905058e-02 8.018094e-02
9.500000e+00 1.468910e-02 7.901007e-02 8.018795e-02
9.600000e+00 1.527170e-02 7.896918e-02 8.019387e-02
9.700000e+00 1.586600e-02 7.892792e-02 8.020038e-02
9.800000e+00 1.644220e-02 7.888631e-02 8.020506e-02
9.900000e+00 1.703740e-02 7.884436e-02 8.021095e-02
1.000000e+01 1.761430e-02 7.880207e-02 8.021500e-02
1.010000e+01 1.820200e-02 7.875946e-02 8.021962e-02
1.020000e+01 1.877840e-02 7.871653e-02 8.022299e-02
1.030000e+01 1.935870e-02 7.867329e-02 8.022637e-02
1.040000e+01 1.993350e-02 7.862976e-02 8.022901e-02
1.050000e+01 2.050650e-02 7.858594e-02 8.023120e-02
1.060000e+01 2.108130e-02 7.854183e-02 8.023325e-02
1.070000e+01 2.165450e-02 7.849746e-02 8.023490e-02
1.080000e+01 2.223100e-02 7.845282e-02 8.023656e-02
1.090000e+01 2.279740e-02 7.840792e-02 8.023712e-02
1.100000e+01 2.337010e-02 7.836278e-02 8.023795e-02
1.110000e+01 2.392980e-02 7.831740e-02 8.023746e-02
1.120000e+01 2.449800e-02 7.827178e-02 8.023744e-02
1.130000e+01 2.505110e-02 7.822594e-02 8.023594e-02
1.140000e+01 2.561420e-02 7.817988e-02 8.023504e-02
1.150000e+01 2.616080e-02 7.813361e-02 8.023256e-02
1.160000e+01 2.671820e-02 7.808714e-02 8.023076e-02
1.170000e+01 2.725840e-02 7.804046e-02 8.022734e-02
1.180000e+01 2.780970e-02 7.799360e-02 8.022462e-02
1.190000e+01 2.834370e-02 7.794656e-02 8.022030e-02
1.200000e+01 2.888840e-02 7.789933e-02 8.021667e-02
1.210000e+01 2.941630e-02 7.785194e-02 8.021147e-02
1.220000e+01 2.995410e-02 7.780438e-02 8.020691e-02
1.230000e+01 3.047610e-02 7.775667e-02 8.020088e-02
1.240000e+01 3.100660e-02 7.770880e-02 8.019539e-02
1.250000e+01 3.152280e-02 7.766079e-02 8.018855e-02
1.260000e+01 3.204580e-02 7.761264e-02 8.018214e-02
1.270000e+01 3.255620e-02 7.756435e-02 8.017453e-02
1.280000e+01 3.307150e-02 7.751594e-02 8.016719e-02
1.290000e+01 3.358210e-02 7.746740e-02 8.015932e-02
1.300000e+01 3.409780e-02 7.741874e-02 8.015174e-02
1.310000e+01 3.460540e-02 7.736997e-02 8.014336e-02
1.320000e+01 3.511290e-02 7.732110e-02 8.013486e-02
1.330000e+01 3.561510e-02 7.727212e-02 8.012581e-02
1.340000e+01 3.611430e-02 7.722304e-02 8.011639e-02
1.350000e+01 3.661130e-02 7.717387e-02 8.010667e-02
1.360000e+01 3.710200e-02 7.712461e-02 8.009634e-02
1.370000e+01 3.759380e-02 7.707526e-02 8.008600e-02
1.380000e+01 3.807600e-02 7.702584e-02 8.007476e-02
1.390000e+01 3.856270e-02 7.697634e-02 8.006381e-02
1.400000e+01 3.903620e-02 7.692677e-02 8.005168e-02
1.410000e+01 3.951800e-02 7.687713e-02 8.004015e-02
1.420000e+01 3.998410e-02 7.682743e-02 8.002724e-02
1.430000e+01 4.045960e-02 7.677766e-02 8.001504e-02
1.440000e+01 4.092120e-02 7.672785e-02 8.000161e-02
1.450000e+01 4.138760e-02 7.667798e-02 7.998851e-02
1.460000e+01 4.184470e-02 7.662806e-02 7.997458e-02
1.470000e+01 4.230210e-02 7.657810e-02 7.996061e-02
1.480000e+01 4.275490e-02 7.652810e-02 7.994619e-02
1.490000e+01 4.320590e-02 7.647806e-02 7.993158e-02
1.500000e+01 4.366230e-02 7.642799e-02 7.991737e-02
1.510000e+01 4.410940e-02 7.637789e-02 7.990233e-02
1.520000e+01 4.456150e-02 7.632776e-02 7.988767e-02
1.530000e+01 4.499970e-02 7.627761e-02 7.987182e-02
1.540000e+01 4.544720e-02 7.622744e-02 7.985670e-02
1.550000e+01 4.588150e-02 7.617725e-02 7.984045e-02
1.560000e+01 4.631960e-02 7.612705e-02 7.982448e-02
1.570000e+01 4.675000e-02 7.607684e-02 7.980785e-02
1.580000e+01 4.717870e-02 7.602662e-02 7.979105e-02
1.590000e+01 4.760520e-02 7.597639e-02 7.977406e-02
1.600000e+01 4.802460e-02 7.592617e-02 7.975644e-02
1.610000e+01 4.844740e-02 7.587594e-02 7.973909e-02
1.620000e+01 4.885770e-02 7.582572e-02 7.972069e-02
1.630000e+01 4.927650e-02 7.577550e-02 7.970299e-02
1.640000e+01 4.968330e-02 7.572529e-02 7.968427e-02
1.650000e+01 5.009270e-02 7.567510e-02 7.966577e-02
1.660000e+01 5.049610e-02 7.562491e-02 7.964676e-02
1.670000e+01 5.089620e-02 7.557474e-02 7.962748e-02
1.680000e+01 5.129610e-02 7.552459e-02 7.960818e-02
1.690000e+01 5.169240e-02 7.547446e-02 7.958859e-02
1.700000e+01 5.209640e-02 7.542436e-02 7.956965e-02
1.710000e+01 5.248900e-02 7.537427e-02 7.954976e-02
1.720000e+01 5.288580e-02 7.532422e-02 7.953024e-02
1.730000e+01 5.327520e-02 7.527419e-02 7.951011e-02
1.740000e+01 5.366260e-02 7.522419e-02 7.948983e-02
1.750000e+01 5.404890e-02 7.517423e-02 7.946946e-02
1.760000e+01 5.442700e-02 7.512430e-02 7.944844e-02
1.770000e+01 5.481000e-02 7.507441e-02 7.942785e-02
1.780000e+01 5.518250e-02 7.502455e-02 7.940640e-02
1.790000e+01 5.555890e-02 7.497474e-02 7.938530e-02
1.800000e+01 5.592850e-02 7.492496e-02 7.936365e-02
1.810000e+01 5.629550e-02 7.487523e-02 7.934182e-02
1.820000e+01 5.666220e-02 7.482554e-02 7.931998e-02
1.830000e+01 5.701990e-02 7.477590e-02 7.929743e-02
1.840000e+01 5.738370e-02 7.472631e-02 7.927543e-02
1.850000e+01 5.773770e-02 7.467676e-02 7.925263e-02
1.860000e+01 5.809340e-02 7.462727e-02 7.923000e-02
1.870000e+01 5.844460e-02 7.457782e-02 7.920705e-02
1.880000e+01 5.879520e-02 7.452843e-02 7.918407e-02
1.890000e+01 5.915070e-02 7.447910e-02 7.916156e-02
1.900000e+01 5.949670e-02 7.442982e-02 7.913829e-02
1.910000e+01 5.984770e-02 7.438060e-02 7.911548e-02
1.920000e+01 6.019110e-02 7.433144e-02 7.909208e-02
1.930000e+01 6.053290e-02 7.428234e-02 7.906859e-02
1.940000e+01 6.087380e-02 7.423330e-02 7.904508e-02
1.950000e+01 6.120650e-02 7.418432e-02 7.902092e-02
1.960000e+01 6.154490e-02 7.413541e-02 7.899729e-02
1.970000e+01 6.187450e-02 7.408656e-02 7.897298e-02
1.980000e+01 6.220450e-02 7.403778e-02 7.894875e-02
1.990000e+01 6.253170e-02 7.398907e-02 7.892434e-02
2.000000e+01 6.285270e-02 7.394042e-02 7.889946e-02
2.010000e+01 6.317760e-02 7.389184e-02 7.887496e-02
2.020000e+01 6.349400e-02 7.384332e-02 7.884981e-02
2.030000e+01 6.381220e-02 7.379488e-02 7.882487e-02
2.040000e+01 6.412640e-02 7.374651e-02 7.879965e-02
2.050000e+01 6.443570e-02 7.369821e-02 7.877408e-02
2.060000e+01 6.474780e-02 7.364999e-02 7.874880e-02
2.070000e+01 6.505670e-02 7.360183e-02 7.872332e-02
2.080000e+01 6.536950e-02 7.355375e-02 7.869822e-02
2.090000e+01 6.567780e-02 7.350575e-02 7.867281e-02
2.100000e+01 6.598170e-02 7.345782e-02 7.864709e-02
2.110000e+01 6.628790e-02 7.340996e-02 7.862162e-02
2.120000e+01 6.658630e-02 7.336218e-02 7.859557e-02
2.130000e+01 6.688710e-02 7.331448e-02 7.856979e-02
2.140000e+01 6.718360e-02 7.326685e-02 7.854370e-02
2.150000e+01 6.747570e-02 7.321930e-02 7.851731e-02
2.160000e+01 6.777010e-02 7.317183e-02 7.849119e-02
2.170000e+01 6.805720e-02 7.312444e-02 7.846451e-02
2.180000e+01 6.834610e-02 7.307713e-02 7.843806e-02
2.190000e+01 6.863130e-02 7.302990e-02 7.841137e-02
2.200000e+01 6.891160e-02 7.298274e-02 7.838433e-02
2.210000e+01 6.919490e-02 7.293567e-02 7.835762e-02
2.220000e+01 6.947110e-02 7.288868e-02 7.833038e-02
2.230000e+01 6.974820e-02 7.284178e-02 7.830329e-02
2.240000e+01 7.002270e-02 7.279495e-02 7.827605e-02
2.250000e+01 7.029310e-02 7.274821e-02 7.824854e-02
2.260000e+01 7.057180e-02 7.270155e-02 7.822180e-02
2.270000e+01 7.084370e-02 7.265497e-02 7.819457e-02
2.280000e+01 7.111510e-02 7.260848e-02 7.816736e-02
2.290000e+01 7.138530e-02 7.256207e-02 7.814013e-02
2.300000e+01 7.164890e-02 7.251575e-02 7.811241e-02
2.310000e+01 7.191680e-02 7.246951e-02 7.808514e-02
2.320000e+01 7.217880e-02 7.242335e-02 7.805744e-02
2.330000e+01 7.243840e-02 7.237728e-02 7.802963e-02
2.340000e+01 7.269880e-02 7.233130e-02 7.800195e-02
2.350000e+01 7.295280e-02 7.228540e-02 7.797381e-02
2.360000e+01 7.320910e-02 7.223958e-02 7.794594e-02
2.370000e+01 7.346160e-02 7.219386e-02 7.791783e-02
2.380000e+01 7.370970e-02 7.214821e-02 7.788942e-02
2.390000e+01 7.396070e-02 7.210266e-02 7.786134e-02
2.400000e+01 7.420560e-02 7.205719e-02 7.783282e-02
2.410000e+01 7.445040e-02 7.201181e-02 7.780437e-02
2.420000e+01 7.469390e-02 7.196651e-02 7.777589e-02
2.430000e+01 7.493180e-02 7.192130e-02 7.774703e-02
2.440000e+01 7.517880e-02 7.187618e-02 7.771900e-02
2.450000e+01 7.542050e-02 7.183114e-02 7.769061e-02
2.460000e+01 7.565950e-02 7.178619e-02 7.766206e-02
2.470000e+01 7.589990e-02 7.174133e-02 7.763372e-02
2.480000e+01 7.613450e-02 7.169656e-02 7.760497e-02
2.490000e+01 7.637000e-02 7.165187e-02 7.757637e-02
2.500000e+01 7.660340e-02 7.160726e-02 7.754768e-02
2.510000e+01 7.683100e-02 7.156275e-02 7.751858e-02
2.520000e+01 7.706300e-02 7.151832e-02 7.748993e-02
2.530000e+01 7.728950e-02 7.147398e-02 7.746089e-02
2.540000e+01 7.751370e-02 7.142972e-02 7.743174e-02
2.550000e+01 7.773900e-02 7.138555e-02 7.740276e-02
2.560000e+01 7.795880e-02 7.134146e-02 7.737340e-02
2.570000e+01 7.817950e-02 7.129746e-02 7.734419e-02
2.580000e+01 7.839820e-02 7.125355e-02 7.731490e-02
2.590000e+01 7.861160e-02 7.120972e-02 7.728524e-02
2.600000e+01 7.882880e-02 7.116598e-02 7.725598e-02
2.610000e+01 7.904190e-02 7.112233e-02 7.722645e-02
2.620000e+01 7.925680e-02 7.107876e-02 7.719716e-02
2.630000e+01 7.947330e-02 7.103527e-02 7.716807e-02
2.640000e+01 7.968460e-02 7.099187e-02 7.713864e-02
2.650000e+01 7.989610e-02 7.094856e-02 7.710929e-02
2.660000e+01 8.010640e-02 7.090533e-02 7.707993e-02
2.670000e+01 8.031160e-02 7.086219e-02 7.705022e-02
2.680000e+01 8.051950e-02 7.081914e-02 7.702082e-02
2.690000e+01 8.072380e-02 7.077616e-02 7.699119e-02
2.700000e+01 8.092430e-02 7.073328e-02 7.696132e-02
2.710000e+01 8.112760e-02 7.069047e-02 7.693177e-02
2.720000e+01 8.132610e-02 7.064775e-02 7.690188e-02
2.730000e+01 8.152310e-02 7.060512e-02 7.687196e-02
2.740000e+01 8.172070e-02 7.056257e-02 7.684216e-02
2.750000e+01 8.191350e-02 7.052010e-02 7.681204e-02
2.760000e+01 8.210710e-02 7.047771e-02 7.678207e-02
2.770000e+01 8.229910e-02 7.043541e-02 7.675203e-02
2.780000e+01 8.248630e-02 7.039319e-02 7.672168e-02
2.790000e+01 8.267890e-02 7.035105e-02 7.669185e-02
2.800000e+01 8.287030e-02 7.030899e-02 7.666200e-02
2.810000e+01 8.305830e-02 7.026702e-02 7.663194e-02
2.820000e+01 8.324900e-02 7.022512e-02 7.660218e-02
2.830000e+01 8.343500e-02 7.018331e-02 7.657211e-02
2.840000e+01 8.361960e-02 7.014158e-02 7.654199e-02
2.850000e+01 8.380490e-02 7.009993e-02 7.651201e-02
2.860000e+01 8.398580e-02 7.005835e-02 7.648173e-02
2.870000e+01 8.416700e-02 7.001686e-02 7.645155e-02
2.880000e+01 8.434710e-02 6.997544e-02 7.642136e-02
2.890000e+01 8.452290e-02 6.993410e-02 7.639088e-02
2.900000e+01 8.470070e-02 6.989285e-02 7.636065e-02
2.910000e+01 8.487580e-02 6.985166e-02 7.633026e-02
2.920000e+01 8.504670e-02 6.981056e-02 7.629959e-02
2.930000e+01 8.522110e-02 6.976953e-02 7.626929e-02
2.940000e+01 8.539130e-02 6.972858e-02 7.623871e-02
2.950000e+01 8.555890e-02 6.968771e-02 7.620798e-02
2.960000e+01 8.572850e-02 6.964691e-02 7.617749e-02
2.970000e+01 8.589870e-02 6.960619e-02 7.614713e-02
2.980000e+01 8.606760e-02 6.956555e-02 7.611673e-02
2.990000e+01 8.623720e-02 6.952498e-02 7.608646e-02
3.000000e+01 8.640270e-02 6.948448e-02 7.605592e-02
3.010000e+01 8.656820e-02 6.944406e-02 7.602545e-02
3.020000e+01 8.673320e-02 6.940372e-02 7.599501e-02
3.030000e+01 8.689430e-02 6.936344e-02 7.596431e-02
3.040000e+01 8.705640e-02 6.932325e-02 7.593377e-02
3.050000e+01 8.721690e-02 6.928312e-02 7.590316e-02
3.060000e+01 8.737360e-02 6.924307e-02 7.587230e-02
3.070000e+01 8.753250e-02 6.920309e-02 7.584170e-02
3.080000e+01 8.768860e-02 6.916318e-02 7.581094e-02
3.090000e+01 8.784100e-02 6.912334e-02 7.577993e-02
3.100000e+01 8.799660e-02 6.908358e-02 7.574925e-02
3.110000e+01 8.814850e-02 6.904388e-02 7.571834e-02
3.120000e+01 8.829760e-02 6.900426e-02 7.568726e-02
3.130000e+01 8.844910e-02 6.896470e-02 7.565644e-02
3.140000e+01 8.860020e-02 6.892521e-02 7.562566e-02
3.150000e+01 8.875050e-02 6.888580e-02 7.559488e-02
3.160000e+01 8.890230e-02 6.884645e-02 7.556429e-02
3.170000e+01 8.905050e-02 6.880717e-02 7.553346e-02
3.180000e+01 8.919750e-02 6.876796e-02 7.550260e-02
3.190000e+01 8.934530e-02 6.872881e-02 7.547187e-02
3.200000e+01 8.948950e-02 6.868974e-02 7.544090e-02
3.210000e+01 8.963330e-02 6.865072e-02 7.540997e-02
3.220000e+01 8.977710e-02 6.861178e-02 7.537910e-02
3.230000e+01 8.991750e-02 6.857290e-02 7.534801e-02
3.240000e+01 9.005810e-02 6.853409e-02 7.531699e-02
3.250000e+01 9.019810e-02 6.849534e-02 7.528599e-02
3.260000e+01 9.033470e-02 6.845665e-02 7.525477e-02
3.270000e+01 9.047210e-02 6.841803e-02 7.522368e-02
3.280000e+01 9.060840e-02 6.837948e-02 7.519255e-02
3.290000e+01 9.074140e-02 6.834098e-02 7.516122e-02
3.300000e+01 9.087560e-02 6.830255e-02 7.513004e-02
3.310000e+01 9.101100e-02 6.826418e-02 7.509902e-02
3.320000e+01 9.114470e-02 6.822587e-02 7.506791e-02
3.330000e+01 9.127990e-02 6.818762e-02 7.503699e-02
3.340000e+01 9.141320e-02 6.814944e-02 7.500598e-02
3.350000e+01 9.154340e-02 6.811131e-02 7.497475e-02
3.360000e+01 9.167540e-02 6.807324e-02 7.494374e-02
3.370000e+01 9.180520e-02 6.803523e-02 7.491260e-02
3.380000e+01 9.193190e-02 6.799728e-02 7.488126e-02
3.390000e+01 9.206080e-02 6.795939e-02 7.485016e-02
3.400000e+01 9.218730e-02 6.792156e-02 7.481891e-02
3.410000e+01 9.231060e-02 6.788378e-02 7.478746e-02
3.420000e+01 9.243630e-02 6.784606e-02 7.475626e-02
3.430000e+01 9.255950e-02 6.780840e-02 7.472490e-02
3.440000e+01 9.267970e-02 6.777080e-02 7.469335e-02
3.450000e+01 9.280230e-02 6.773325e-02 7.466205e-02
3.460000e+01 9.292220e-02 6.769575e-02 7.463059e-02
3.470000e+01 9.303920e-02 6.765831e-02 7.459894e-02
3.480000e+01 9.316160e-02 6.762093e-02 7.456778e-02
3.490000e+01 9.328250e-02 6.758360e-02 7.453655e-02
3.500000e+01 9.340040e-02 6.754632e-02 7.450513e-02
3.510000e+01 9.352080e-02 6.750910e-02 7.447396e-02
3.520000e+01 9.363860e-02 6.747193e-02 7.444263e-02
3.530000e+01 9.375340e-02 6.743481e-02 7.441110e-02
3.540000e+01 9.387070e-02 6.739774e-02 7.437983e-02
3.550000e+01 9.398550e-02 6.736072e-02 7.434839e-02
3.560000e+01 9.409740e-02 6.732376e-02 7.431677e-02
3.570000e+01 9.421160e-02 6.728684e-02 7.428539e-02
3.580000e+01 9.432340e-02 6.724998e-02 7.425385e-02
3.590000e+01 9.443240e-02 6.721316e-02 7.422214e-02
3.600000e+01 9.454360e-02 6.717639e-02 7.419064e-02
3.610000e+01 9.465250e-02 6.713967e-02 7.415901e-02
3.620000e+01 9.475870e-02 6.710300e-02 7.412720e-02
3.630000e+01 9.486690e-02 6.706638e-02 7.409559e-02
3.640000e+01 9.497300e-02 6.702980e-02 7.406387e-02
3.650000e+01 9.508000e-02 6.699327e-02 7.403226e-02
3.660000e+01 9.518890e-02 6.695678e-02 7.400084e-02
3.670000e+01 9.529610e-02 6.692034e-02 7.396933e-02
3.680000e+01 9.540070e-02 6.688395e-02 7.393765e-02
3.690000e+01 9.550660e-02 6.684760e-02 7.390612e-02
3.700000e+01 9.561110e-02 6.681129e-02 7.387451e-02
3.710000e+01 9.571300e-02 6.677503e-02 7.384273e-02
3.720000e+01 9.581580e-02 6.673881e-02 7.381107e-02
3.730000e+01 9.591770e-02 6.670263e-02 7.377937e-02
3.740000e+01 9.601700e-02 6.666649e-02 7.374751e-02
3.750000e+01 9.611690e-02 6.663040e-02 7.371572e-02
3.760000e+01 9.621610e-02 6.659434e-02 7.368393e-02
3.770000e+01 9.631290e-02 6.655833e-02 7.365197e-02
3.780000e+01 9.640980e-02 6.652236e-02 7.362006e-02
3.790000e+01 9.650660e-02 6.648643e-02 7.358817e-02
3.800000e+01 9.660100e-02 6.645053e-02 7.355613e-02
3.810000e+01 9.669590e-02 6.641468e-02 7.352417e-02
3.820000e+01 9.679390e-02 6.637886e-02 7.349249e-02
3.830000e+01 9.688950e-02 6.634309e-02 7.346065e-02
3.840000e+01 9.698410e-02 6.630735e-02 7.342877e-02
3.850000e+01 9.707960e-02 6.627164e-02 7.339700e-02
3.860000e+01 9.717280e-02 6.623598e-02 7.336507e-02
3.870000e+01 9.726450e-02 6.620035e-02 7.333305e-02
3.880000e+01 9.735770e-02 6.616476e-02 7.330120e-02
3.890000e+01 9.744860e-02 6.612920e-02 7.326918e-02
3.900000e+01 9.753730e-02 6.609368e-02 7.323703e-02
3.910000e+01 9.762830e-02 6.605819e-02 7.320508e-02
3.920000e+01 9.771690e-02 6.602274e-02 7.317298e-02
3.930000e+01 9.780320e-02 6.598733e-02 7.314072e-02
3.940000e+01 9.789140e-02 6.595194e-02 7.310865e-02
3.950000e+01 9.797780e-02 6.591659e-02 7.307646e-02
3.960000e+01 9.806200e-02 6.588127e-02 7.304412e-02
3.970000e+01 9.814730e-02 6.584599e-02 7.301191e-02
3.980000e+01 9.823400e-02 6.581073e-02 7.297984e-02
3.990000e+01 9.831950e-02 6.577551e-02 7.294769e-02
4.000000e+01 9.840540e-02 6.574032e-02 7.291561e-02
4.010000e+01 9.849100e-02 6.570516e-02 7.288353e-02
4.020000e+01 9.857440e-02 6.567003e-02 7.285130e-02
4.030000e+01 9.865730e-02 6.563493e-02 7.281906e-02
4.040000e+01 9.874080e-02 6.559986e-02 7.278689e-02
4.050000e+01 9.882220e-02 6.556481e-02 7.275458e-02
4.060000e+01 9.890220e-02 6.552980e-02 7.272219e-02
4.070000e+01 9.898370e-02 6.549482e-02 7.268994e-02
4.080000e+01 9.906310e-02 6.545986e-02 7.265754e-02
4.090000e+01 9.914040e-02 6.542493e-02 7.262500e-02
4.100000e+01 9.921980e-02 6.539003e-02 7.259266e-02
4.110000e+01 9.929720e-02 6.535516e-02 7.256018e-02
4.120000e+01 9.937260e-02 6.532031e-02 7.252756e-02
4.130000e+01 9.944910e-02 6.528549e-02 7.249505e-02
4.140000e+01 9.952550e-02 6.525069e-02 7.246256e-02
4.150000e+01 9.960230e-02 6.521592e-02 7.243013e-02
4.160000e+01 9.967930e-02 6.518118e-02 7.239773e-02
4.170000e+01 9.975620e-02 6.514645e-02 7.236535e-02
4.180000e+01 9.983120e-02 6.511176e-02 7.233283e-02
4.190000e+01 9.990530e-02 6.507708e-02 7.230026e-02
4.200000e+01 9.998040e-02 6.504243e-02 7.226780e-02
4.210000e+01 1.000535e-01 6.500781e-02 7.223519e-02
4.220000e+01 1.001247e-01 6.497320e-02 7.220246e-02
4.230000e+01 1.001980e-01 6.493862e-02 7.216990e-02
4.240000e+01 1.002694e-01 6.490406e-02 7.213722e-02
4.250000e+01 1.003388e-01 6.486952e-02 7.210439e-02
4.260000e+01 1.004093e-01 6.483501e-02 7.207167e-02
4.270000e+01 1.004789e-01 6.480051e-02 7.203890e-02
4.280000e+01 1.005466e-01 6.476603e-02 7.200599e-02
4.290000e+01 1.006142e-01 6.473158e-02 7.197309e-02
4.300000e+01 1.006822e-01 6.469714e-02 7.194024e-02
4.310000e+01 1.007511e-01 6.466272e-02 7.190748e-02
4.320000e+01 1.008191e-01 6.462833e-02 7.187466e-02
4.330000e+01 1.008885e-01 6.459395e-02 7.184197e-02
4.340000e+01 1.009560e-01 6.455959e-02 7.180915e-02
4.350000e+01 1.010218e-01 6.452524e-02 7.177621e-02
4.360000e+01 1.010889e-01 6.449092e-02 7.174338e-02
4.370000e+01 1.011549e-01 6.445662e-02 7.171048e-02
4.380000e+01 1.012191e-01 6.442233e-02 7.167745e-02
4.390000e+01 1.012833e-01 6.438806e-02 7.164445e-02
4.400000e+01 1.013477e-01 6.435380e-02 7.161146e-02
4.410000e+01 1.014103e-01 6.431957e-02 7.157835e-02
4.420000e+01 1.014718e-01 6.428534e-02 7.154516e-02
4.430000e+01 1.015346e-01 6.425114e-02 7.151209e-02
4.440000e+01 1.015957e-01 6.421695e-02 7.147890e-02
4.450000e+01 1.016551e-01 6.418277e-02 7.144558e-02
4.460000e+01 1.017156e-01 6.414861e-02 7.141237e-02
4.470000e+01 1.017771e-01 6.411447e-02 7.137925e-02
4.480000e+01 1.018381e-01 6.408034e-02 7.134609e-02
4.490000e+01 1.018988e-01 6.404622e-02 7.131293e-02
4.500000e+01 1.019600e-01 6.401212e-02 7.127981e-02
4.510000e+01 1.020194e-01 6.397803e-02 7.124656e-02
4.520000e+01 1.020774e-01 6.394395e-02 7.121321e-02
4.530000e+01 1.021370e-01 6.390989e-02 7.118000e-02
4.540000e+01 1.021951e-01 6.387583e-02 7.114667e-02
4.550000e+01 1.022514e-01 6.384179e-02 7.111322e-02
4.560000e+01 1.023084e-01 6.380777e-02 7.107983e-02
4.570000e+01 1.023650e-01 6.377375e-02 7.104642e-02
4.580000e+01 1.024200e-01 6.373975e-02 7.101288e-02
4.590000e+01 1.024741e-01 6.370575e-02 7.097929e-02
4.600000e+01 1.025293e-01 6.367177e-02 7.094579e-02
4.610000e+01 1.025829e-01 6.363780e-02 7.091217e-02
4.620000e+01 1.026349e-01 6.360383e-02 7.087844e-02
4.630000e+01 1.026893e-01 6.356988e-02 7.084489e-02
4.640000e+01 1.027445e-01 6.353594e-02 7.081142e-02
4.650000e+01 1.027982e-01 6.350200e-02 7.077784e-02
4.660000e+01 1.028513e-01 6.346808e-02 7.074422e-02
4.670000e+01 1.029052e-01 6.343416e-02 7.071066e-02
4.680000e+01 1.029575e-01 6.340026e-02 7.067699e-02
4.690000e+01 1.030083e-01 6.336636e-02 7.064320e-02
4.700000e+01 1.030604e-01 6.333247e-02 7.060952e-02
4.710000e+01 1.031115e-01 6.329859e-02 7.057576e-02
4.720000e+01 1.031611e-01 6.326471e-02 7.054189e-02
4.730000e+01 1.032103e-01 6.323084e-02 7.050799e-02
4.740000e+01 1.032601e-01 6.319698e-02 7.047415e-02
4.750000e+01 1.033085e-01 6.316313e-02 7.044020e-02
4.760000e+01 1.033553e-01 6.312928e-02 7.040613e-02
4.770000e+01 1.034035e-01 6.309544e-02 7.037217e-02
4.780000e+01 1.034506e-01 6.306161e-02 7.033813e-02
4.790000e+01 1.034972e-01 6.302778e-02 7.030405e-02
4.800000e+01 1.035453e-01 6.299396e-02 7.027010e-02
4.810000e+01 1.035941e-01 6.296014e-02 7.023620e-02
4.820000e+01 1.036414e-01 6.292633e-02 7.020219e-02
4.830000e+01 1.036873e-01 6.289253e-02 7.016807e-02
4.840000e+01 1.037343e-01 6.285873e-02 7.013403e-02
4.850000e+01 1.037805e-01 6.282493e-02 7.009994e-02
4.860000e+01 1.038253e-01 6.279114e-02 7.006574e-02
4.870000e+01 1.038694e-01 6.275736e-02 7.003149e-02
4.880000e+01 1.039145e-01 6.272358e-02 6.999731e-02
4.890000e+01 1.039582e-01 6.268980e-02 6.996303e-02
4.900000e+01 1.040005e-01 6.265603e-02 6.992864e-02
4.910000e+01 1.040434e-01 6.262226e-02 6.989431e-02
4.920000e+01 1.040860e-01 6.258850e-02 6.985994e-02
4.930000e+01 1.041273e-01 6.255474e-02 6.982548e-02
4.940000e+01 1.041674e-01 6.252098e-02 6.979092e-02
4.950000e+01 1.042096e-01 6.248723e-02 6.975653e-02
4.960000e+01 1.042525e-01 6.245348e-02 6.972219e-02
4.970000e+01 1.042941e-01 6.241973e-02 6.968775e-02
4.980000e+01 1.043356e-01 6.238598e-02 6.965330e-02
4.990000e+01 1.043775e-01 6.235224e-02 6.961888e-02
5.000000e+01 1.044180e-01 6.231850e-02 6.958436e-02
5.010000e+01 1.044572e-01 6.228476e-02 6.954973e-02
5.020000e+01 1.044976e-01 6.225102e-02 6.951519e-02
5.030000e+01 1.045371e-01 6.221729e-02 6.948059e-02
5.040000e+01 1.045753e-01 6.218356e-02 6.944588e-02
5.050000e+01 1.046127e-01 6.214982e-02 6.941111e-02
5.060000e+01 1.046513e-01 6.211610e-02 6.937643e-02
5.070000e+01 1.046885e-01 6.208237e-02 6.934164e-02
5.080000e+01 1.047245e-01 6.204864e-02 6.930676e-02
5.090000e+01 1.047607e-01 6.201492e-02 6.927188e-02
5.100000e+01 1.047970e-01 6.198119e-02 6.923702e-02
5.110000e+01 1.048327e-01 6.194747e-02 6.920211e-02
5.120000e+01 1.048691e-01 6.191374e-02 6.916725e-02
5.130000e+01 1.049065e-01 6.188002e-02 6.913247e-02
5.140000e+01 1.049433e-01 6.184630e-02 6.909763e-02
5.150000e+01 1.049788e-01 6.181258e-02 6.906270e-02
5.160000e+01 1.050133e-01 6.177886e-02 6.902768e-02
5.170000e+01 1.050491e-01 6.174514e-02 6.899277e-02
5.180000e+01 1.050837e-01 6.171142e-02 6.895775e-02
5.190000e+01 1.051170e-01 6.167770e-02 6.892264e-02
5.200000e+01 1.051501e-01 6.164398e-02 6.888751e-02
5.210000e+01 1.051838e-01 6.161026e-02 6.885242e-02
5.220000e+01 1.052163e-01 6.157654e-02 6.881723e-02
5.230000e+01 1.052476e-01 6.154282e-02 6.878195e-02
5.240000e+01 1.052793e-01 6.150909e-02 6.874670e-02
5.250000e+01 1.053110e-01 6.147537e-02 6.871144e-02
5.260000e+01 1.053414e-01 6.144165e-02 6.867608e-02
5.270000e+01 1.053715e-01 6.140792e-02 6.864069e-02
5.280000e+01 1.054043e-01 6.137420e-02 6.860551e-02
5.290000e+01 1.054364e-01 6.134047e-02 6.857027e-02
5.300000e+01 1.054674e-01 6.130674e-02 6.853494e-02
5.310000e+01 1.054972e-01 6.127301e-02 6.849952e-02
5.320000e+01 1.055284e-01 6.123928e-02 6.846420e-02
5.330000e+01 1.055586e-01 6.120555e-02 6.842879e-02
5.340000e+01 1.055876e-01 6.117181e-02 6.839330e-02
5.350000e+01 1.056158e-01 6.113808e-02 6.835774e-02
5.360000e+01 1.056452e-01 6.110434e-02 6.832226e-02
5.370000e+01 1.056734e-01 6.107060e-02 6.828669e-02
5.380000e+01 1.057005e-01 6.103686e-02 6.825103e-02
5.390000e+01 1.057272e-01 6.100312e-02 6.821534e-02
5.400000e+01 1.057546e-01 6.096938e-02 6.817970e-02
5.410000e+01 1.057810e-01 6.093563e-02 6.814397e-02
5.420000e+01 1.058062e-01 6.090188e-02 6.810815e-02
5.430000e+01 1.058325e-01 6.086814e-02 6.807241e-02
5.440000e+01 1.058605e-01 6.083438e-02 6.803680e-02
5.450000e+01 1.058875e-01 6.080063e-02 6.800109e-02
5.460000e+01 1.059133e-01 6.076688e-02 6.796531e-02
5.470000e+01 1.059393e-01 6.073312e-02 6.792953e-02
5.480000e+01 1.059655e-01 6.069936e-02 6.789376e-02
5.490000e+01 1.059906e-01 6.066560e-02 6.785790e-02
5.500000e+01 1.060146e-01 6.063184e-02 6.782196e-02
5.510000e+01 1.060391e-01 6.059807e-02 6.778604e-02
5.520000e+01 1.060634e-01 6.056430e-02 6.775011e-02
5.530000e+01 1.060867e-01 6.053053e-02 6.771410e-02
5.540000e+01 1.061090e-01 6.049676e-02 6.767800e-02
5.550000e+01 1.061318e-01 6.046298e-02 6.764194e-02
5.560000e+01 1.061544e-01 6.042920e-02 6.760586e-02
5.570000e+01 1.061760e-01 6.039542e-02 6.756970e-02
5.580000e+01 1.061965e-01 6.036164e-02 6.753346e-02
5.590000e+01 1.062191e-01 6.032785e-02 6.749737e-02
5.600000e+01 1.062424e-01 6.029406e-02 6.746132e-02
5.610000e+01 1.062647e-01 6.026027e-02 6.742519e-02
5.620000e+01 1.062859e-01 6.022648e-02 6.738898e-02
5.630000e+01 1.063076e-01 6.019268e-02 6.735280e-02
5.640000e+01 1.063292e-01 6.015888e-02 6.731660e-02
5.650000e+01 1.063497e-01 6.012508e-02 6.728033e-02
5.660000e+01 1.063693e-01 6.009128e-02 6.724397e-02
5.670000e+01 1.063893e-01 6.005747e-02 6.720764e-02
5.680000e+01 1.064092e-01 6.002366e-02 6.717130e-02
5.690000e+01 1.064281e-01 5.998984e-02 6.713488e-02
5.700000e+01 1.064460e-01 5.995603e-02 6.709839e-02
5.710000e+01 1.064642e-01 5.992221e-02 6.706190e-02
5.720000e+01 1.064825e-01 5.988839e-02 6.702542e-02
5.730000e+01 1.064999e-01 5.985456e-02 6.698887e-02
5.740000e+01 1.065162e-01 5.982074e-02 6.695223e-02
5.750000e+01 1.065347e-01 5.978690e-02 6.691575e-02
5.760000e+01 1.065537e-01 5.975307e-02 6.687931e-02
5.770000e+01 1.065717e-01 5.971924e-02 6.684279e-02
5.780000e+01 1.065888e-01 5.968540e-02 6.680619e-02
5.790000e+01 1.066056e-01 5.965155e-02 6.676957e-02
5.800000e+01 1.066231e-01 5.961771e-02 6.673299e-02
5.810000e+01 1.066396e-01 5.958386e-02 6.669633e-02
5.820000e+01 1.066552e-01 5.955001e-02 6.665960e-02
5.830000e+01 1.066701e-01 5.951616e-02 6.662282e-02
5.840000e+01 1.066860e-01 5.948230e-02 6.658611e-02
5.850000e+01 1.067010e-01 5.944844e-02 6.654933e-02
5.860000e+01 1.067151e-01 5.941458e-02 6.651247e-02
5.870000e+01 1.067283e-01 5.938072e-02 6.647554e-02
5.880000e+01 1.067426e-01 5.934685e-02 6.643869e-02
5.890000e+01 1.067561e-01 5.931298e-02 6.640178e-02
5.900000e+01 1.067692e-01 5.927911e-02 6.636483e-02
5.910000e+01 1.067832e-01 5.924524e-02 6.632795e-02
5.920000e+01 1.067978e-01 5.921136e-02 6.629111e-02
5.930000e+01 1.068121e-01 5.917748e-02 6.625424e-02
5.940000e+01 1.068255e-01 5.914360e-02 6.621730e-02
5.950000e+01 1.068380e-01 5.910972e-02 6.618029e-02
5.960000e+01 1.068507e-01 5.907583e-02 6.614329e-02
5.970000e+01 1.068636e-01 5.904194e-02 6.610629e-02
5.980000e+01 1.068755e-01 5.900805e-02 6.606924e-02
5.990000e+01 1.068867e-01 5.897416e-02 6.603211e-02
6.000000e+01 1.068973e-01 5.894026e-02 6.599495e-02
6.010000e+01 1.069088e-01 5.890637e-02 6.595784e-02
6.020000e+01 1.069194e-01 5.887247e-02 6.592066e-02
6.030000e+01 1.069291e-01 5.883857e-02 6.588342e-02
6.040000e+01 1.069380e-01 5.880466e-02 6.584612e-02
6.050000e+01 1.069478e-01 5.877076e-02 6.580888e-02
6.060000e+01 1.069583e-01 5.873685e-02 6.577168e-02
6.070000e+01 1.069689e-01 5.870295e-02 6.573449e-02
6.080000e+01 1.069786e-01 5.866904e-02 6.569723e-02
6.090000e+01 1.069885e-01 5.863512e-02 6.565999e-02
6.100000e+01 1.069985e-01 5.860121e-02 6.562275e-02
6.110000e+01 1.070077e-01 5.856730e-02 6.558544e-02
6.120000e+01 1.070161e-01 5.853338e-02 6.554808e-02
6.130000e+01 1.070238e-01 5.849946e-02 6.551066e-02
6.140000e+01 1.070325e-01 5.846554e-02 6.547332e-02
6.150000e+01 1.070404e-01 5.843162e-02 6.543591e-02
6.160000e+01 1.070475e-01 5.839770e-02 6.539844e-02
6.170000e+01 1.070537e-01 5.836378e-02 6.536090e-02
6.180000e+01 1.070605e-01 5.832985e-02 6.532341e-02
6.190000e+01 1.070671e-01 5.829593e-02 6.528590e-02
6.200000e+01 1.070728e-01 5.826200e-02 6.524832e-02
6.210000e+01 1.070779e-01 5.822807e-02 6.521070e-02
6.220000e+01 1.070846e-01 5.819414e-02 6.517319e-02
6.230000e+01 1.070920e-01 5.816021e-02 6.513573e-02
6.240000e+01 1.070987e-01 5.812628e-02 6.509822e-02
6.250000e+01 1.071045e-01 5.809235e-02 6.506064e-02
6.260000e+01 1.071095e-01 5.805842e-02 6.502300e-02
6.270000e+01 1.071151e-01 5.802449e-02 6.498541e-02
6.280000e+01 1.071205e-01 5.799056e-02 6.494780e-02
6.290000e+01 1.071251e-01 5.795663e-02 6.491013e-02
6.300000e+01 1.071289e-01 5.792269e-02 6.487240e-02
6.310000e+01 1.071323e-01 5.788876e-02 6.483464e-02
6.320000e+01 1.071364e-01 5.785483e-02 6.479694e-02
6.330000e+01 1.071398e-01 5.782089e-02 6.475918e-02
6.340000e+01 1.071424e-01 5.778696e-02 6.472136e-02
6.350000e+01 1.071442e-01 5.775303e-02 6.468349e-02
6.360000e+01 1.071464e-01 5.771910e-02 6.464564e-02
6.370000e+01 1.071497e-01 5.768516e-02 6.460788e-02
6.380000e+01 1.071532e-01 5.765123e-02 6.457012e-02
6.390000e+01 1.071559e-01 5.761730e-02 6.453232e-02
6.400000e+01 1.071578e-01 5.758337e-02 6.449446e-02
6.410000e+01 1.071608e-01 5.754944e-02 6.445667e-02
6.420000e+01 1.071631e-01 5.751551e-02 6.441883e-02
6.430000e+01 1.071646e-01 5.748158e-02 6.438094e-02
6.440000e+01 1.071654e-01 5.744765e-02 6.434300e-02
6.450000e+01 1.071660e-01 5.741372e-02 6.430504e-02
6.460000e+01 1.071672e-01 5.737980e-02 6.426712e-02
6.470000e+01 1.071675e-01 5.734587e-02 6.422915e-02
6.480000e+01 1.071672e-01 5.731195e-02 6.419113e-02
6.490000e+01 1.071662e-01 5.727802e-02 6.415306e-02
6.500000e+01 1.071654e-01 5.724410e-02 6.411501e-02
6.510000e+01 1.071647e-01 5.721018e-02 6.407697e-02
6.520000e+01 1.071634e-01 5.717626e-02 6.403889e-02
6.530000e+01 1.071632e-01 5.714235e-02 6.400089e-02
6.540000e+01 1.071624e-01 5.710843e-02 6.396284e-02
6.550000e+01 1.071622e-01 5.707452e-02 6.392484e-02
6.560000e+01 1.071616e-01 5.704060e-02 6.388682e-02
6.570000e+01 1.071603e-01 5.700669e-02 6.384875e-02
6.580000e+01 1.071584e-01 5.697278e-02 6.381063e-02
6.590000e+01 1.071557e-01 5.693888e-02 6.377246e-02
6.600000e+01 1.071541e-01 5.690498e-02 6.373437e-02
6.610000e+01 1.071517e-01 5.687107e-02 6.369623e-02
6.620000e+01 1.071486e-01 5.683718e-02 6.365805e-02
6.630000e+01 1.071449e-01 5.680328e-02 6.361982e-02
6.640000e+01 1.071408e-01 5.676939e-02 6.358156e-02
6.650000e+01 1.071373e-01 5.673550e-02 6.354336e-02
6.660000e+01 1.071332e-01 5.670161e-02 6.350512e-02
6.670000e+01 1.071284e-01 5.666773e-02 6.346683e-02
6.680000e+01 1.071244e-01 5.663384e-02 6.342859e-02
6.690000e+01 1.071206e-01 5.659997e-02 6.339038e-02
6.700000e+01 1.071174e-01 5.656609e-02 6.335222e-02
6.710000e+01 1.071135e-01 5.653222e-02 6.331401e-02
6.720000e+01 1.071089e-01 5.649836e-02 6.327575e-02
6.730000e+01 1.071037e-01 5.646449e-02 6.323746e-02
6.740000e+01 1.070983e-01 5.643063e-02 6.319916e-02
6.750000e+01 1.070934e-01 5.639678e-02 6.316089e-02
6.760000e+01 1.070878e-01 5.636293e-02 6.312258e-02
6.770000e+01 1.070815e-01 5.632908e-02 6.308423e-02
6.780000e+01 1.070746e-01 5.629524e-02 6.304584e-02
6.790000e+01 1.070675e-01 5.626140e-02 6.300744e-02
6.800000e+01 1.070608e-01 5.622756e-02 6.296908e-02
6.810000e+01 1.070535e-01 5.619373e-02 6.293068e-02
6.820000e+01 1.070456e-01 5.615991e-02 6.289224e-02
6.830000e+01 1.070378e-01 5.612608e-02 6.285382e-02
6.840000e+01 1.070309e-01 5.609227e-02 6.281546e-02
6.850000e+01 1.070245e-01 5.605846e-02 6.277715e-02
6.860000e+01 1.070174e-01 5.602465e-02 6.273880e-02
6.870000e+01 1.070097e-01 5.599085e-02 6.270040e-02
6.880000e+01 1.070014e-01 5.595705e-02 6.266197e-02
6.890000e+01 1.069927e-01 5.592326e-02 6.262352e-02
6.900000e+01 1.069847e-01 5.588948e-02 6.258512e-02
6.910000e+01 1.069760e-01 5.585569e-02 6.254669e-02
6.920000e+01 1.069667e-01 5.582192e-02 6.250822e-02
6.930000e+01 1.069568e-01 5.578815e-02 6.246971e-02
6.940000e+01 1.069462e-01 5.575439e-02 6.243116e-02
6.950000e+01 1.069365e-01 5.572063e-02 6.239269e-02
6.960000e+01 1.069263e-01 5.568688e-02 6.235418e-02
6.970000e+01 1.069154e-01 5.565313e-02 6.231563e-02
6.980000e+01 1.069042e-01 5.561939e-02 6.227707e-02
6.990000e+01 1.068939e-01 5.558566e-02 6.223859e-02
7.000000e+01 1.068842e-01 5.555193e-02 6.220015e-02
7.010000e+01 1.068742e-01 5.551822e-02 6.216170e-02
7.020000e+01 1.068637e-01 5.548450e-02 6.212322e-02
7.030000e+01 1.068525e-01 5.545080e-02 6.208470e-02
7.040000e+01 1.068407e-01 5.541710e-02 6.204615e-02
7.050000e+01 1.068290e-01 5.538340e-02 6.200761e-02
7.060000e+01 1.068175e-01 5.534972e-02 6.196910e-02
7.070000e+01 1.068053e-01 5.531604e-02 6.193055e-02
7.080000e+01 1.067926e-01 5.528237e-02 6.189197e-02
7.090000e+01 1.067793e-01 5.524870e-02 6.185336e-02
7.100000e+01 1.067656e-01 5.521505e-02 6.181473e-02
7.110000e+01 1.067526e-01 5.518140e-02 6.177616e-02
7.120000e+01 1.067390e-01 5.514775e-02 6.173756e-02
7.130000e+01 1.067248e-01 5.511412e-02 6.169892e-02
7.140000e+01 1.067117e-01 5.508050e-02 6.166038e-02
7.150000e+01 1.066982e-01 5.504688e-02 6.162181e-02
7.160000e+01 1.066851e-01 5.501327e-02 6.158329e-02
7.170000e+01 1.066718e-01 5.497967e-02 6.154476e-02
7.180000e+01 1.066580e-01 5.494607e-02 6.150620e-02
7.190000e+01 1.066435e-01 5.491249e-02 6.146761e-02
7.200000e+01 1.066285e-01 5.487891e-02 6.142899e-02
7.210000e+01 1.066133e-01 5.484534e-02 6.139037e-02
7.220000e+01 1.065985e-01 5.481178e-02 6.135180e-02
7.230000e+01 1.065832e-01 5.477823e-02 6.131319e-02
7.240000e+01 1.065674e-01 5.474469e-02 6.127456e-02
7.250000e+01 1.065509e-01 5.471116e-02 6.123590e-02
7.260000e+01 1.065339e-01 5.467764e-02 6.119722e-02
7.270000e+01 1.065174e-01 5.464413e-02 6.115858e-02
7.280000e+01 1.065006e-01 5.461062e-02 6.111993e-02
7.290000e+01 1.064848e-01 5.457713e-02 6.108137e-02
7.300000e+01 1.064688e-01 5.454364e-02 6.104279e-02
7.310000e+01 1.064521e-01 5.451017e-02 6.100419e-02
7.320000e+01 1.064351e-01 5.447670e-02 6.096558e-02
7.330000e+01 1.064187e-01 5.444325e-02 6.092702e-02
7.340000e+01 1.064018e-01 5.440980e-02 6.088844e-02
7.350000e+01 1.063843e-01 5.437637e-02 6.084984e-02
7.360000e+01 1.063663e-01 5.434294e-02 6.081121e-02
7.370000e+01 1.063477e-01 5.430953e-02 6.077255e-02
7.380000e+01 1.063293e-01 5.427612e-02 6.073391e-02
7.390000e+01 1.063109e-01 5.424273e-02 6.069530e-02
7.400000e+01 1.062921e-01 5.420935e-02 6.065667e-02
7.410000e+01 1.062727e-01 5.417598e-02 6.061801e-02
7.420000e+01 1.062527e-01 5.414262e-02 6.057934e-02
7.430000e+01 1.062323e-01 5.410927e-02 6.054063e-02
7.440000e+01 1.062136e-01 5.407593e-02 6.050207e-02
7.450000e+01 1.061951e-01 5.404260e-02 6.046353e-02
7.460000e+01 1.061761e-01 5.400928e-02 6.042497e-02
7.470000e+01 1.061566e-01 5.397598e-02 6.038639e-02
7.480000e+01 1.061365e-01 5.394269e-02 6.034779e-02
7.490000e+01 1.061159e-01 5.390941e-02 6.030917e-02
7.500000e+01 1.060959e-01 5.387614e-02 6.027060e-02
7.510000e+01 1.060756e-01 5.384288e-02 6.023203e-02
7.520000e+01 1.060547e-01 5.380963e-02 6.019343e-02
7.530000e+01 1.060333e-01 5.377640e-02 6.015481e-02
7.540000e+01 1.060114e-01 5.374318e-02 6.011618e-02
7.550000e+01 1.059889e-01 5.370997e-02 6.007752e-02
7.560000e+01 1.059672e-01 5.367677e-02 6.003893e-02
7.570000e+01 1.059450e-01 5.364359e-02 6.000033e-02
7.580000e+01 1.059223e-01 5.361042e-02 5.996170e-02
7.590000e+01 1.059005e-01 5.357726e-02 5.992315e-02
7.600000e+01 1.058784e-01 5.354411e-02 5.988460e-02
7.610000e+01 1.058559e-01 5.351098e-02 5.984604e-02
7.620000e+01 1.058341e-01 5.347786e-02 5.980754e-02
7.630000e+01 1.058118e-01 5.344476e-02 5.976903e-02
7.640000e+01 1.057890e-01 5.341166e-02 5.973049e-02
7.650000e+01 1.057657e-01 5.337858e-02 5.969194e-02
7.660000e+01 1.057418e-01 5.334552e-02 5.965338e-02
7.670000e+01 1.057175e-01 5.331246e-02 5.961479e-02
7.680000e+01 1.056939e-01 5.327943e-02 5.957627e-02
7.690000e+01 1.056698e-01 5.324640e-02 5.953774e-02
7.700000e+01 1.056451e-01 5.321339e-02 5.949919e-02
7.710000e+01 1.056200e-01 5.318039e-02 5.946063e-02
7.720000e+01 1.055944e-01 5.314741e-02 5.942205e-02
7.730000e+01 1.055683e-01 5.311444e-02 5.938345e-02
7.740000e+01 1.055442e-01 5.308148e-02 5.934501e-02
7.750000e+01 1.055200e-01 5.304854e-02 5.930658e-02
7.760000e+01 1.054953e-01 5.301562e-02 5.926813e-02
7.770000e+01 1.054702e-01 5.298271e-02 5.922967e-02
7.780000e+01 1.054445e-01 5.294981e-02 5.919119e-02
7.790000e+01 1.054183e-01 5.291693e-02 5.915271e-02
7.800000e+01 1.053924e-01 5.288406e-02 5.911425e-02
7.810000e+01 1.053664e-01 5.285121e-02 5.907582e-02
7.820000e+01 1.053400e-01 5.281837e-02 5.903737e-02
7.830000e+01 1.053131e-01 5.278555e-02 5.899890e-02
7.840000e+01 1.052857e-01 5.275274e-02 5.896043e-02
7.850000e+01 1.052578e-01 5.271995e-02 5.892194e-02
7.860000e+01 1.052298e-01 5.268717e-02 5.888347e-02
7.870000e+01 1.052021e-01 5.265441e-02 5.884503e-02
7.880000e+01 1.051740e-01 5.262167e-02 5.880659e-02
7.890000e+01 1.051470e-01 5.258894e-02 5.876824e-02
7.900000e+01 1.051196e-01 5.255622e-02 5.872988e-02
7.910000e+01 1.050917e-01 5.252352e-02 5.869151e-02
7.920000e+01 1.050633e-01 5.249084e-02 5.865313e-02
7.930000e+01 1.050354e-01 5.245817e-02 5.861481e-02
7.940000e+01 1.050073e-01 5.242552e-02 5.857648e-02
7.950000e+01 1.049786e-01 5.239289e-02 5.853814e-02
7.960000e+01 1.049495e-01 5.236027e-02 5.849980e-02
7.970000e+01 1.049199e-01 5.232767e-02 5.846144e-02
7.980000e+01 1.048899e-01 5.229508e-02 5.842308e-02
7.990000e+01 1.048598e-01 5.226252e-02 5.838473e-02
8.000000e+01 1.048300e-01 5.222996e-02 5.834642e-02
8.010000e+01 1.047997e-01 5.219743e-02 5.830810e-02
8.020000e+01 1.047689e-01 5.216491e-02 5.826977e-02
8.030000e+01 1.047381e-01 5.213241e-02 5.823147e-02
8.040000e+01 1.047081e-01 5.209993e-02 5.819323e-02
8.050000e+01 1.046776e-01 5.206746e-02 5.815498e-02
8.060000e+01 1.046475e-01 5.203501e-02 5.811678e-02
8.070000e+01 1.046172e-01 5.200258e-02 5.807860e-02
8.080000e+01 1.045864e-01 5.197016e-02 5.804040e-02
8.090000e+01 1.045552e-01 5.193776e-02 5.800220e-02
8.100000e+01 1.045236e-01 5.190538e-02 5.796399e-02
8.110000e+01 1.044915e-01 5.187302e-02 5.792577e-02
8.120000e+01 1.044590e-01 5.184068e-02 5.788755e-02
8.130000e+01 1.044271e-01 5.180835e-02 5.784939e-02
8.140000e+01 1.043947e-01 5.177604e-02 5.781123e-02
8.150000e+01 1.043619e-01 5.174375e-02 5.777306e-02
8.160000e+01 1.043286e-01 5.171148e-02 5.773488e-02
8.170000e+01 1.042950e-01 5.167922e-02 5.769670e-02
8.180000e+01 1.042617e-01 5.164699e-02 5.765857e-02
8.190000e+01 1.042289e-01 5.161477e-02 5.762049e-02
8.200000e+01 1.041966e-01 5.158257e-02 5.758246e-02
8.210000e+01 1.041638e-01 5.155039e-02 5.754443e-02
8.220000e+01 1.041305e-01 5.151823e-02 5.750640e-02
8.230000e+01 1.040968e-01 5.148608e-02 5.746836e-02
8.240000e+01 1.040627e-01 5.145396e-02 5.743031e-02
8.250000e+01 1.040282e-01 5.142185e-02 5.739226e-02
8.260000e+01 1.039935e-01 5.138976e-02 5.735423e-02
8.270000e+01 1.039591e-01 5.135769e-02 5.731624e-02
8.280000e+01 1.039243e-01 5.132564e-02 5.727825e-02
8.290000e+01 1.038891e-01 5.129361e-02 5.724025e-02
8.300000e+01 1.038534e-01 5.126160e-02 5.720225e-02
8.310000e+01 1.038173e-01 5.122961e-02 5.716425e-02
8.320000e+01 1.037808e-01 5.119764e-02 5.712624e-02
8.330000e+01 1.037455e-01 5.116568e-02 5.708834e-02
8.340000e+01 1.037107e-01 5.113375e-02 5.705050e-02
8.350000e+01 1.036755e-01 5.110183e-02 5.701265e-02
8.360000e+01 1.036399e-01 5.106994e-02 5.697480e-02
8.370000e+01 1.036039e-01 5.103806e-02 5.693695e-02
8.380000e+01 1.035675e-01 5.100621e-02 5.689910e-02
8.390000e+01 1.035306e-01 5.097437e-02 5.686125e-02
8.400000e+01 1.034933e-01 5.094255e-02 5.682339e-02
8.410000e+01 1.034566e-01 5.091076e-02 5.678560e-02
8.420000e+01 1.034195e-01 5.087898e-02 5.674781e-02
8.430000e+01 1.033819e-01 5.084723e-02 5.671002e-02
8.440000e+01 1.033440e-01 5.081549e-02 5.667222e-02
8.450000e+01 1.033056e-01 5.078378e-02 5.663443e-02
8.460000e+01 1.032669e-01 5.075208e-02 5.659664e-02
8.470000e+01 1.032282e-01 5.072041e-02 5.655887e-02
8.480000e+01 1.031908e-01 5.068875e-02 5.652122e-02
8.490000e+01 1.031533e-01 5.065712e-02 5.648359e-02
8.500000e+01 1.031154e-01 5.062551e-02 5.644596e-02
8.510000e+01 1.030771e-01 5.059392e-02 5.640832e-02
8.520000e+01 1.030384e-01 5.056234e-02 5.637069e-02
8.530000e+01 1.029993e-01 5.053079e-02 5.633306e-02
8.540000e+01 1.029598e-01 5.049927e-02 5.629543e-02
8.550000e+01 1.029201e-01 5.046776e-02 5.625782e-02
8.560000e+01 1.028807e-01 5.043627e-02 5.622025e-02
8.570000e+01 1.028409e-01 5.040480e-02 5.618268e-02
8.580000e+01 1.028008e-01 5.037336e-02 5.614512e-02
8.590000e+01 1.027602e-01 5.034193e-02 5.610756e-02
8.600000e+01 1.027192e-01 5.031053e-02 5.607000e-02
8.610000e+01 1.026779e-01 5.027915e-02 5.603244e-02
8.620000e+01 1.026373e-01 5.024779e-02 5.599496e-02
8.630000e+01 1.025973e-01 5.021645e-02 5.595754e-02
8.640000e+01 1.025572e-01 5.018514e-02 5.592015e-02
8.650000e+01 1.025167e-01 5.015384e-02 5.588276e-02
8.660000e+01 1.024758e-01 5.012257e-02 5.584537e-02
8.670000e+01 1.024345e-01 5.009131e-02 5.580798e-02
8.680000e+01 1.023929e-01 5.006008e-02 5.577060e-02
8.690000e+01 1.023508e-01 5.002888e-02 5.573322e-02
8.700000e+01 1.023084e-01 4.999769e-02 5.569584e-02
8.710000e+01 1.022664e-01 4.996652e-02 5.565852e-02
8.720000e+01 1.022241e-01 4.993538e-02 5.562121e-02
8.730000e+01 1.021814e-01 4.990426e-02 5.558390e-02
8.740000e+01 1.021383e-01 4.987316e-02 5.554660e-02
8.750000e+01 1.020948e-01 4.984209e-02 5.550930e-02
8.760000e+01 1.020516e-01 4.981103e-02 5.547204e-02
8.770000e+01 1.020089e-01 4.978000e-02 5.543484e-02
8.780000e+01 1.019658e-01 4.974899e-02 5.539765e-02
8.790000e+01 1.019232e-01 4.971800e-02 5.536052e-02
8.800000e+01 1.018802e-01 4.968704e-02 5.532340e-02
8.810000e+01 1.018369e-01 4.965610e-02 5.528628e-02
8.820000e+01 1.017932e-01 4.962518e-02 5.524916e-02
8.830000e+01 1.017491e-01 4.959428e-02 5.521205e-02
8.840000e+01 1.017046e-01 4.956340e-02 5.517495e-02
8.850000e+01 1.016597e-01 4.953255e-02 5.513785e-02
8.860000e+01 1.016145e-01 4.950172e-02 5.510076e-02
8.870000e+01 1.015698e-01 4.947092e-02 5.506373e-02
8.880000e+01 1.015247e-01 4.944013e-02 5.502670e-02
8.890000e+01 1.014792e-01 4.940937e-02 5.498969e-02
8.900000e+01 1.014334e-01 4.937864e-02 5.495267e-02
8.910000e+01 1.013887e-01 4.934792e-02 5.491576e-02
8.920000e+01 1.013436e-01 4.931723e-02 5.487885e-02
8.930000e+01 1.012981e-01 4.928657e-02 5.484195e-02
8.940000e+01 1.012523e-01 4.925592e-02 5.480506e-02
8.950000e+01 1.012068e-01 4.922530e-02 5.476821e-02
8.960000e+01 1.011611e-01 4.919470e-02 5.473139e-02
8.970000e+01 1.011150e-01 4.916413e-02 5.469457e-02
8.980000e+01 1.010686e-01 4.913358e-02 5.465776e-02
8.990000e+01 1.010218e-01 4.910305e-02 5.462095e-02
9.000000e+01 1.009746e-01 4.907255e-02 5.458416e-02
9.010000e+01 1.009271e-01 4.904207e-02 5.454737e-02
9.020000e+01 1.008792e-01 4.901161e-02 5.451059e-02
9.030000e+01 1.008312e-01 4.898118e-02 5.447384e-02
9.040000e+01 1.007834e-01 4.895077e-02 5.443713e-02
9.050000e+01 1.007363e-01 4.892038e-02 5.440049e-02
9.060000e+01 1.006893e-01 4.889002e-02 5.436388e-02
9.070000e+01 1.006419e-01 4.885968e-02 5.432728e-02
9.080000e+01 1.005942e-01 4.882937e-02 5.429069e-02
9.090000e+01 1.005461e-01 4.879907e-02 5.425411e-02
9.100000e+01 1.004976e-01 4.876881e-02 5.421754e-02
9.110000e+01 1.004488e-01 4.873857e-02 5.418098e-02
9.120000e+01 1.004002e-01 4.870835e-02 5.414446e-02
9.130000e+01 1.003515e-01 4.867815e-02 5.410797e-02
9.140000e+01 1.003025e-01 4.864798e-02 5.407149e-02
9.150000e+01 1.002530e-01 4.861784e-02 5.403501e-02
9.160000e+01 1.002033e-01 4.858771e-02 5.399855e-02
9.170000e+01 1.001532e-01 4.855762e-02 5.396209e-02
9.180000e+01 1.001027e-01 4.852754e-02 5.392565e-02
9.190000e+01 1.000526e-01 4.849749e-02 5.388925e-02
9.200000e+01 1.000029e-01 4.846747e-02 5.385292e-02
9.210000e+01 9.995360e-02 4.843747e-02 5.381664e-02
9.220000e+01 9.990400e-02 4.840749e-02 5.378037e-02
9.230000e+01 9.985400e-02 4.837754e-02 5.374411e-02
9.240000e+01 9.980370e-02 4.834762e-02 5.370786e-02
9.250000e+01 9.975310e-02 4.831771e-02 5.367162e-02
9.260000e+01 9.970210e-02 4.828784e-02 5.363540e-02
9.270000e+01 9.965080e-02 4.825798e-02 5.359918e-02
9.280000e+01 9.959910e-02 4.822816e-02 5.356298e-02
9.290000e+01 9.954710e-02 4.819835e-02 5.352679e-02
9.300000e+01 9.949550e-02 4.816857e-02 5.349065e-02
9.310000e+01 9.944360e-02 4.813882e-02 5.345453e-02
9.320000e+01 9.939130e-02 4.810909e-02 5.341842e-02
9.330000e+01 9.933920e-02 4.807939e-02 5.338235e-02
9.340000e+01 9.928770e-02 4.804971e-02 5.334634e-02
9.350000e+01 9.923580e-02 4.802006e-02 5.331035e-02
9.360000e+01 9.918360e-02 4.799043e-02 5.327437e-02
9.370000e+01 9.913110e-02 4.796082e-02 5.323841e-02
9.380000e+01 9.907830e-02 4.793125e-02 5.320245e-02
9.390000e+01 9.902570e-02 4.790169e-02 5.316655e-02
9.400000e+01 9.897290e-02 4.787217e-02 5.313066e-02
9.410000e+01 9.891980e-02 4.784266e-02 5.309479e-02
9.420000e+01 9.886630e-02 4.781318e-02 5.305893e-02
9.430000e+01 9.881250e-02 4.778373e-02 5.302308e-02
9.440000e+01 9.875840e-02 4.775431e-02 5.298724e-02
9.450000e+01 9.870400e-02 4.772490e-02 5.295142e-02
9.460000e+01 9.864920e-02 4.769553e-02 5.291561e-02
9.470000e+01 9.859450e-02 4.766618e-02 5.287984e-02
9.480000e+01 9.854070e-02 4.763685e-02 5.284415e-02
9.490000e+01 9.848710e-02 4.760755e-02 5.280851e-02
9.500000e+01 9.843310e-02 4.757828e-02 5.277288e-02
9.510000e+01 9.837890e-02 4.754903e-02 5.273726e-02
9.520000e+01 9.832420e-02 4.751980e-02 5.270165e-02
9.530000e+01 9.826930e-02 4.749060e-02 5.266606e-02
9.540000e+01 9.821410e-02 4.746143e-02 5.263049e-02
9.550000e+01 9.815850e-02 4.743229e-02 5.259492e-02
9.560000e+01 9.810260e-02 4.740316e-02 5.255937e-02
9.570000e+01 9.804640e-02 4.737407e-02 5.252384e-02
9.580000e+01 9.799030e-02 4.734500e-02 5.248835e-02
9.590000e+01 9.793410e-02 4.731595e-02 5.245288e-02
9.600000e+01 9.787770e-02 4.728693e-02 5.241743e-02
9.610000e+01 9.782120e-02 4.725794e-02 5.238202e-02
9.620000e+01 9.776550e-02 4.722897e-02 5.234667e-02
9.630000e+01 9.770950e-02 4.720003e-02 5.231135e-02
9.640000e+01 9.765310e-02 4.717112e-02 5.227604e-02
9.650000e+01 9.759640e-02 4.714223e-02 5.224074e-02
9.660000e+01 9.753950e-02 4.711336e-02 5.220546e-02
9.670000e+01 9.748220e-02 4.708453e-02 5.217019e-02
9.680000e+01 9.742500e-02 4.705571e-02 5.213496e-02
9.690000e+01 9.736780e-02 4.702693e-02 5.209977e-02
9.700000e+01 9.731020e-02 4.699817e-02 5.206458e-02
9.710000e+01 9.725240e-02 4.696943e-02 5.202942e-02
9.720000e+01 9.719420e-02 4.694072e-02 5.199426e-02
9.730000e+01 9.713570e-02 4.691204e-02 5.195913e-02
9.740000e+01 9.707690e-02 4.688338e-02 5.192401e-02
9.750000e+01 9.701830e-02 4.685475e-02 5.188893e-02
9.760000e+01 9.696020e-02 4.682615e-02 5.185392e-02
9.770000e+01 9.690190e-02 4.679757e-02 5.181892e-02
9.780000e+01 9.684360e-02 4.676902e-02 5.178396e-02
9.790000e+01 9.678530e-02 4.674049e-02 5.174904e-02
9.800000e+01 9.672670e-02 4.671199e-02 5.171413e-02
9.810000e+01 9.666780e-02 4.668352e-02 5.167924e-02
9.820000e+01 9.660860e-02 4.665507e-02 5.164436e-02
9.830000e+01 9.654900e-02 4.662665e-02 5.160950e-02
9.840000e+01 9.648920e-02 4.659826e-02 5.157466e-02
9.850000e+01 9.642910e-02 4.656989e-02 5.153983e-02
9.860000e+01 9.636870e-02 4.654155e-02 5.150502e-02
9.870000e+01 9.630790e-02 4.651323e-02 5.147022e-02
9.880000e+01 9.624690e-02 4.648494e-02 5.143544e-02
9.890000e+01 9.618690e-02 4.645668e-02 5.140076e-02
9.900000e+01 9.612720e-02 4.642844e-02 5.136613e-02
9.910000e+01 9.606730e-02 4.640023e-02 5.133151e-02
9.920000e+01 9.600710e-02 4.637205e-02 5.129692e-02
9.930000e+01 9.594650e-02 4.634389e-02 5.126233e-02
9.940000e+01 9.588570e-02 4.631576e-02 5.122777e-02
9.950000e+01 9.582460e-02 4.628765e-02 5.119322e-02
9.960000e+01 9.576320e-02 4.625958e-02 5.115869e-02
9.970000e+01 9.570140e-02 4.623152e-02 5.112418e-02
9.980000e+01 9.563940e-02 4.620350e-02 5.108969e-02
9.990000e+01 9.557720e-02 4.617550e-02 5.105521e-02
1.000000e+02 9.551520e-02 4.614753e-02 5.102079e-02
