# # chi(t) for Pe = 1000, beta = 0.1, bridge_width = 1.0
# # Columns: time, chi, I_T (signed), I_|T| (unsigned)
0.000000e+00 0.000000e+00 7.671023e-02 7.671023e-02
1.000000e-01 1.893000e-04 7.982610e-02 7.984121e-02
2.000000e-01 1.514000e-04 8.008772e-02 8.009985e-02
3.000000e-01 7.010000e-05 8.007494e-02 8.008055e-02
4.000000e-01 2.500000e-06 8.008257e-02 8.008277e-02
5.000000e-01 0.000000e+00 7.989496e-02 7.989496e-02
6.000000e-01 0.000000e+00 8.007082e-02 8.007082e-02
7.000000e-01 0.000000e+00 8.008037e-02 8.008037e-02
8.000000e-01 0.000000e+00 8.008931e-02 8.008931e-02
9.000000e-01 0.000000e+00 8.009776e-02 8.009776e-02
1.000000e+00 0.000000e+00 8.010591e-02 8.010591e-02
1.100000e+00 5.000000e-07 8.011397e-02 8.011401e-02
1.200000e+00 3.400000e-06 8.012213e-02 8.012240e-02
1.300000e+00 1.090000e-05 8.013056e-02 8.013143e-02
1.400000e+00 2.570000e-05 8.013936e-02 8.014142e-02
1.500000e+00 4.990000e-05 8.014863e-02 8.015262e-02
1.600000e+00 8.320000e-05 8.015838e-02 8.016505e-02
1.700000e+00 1.222000e-04 8.016862e-02 8.017842e-02
1.800000e+00 1.615000e-04 8.017931e-02 8.019227e-02
1.900000e+00 1.962000e-04 8.019041e-02 8.020614e-02
2.000000e+00 2.231000e-04 8.020183e-02 8.021972e-02
2.100000e+00 2.407000e-04 8.021350e-02 8.023281e-02
2.200000e+00 2.489000e-04 8.022533e-02 8.024530e-02
2.300000e+00 2.484000e-04 8.023723e-02 8.025716e-02
2.400000e+00 2.400000e-04 8.024910e-02 8.026837e-02
2.500000e+00 2.252000e-04 8.026086e-02 8.027894e-02
2.600000e+00 2.053000e-04 8.027242e-02 8.028890e-02
2.700000e+00 2.454000e-04 8.028369e-02 8.030340e-02
2.800000e+00 1.061500e-03 8.029460e-02 8.037992e-02
2.900000e+00 2.257800e-03 8.030507e-02 8.048680e-02
3.000000e+00 3.817800e-03 8.031504e-02 8.062285e-02
3.100000e+00 5.534600e-03 8.032445e-02 8.077149e-02
3.200000e+00 7.355700e-03 8.033324e-02 8.092852e-02
3.300000e+00 9.241400e-03 8.034136e-02 8.109075e-02
3.400000e+00 1.121400e-02 8.034877e-02 8.126001e-02
3.500000e+00 1.328370e-02 8.035542e-02 8.143720e-02
3.600000e+00 1.535240e-02 8.036128e-02 8.161426e-02
3.700000e+00 1.740300e-02 8.036633e-02 8.178971e-02
3.800000e+00 1.954930e-02 8.037053e-02 8.197304e-02
3.900000e+00 2.166860e-02 8.037386e-02 8.215402e-02
4.000000e+00 2.373410e-02 8.037631e-02 8.233034e-02
4.100000e+00 2.586100e-02 8.037786e-02 8.251169e-02
4.200000e+00 2.795080e-02 8.037849e-02 8.268974e-02
4.300000e+00 2.997000e-02 8.037821e-02 8.286157e-02
4.400000e+00 3.205780e-02 8.037700e-02 8.303906e-02
4.500000e+00 3.407360e-02 8.037487e-02 8.321014e-02
4.600000e+00 3.604810e-02 8.037180e-02 8.337740e-02
4.700000e+00 3.804820e-02 8.036780e-02 8.354660e-02
4.800000e+00 3.996450e-02 8.036287e-02 8.370823e-02
4.900000e+00 4.189310e-02 8.035702e-02 8.387062e-02
5.000000e+00 4.378100e-02 8.035025e-02 8.402913e-02
5.100000e+00 4.560910e-02 8.034256e-02 8.418203e-02
5.200000e+00 4.746290e-02 8.033397e-02 8.433684e-02
5.300000e+00 4.923080e-02 8.032448e-02 8.448368e-02
5.400000e+00 5.101380e-02 8.031410e-02 8.463148e-02
5.500000e+00 5.274270e-02 8.030285e-02 8.477407e-02
5.600000e+00 5.443810e-02 8.029073e-02 8.491325e-02
5.700000e+00 5.612550e-02 8.027776e-02 8.505130e-02
5.800000e+00 5.774020e-02 8.026394e-02 8.518239e-02
5.900000e+00 5.938820e-02 8.024929e-02 8.531606e-02
6.000000e+00 6.098390e-02 8.023383e-02 8.544457e-02
6.100000e+00 6.259490e-02 8.021756e-02 8.557406e-02
6.200000e+00 6.414630e-02 8.020050e-02 8.569769e-02
6.300000e+00 6.568610e-02 8.018267e-02 8.581984e-02
6.400000e+00 6.719290e-02 8.016407e-02 8.593853e-02
6.500000e+00 6.866690e-02 8.014473e-02 8.605377e-02
6.600000e+00 7.012910e-02 8.012465e-02 8.616750e-02
6.700000e+00 7.154210e-02 8.010385e-02 8.627623e-02
6.800000e+00 7.296000e-02 8.008235e-02 8.638500e-02
6.900000e+00 7.431650e-02 8.006015e-02 8.648761e-02
7.000000e+00 7.569060e-02 8.003729e-02 8.659144e-02
7.100000e+00 7.699470e-02 8.001376e-02 8.668829e-02
7.200000e+00 7.832570e-02 7.998958e-02 8.678725e-02
7.300000e+00 7.958700e-02 7.996477e-02 8.687922e-02
7.400000e+00 8.086980e-02 7.993933e-02 8.697281e-02
7.500000e+00 8.209060e-02 7.991330e-02 8.706012e-02
7.600000e+00 8.332730e-02 7.988666e-02 8.714852e-02
7.700000e+00 8.450860e-02 7.985945e-02 8.723125e-02
7.800000e+00 8.570240e-02 7.983168e-02 8.731476e-02
7.900000e+00 8.684510e-02 7.980335e-02 8.739301e-02
8.000000e+00 8.799890e-02 7.977448e-02 8.747191e-02
8.100000e+00 8.910410e-02 7.974508e-02 8.754577e-02
8.200000e+00 9.022050e-02 7.971516e-02 8.762031e-02
8.300000e+00 9.128930e-02 7.968475e-02 8.768989e-02
8.400000e+00 9.237080e-02 7.965384e-02 8.776033e-02
8.500000e+00 9.340410e-02 7.962245e-02 8.782573e-02
8.600000e+00 9.445300e-02 7.959059e-02 8.789228e-02
8.700000e+00 9.545930e-02 7.955828e-02 8.795434e-02
8.800000e+00 9.650050e-02 7.952552e-02 8.801944e-02
8.900000e+00 9.749120e-02 7.949233e-02 8.807928e-02
9.000000e+00 9.849990e-02 7.945871e-02 8.814054e-02
9.100000e+00 9.946310e-02 7.942469e-02 8.819704e-02
9.200000e+00 1.004378e-01 7.939026e-02 8.825433e-02
9.300000e+00 1.013754e-01 7.935545e-02 8.830767e-02
9.400000e+00 1.023170e-01 7.932025e-02 8.836110e-02
9.500000e+00 1.032304e-01 7.928469e-02 8.841144e-02
9.600000e+00 1.041402e-01 7.924877e-02 8.846112e-02
9.700000e+00 1.050307e-01 7.921249e-02 8.850862e-02
9.800000e+00 1.059095e-01 7.917588e-02 8.855466e-02
9.900000e+00 1.067786e-01 7.913893e-02 8.859946e-02
1.000000e+01 1.076275e-01 7.910167e-02 8.864198e-02
1.010000e+01 1.084762e-01 7.906409e-02 8.868421e-02
1.020000e+01 1.092961e-01 7.902620e-02 8.872331e-02
1.030000e+01 1.101255e-01 7.898802e-02 8.876311e-02
1.040000e+01 1.109194e-01 7.894955e-02 8.879909e-02
1.050000e+01 1.117286e-01 7.891080e-02 8.883637e-02
1.060000e+01 1.125057e-01 7.887178e-02 8.887019e-02
1.070000e+01 1.132873e-01 7.883250e-02 8.890422e-02
1.080000e+01 1.140484e-01 7.879297e-02 8.893597e-02
1.090000e+01 1.148032e-01 7.875318e-02 8.896686e-02
1.100000e+01 1.155492e-01 7.871315e-02 8.899664e-02
1.110000e+01 1.162780e-01 7.867290e-02 8.902449e-02
1.120000e+01 1.170096e-01 7.863241e-02 8.905240e-02
1.130000e+01 1.177133e-01 7.859171e-02 8.907728e-02
1.140000e+01 1.184312e-01 7.855079e-02 8.910341e-02
1.150000e+01 1.191206e-01 7.850966e-02 8.912646e-02
1.160000e+01 1.198153e-01 7.846834e-02 8.914986e-02
1.170000e+01 1.205055e-01 7.842682e-02 8.917262e-02
1.180000e+01 1.211912e-01 7.838512e-02 8.919474e-02
1.190000e+01 1.218717e-01 7.834323e-02 8.921616e-02
1.200000e+01 1.225335e-01 7.830117e-02 8.923551e-02
1.210000e+01 1.232024e-01 7.825894e-02 8.925542e-02
1.220000e+01 1.238461e-01 7.821655e-02 8.927261e-02
1.230000e+01 1.244988e-01 7.817399e-02 8.929056e-02
1.240000e+01 1.251322e-01 7.813129e-02 8.930639e-02
1.250000e+01 1.257620e-01 7.808844e-02 8.932171e-02
1.260000e+01 1.263856e-01 7.804544e-02 8.933625e-02
1.270000e+01 1.269932e-01 7.800231e-02 8.934903e-02
1.280000e+01 1.276073e-01 7.795905e-02 8.936233e-02
1.290000e+01 1.281991e-01 7.791566e-02 8.937323e-02
1.300000e+01 1.287983e-01 7.787215e-02 8.938476e-02
1.310000e+01 1.293817e-01 7.782853e-02 8.939454e-02
1.320000e+01 1.299597e-01 7.778479e-02 8.940366e-02
1.330000e+01 1.305350e-01 7.774094e-02 8.941239e-02
1.340000e+01 1.310924e-01 7.769699e-02 8.941916e-02
1.350000e+01 1.316598e-01 7.765294e-02 8.942687e-02
1.360000e+01 1.322074e-01 7.760880e-02 8.943243e-02
1.370000e+01 1.327571e-01 7.756456e-02 8.943811e-02
1.380000e+01 1.332976e-01 7.752024e-02 8.944275e-02
1.390000e+01 1.338276e-01 7.747584e-02 8.944621e-02
1.400000e+01 1.343613e-01 7.743136e-02 8.944997e-02
1.410000e+01 1.348768e-01 7.738680e-02 8.945177e-02
1.420000e+01 1.353993e-01 7.734217e-02 8.945420e-02
1.430000e+01 1.359087e-01 7.729747e-02 8.945521e-02
1.440000e+01 1.364122e-01 7.725270e-02 8.945553e-02
1.450000e+01 1.369157e-01 7.720788e-02 8.945578e-02
1.460000e+01 1.374023e-01 7.716300e-02 8.945421e-02
1.470000e+01 1.378986e-01 7.711806e-02 8.945358e-02
1.480000e+01 1.383825e-01 7.707307e-02 8.945161e-02
1.490000e+01 1.388713e-01 7.702803e-02 8.945008e-02
1.500000e+01 1.393581e-01 7.698295e-02 8.944829e-02
1.510000e+01 1.398289e-01 7.693782e-02 8.944479e-02
1.520000e+01 1.403102e-01 7.689266e-02 8.944233e-02
1.530000e+01 1.407761e-01 7.684745e-02 8.943822e-02
1.540000e+01 1.412396e-01 7.680222e-02 8.943382e-02
1.550000e+01 1.417006e-01 7.675695e-02 8.942912e-02
1.560000e+01 1.421469e-01 7.671166e-02 8.942284e-02
1.570000e+01 1.426031e-01 7.666634e-02 8.941757e-02
1.580000e+01 1.430450e-01 7.662101e-02 8.941077e-02
1.590000e+01 1.434842e-01 7.657565e-02 8.940366e-02
1.600000e+01 1.439217e-01 7.653027e-02 8.939635e-02
1.610000e+01 1.443455e-01 7.648488e-02 8.938757e-02
1.620000e+01 1.447777e-01 7.643948e-02 8.937966e-02
1.630000e+01 1.451975e-01 7.639407e-02 8.937044e-02
1.640000e+01 1.456133e-01 7.634866e-02 8.936077e-02
1.650000e+01 1.460293e-01 7.630323e-02 8.935112e-02
1.660000e+01 1.464324e-01 7.625781e-02 8.934010e-02
1.670000e+01 1.468414e-01 7.621239e-02 8.932969e-02
1.680000e+01 1.472411e-01 7.616696e-02 8.931829e-02
1.690000e+01 1.476343e-01 7.612154e-02 8.930620e-02
1.700000e+01 1.480306e-01 7.607613e-02 8.929444e-02
1.710000e+01 1.484147e-01 7.603072e-02 8.928139e-02
1.720000e+01 1.488013e-01 7.598533e-02 8.926862e-02
1.730000e+01 1.491824e-01 7.593995e-02 8.925526e-02
1.740000e+01 1.495538e-01 7.589458e-02 8.924089e-02
1.750000e+01 1.499318e-01 7.584922e-02 8.922722e-02
1.760000e+01 1.502984e-01 7.580389e-02 8.921236e-02
1.770000e+01 1.506635e-01 7.575857e-02 8.919735e-02
1.780000e+01 1.510272e-01 7.571327e-02 8.918222e-02
1.790000e+01 1.513800e-01 7.566800e-02 8.916594e-02
1.800000e+01 1.517388e-01 7.562275e-02 8.915031e-02
1.810000e+01 1.520941e-01 7.557753e-02 8.913433e-02
1.820000e+01 1.524466e-01 7.553233e-02 8.911807e-02
1.830000e+01 1.528024e-01 7.548716e-02 8.910220e-02
1.840000e+01 1.531478e-01 7.544203e-02 8.908523e-02
1.850000e+01 1.534938e-01 7.539692e-02 8.906837e-02
1.860000e+01 1.538367e-01 7.535185e-02 8.905119e-02
1.870000e+01 1.541695e-01 7.530681e-02 8.903297e-02
1.880000e+01 1.545091e-01 7.526181e-02 8.901551e-02
1.890000e+01 1.548396e-01 7.521684e-02 8.899712e-02
1.900000e+01 1.551653e-01 7.517191e-02 8.897825e-02
1.910000e+01 1.554935e-01 7.512702e-02 8.895968e-02
1.920000e+01 1.558122e-01 7.508218e-02 8.894013e-02
1.930000e+01 1.561316e-01 7.503737e-02 8.892071e-02
1.940000e+01 1.564482e-01 7.499261e-02 8.890101e-02
1.950000e+01 1.567555e-01 7.494789e-02 8.888038e-02
1.960000e+01 1.570688e-01 7.490322e-02 8.886042e-02
1.970000e+01 1.573742e-01 7.485860e-02 8.883967e-02
1.980000e+01 1.576742e-01 7.481403e-02 8.881839e-02
1.990000e+01 1.579777e-01 7.476950e-02 8.879753e-02
2.000000e+01 1.582724e-01 7.472503e-02 8.877579e-02
2.010000e+01 1.585664e-01 7.468061e-02 8.875401e-02
2.020000e+01 1.588594e-01 7.463624e-02 8.873218e-02
2.030000e+01 1.591439e-01 7.459192e-02 8.870949e-02
2.040000e+01 1.594319e-01 7.454766e-02 8.868724e-02
2.050000e+01 1.597149e-01 7.450345e-02 8.866449e-02
2.060000e+01 1.599903e-01 7.445930e-02 8.864100e-02
2.070000e+01 1.602716e-01 7.441521e-02 8.861819e-02
2.080000e+01 1.605449e-01 7.437118e-02 8.859458e-02
2.090000e+01 1.608145e-01 7.432720e-02 8.857064e-02
2.100000e+01 1.610863e-01 7.428328e-02 8.854699e-02
2.110000e+01 1.613502e-01 7.423943e-02 8.852256e-02
2.120000e+01 1.616142e-01 7.419563e-02 8.849819e-02
2.130000e+01 1.618770e-01 7.415190e-02 8.847377e-02
2.140000e+01 1.621388e-01 7.410823e-02 8.844928e-02
2.150000e+01 1.624037e-01 7.406462e-02 8.842519e-02
2.160000e+01 1.626641e-01 7.402107e-02 8.840069e-02
2.170000e+01 1.629170e-01 7.397759e-02 8.837546e-02
2.180000e+01 1.631760e-01 7.393418e-02 8.835093e-02
2.190000e+01 1.634278e-01 7.389083e-02 8.832570e-02
2.200000e+01 1.636749e-01 7.384754e-02 8.830005e-02
2.210000e+01 1.639254e-01 7.380433e-02 8.827481e-02
2.220000e+01 1.641688e-01 7.376118e-02 8.824889e-02
2.230000e+01 1.644103e-01 7.371809e-02 8.822284e-02
2.240000e+01 1.646526e-01 7.367508e-02 8.819693e-02
2.250000e+01 1.648879e-01 7.363214e-02 8.817036e-02
2.260000e+01 1.651237e-01 7.358926e-02 8.814392e-02
2.270000e+01 1.653581e-01 7.354646e-02 8.811738e-02
2.280000e+01 1.655856e-01 7.350373e-02 8.809019e-02
2.290000e+01 1.658159e-01 7.346106e-02 8.806337e-02
2.300000e+01 1.660425e-01 7.341847e-02 8.803623e-02
2.310000e+01 1.662626e-01 7.337596e-02 8.800848e-02
2.320000e+01 1.664874e-01 7.333351e-02 8.798129e-02
2.330000e+01 1.667066e-01 7.329114e-02 8.795359e-02
2.340000e+01 1.669204e-01 7.324885e-02 8.792539e-02
2.350000e+01 1.671388e-01 7.320663e-02 8.789775e-02
2.360000e+01 1.673509e-01 7.316448e-02 8.786953e-02
2.370000e+01 1.675593e-01 7.312241e-02 8.784099e-02
2.380000e+01 1.677707e-01 7.308042e-02 8.781285e-02
2.390000e+01 1.679760e-01 7.303850e-02 8.778413e-02
2.400000e+01 1.681791e-01 7.299666e-02 8.775527e-02
2.410000e+01 1.683838e-01 7.295490e-02 8.772664e-02
2.420000e+01 1.685824e-01 7.291321e-02 8.769746e-02
2.430000e+01 1.687803e-01 7.287160e-02 8.766828e-02
2.440000e+01 1.689784e-01 7.283007e-02 8.763920e-02
2.450000e+01 1.691713e-01 7.278862e-02 8.760966e-02
2.460000e+01 1.693698e-01 7.274725e-02 8.758078e-02
2.470000e+01 1.695672e-01 7.270595e-02 8.755188e-02
2.480000e+01 1.697589e-01 7.266474e-02 8.752245e-02
2.490000e+01 1.699520e-01 7.262360e-02 8.749326e-02
2.500000e+01 1.701432e-01 7.258255e-02 8.746394e-02
2.510000e+01 1.703287e-01 7.254157e-02 8.743412e-02
2.520000e+01 1.705167e-01 7.250068e-02 8.740463e-02
2.530000e+01 1.707017e-01 7.245987e-02 8.737492e-02
2.540000e+01 1.708814e-01 7.241914e-02 8.734472e-02
2.550000e+01 1.710641e-01 7.237849e-02 8.731494e-02
2.560000e+01 1.712433e-01 7.233792e-02 8.728487e-02
2.570000e+01 1.714172e-01 7.229743e-02 8.725433e-02
2.580000e+01 1.715948e-01 7.225703e-02 8.722426e-02
2.590000e+01 1.717684e-01 7.221670e-02 8.719385e-02
2.600000e+01 1.719367e-01 7.217646e-02 8.716298e-02
2.610000e+01 1.721093e-01 7.213630e-02 8.713264e-02
2.620000e+01 1.722773e-01 7.209623e-02 8.710191e-02
2.630000e+01 1.724403e-01 7.205624e-02 8.707074e-02
2.640000e+01 1.726078e-01 7.201633e-02 8.704014e-02
2.650000e+01 1.727706e-01 7.197650e-02 8.700911e-02
2.660000e+01 1.729285e-01 7.193675e-02 8.697768e-02
2.670000e+01 1.730909e-01 7.189709e-02 8.694679e-02
2.680000e+01 1.732485e-01 7.185751e-02 8.691549e-02
2.690000e+01 1.734017e-01 7.181802e-02 8.688382e-02
2.700000e+01 1.735590e-01 7.177861e-02 8.685267e-02
2.710000e+01 1.737116e-01 7.173928e-02 8.682111e-02
2.720000e+01 1.738599e-01 7.170004e-02 8.678920e-02
2.730000e+01 1.740123e-01 7.166088e-02 8.675780e-02
2.740000e+01 1.741601e-01 7.162180e-02 8.672601e-02
2.750000e+01 1.743037e-01 7.158281e-02 8.669388e-02
2.760000e+01 1.744516e-01 7.154391e-02 8.666229e-02
2.770000e+01 1.745997e-01 7.150509e-02 8.663081e-02
2.780000e+01 1.747437e-01 7.146636e-02 8.659898e-02
2.790000e+01 1.748916e-01 7.142771e-02 8.656766e-02
2.800000e+01 1.750351e-01 7.138914e-02 8.653597e-02
2.810000e+01 1.751743e-01 7.135066e-02 8.650393e-02
2.820000e+01 1.753176e-01 7.131227e-02 8.647240e-02
2.830000e+01 1.754566e-01 7.127396e-02 8.644051e-02
2.840000e+01 1.755913e-01 7.123573e-02 8.640827e-02
2.850000e+01 1.757300e-01 7.119759e-02 8.637654e-02
2.860000e+01 1.758646e-01 7.115954e-02 8.634447e-02
2.870000e+01 1.759951e-01 7.112156e-02 8.631206e-02
2.880000e+01 1.761291e-01 7.108368e-02 8.628012e-02
2.890000e+01 1.762595e-01 7.104588e-02 8.624789e-02
2.900000e+01 1.763858e-01 7.100816e-02 8.621532e-02
2.910000e+01 1.765152e-01 7.097053e-02 8.618317e-02
2.920000e+01 1.766415e-01 7.093298e-02 8.615079e-02
2.930000e+01 1.767638e-01 7.089552e-02 8.611808e-02
2.940000e+01 1.768887e-01 7.085815e-02 8.608574e-02
2.950000e+01 1.770110e-01 7.082085e-02 8.605322e-02
2.960000e+01 1.771293e-01 7.078365e-02 8.602038e-02
2.970000e+01 1.772497e-01 7.074652e-02 8.598785e-02
2.980000e+01 1.773682e-01 7.070948e-02 8.595520e-02
2.990000e+01 1.774828e-01 7.067253e-02 8.592225e-02
3.000000e+01 1.775987e-01 7.063566e-02 8.588953e-02
3.010000e+01 1.777134e-01 7.059887e-02 8.585677e-02
3.020000e+01 1.778243e-01 7.056217e-02 8.582372e-02
3.030000e+01 1.779359e-01 7.052555e-02 8.579082e-02
3.040000e+01 1.780470e-01 7.048902e-02 8.575797e-02
3.050000e+01 1.781544e-01 7.045257e-02 8.572482e-02
3.060000e+01 1.782616e-01 7.041621e-02 8.569175e-02
3.070000e+01 1.783729e-01 7.037992e-02 8.565920e-02
3.080000e+01 1.784813e-01 7.034373e-02 8.562644e-02
3.090000e+01 1.785886e-01 7.030761e-02 8.559367e-02
3.100000e+01 1.786971e-01 7.027158e-02 8.556110e-02
3.110000e+01 1.788020e-01 7.023564e-02 8.552826e-02
3.120000e+01 1.789051e-01 7.019977e-02 8.549532e-02
3.130000e+01 1.790102e-01 7.016400e-02 8.546269e-02
3.140000e+01 1.791118e-01 7.012830e-02 8.542978e-02
3.150000e+01 1.792106e-01 7.009269e-02 8.539668e-02
3.160000e+01 1.793123e-01 7.005716e-02 8.536398e-02
3.170000e+01 1.794107e-01 7.002172e-02 8.533102e-02
3.180000e+01 1.795057e-01 6.998636e-02 8.529780e-02
3.190000e+01 1.796038e-01 6.995108e-02 8.526500e-02
3.200000e+01 1.796990e-01 6.991589e-02 8.523200e-02
3.210000e+01 1.797909e-01 6.988078e-02 8.519874e-02
3.220000e+01 1.798849e-01 6.984575e-02 8.516579e-02
3.230000e+01 1.799770e-01 6.981081e-02 8.513275e-02
3.240000e+01 1.800659e-01 6.977595e-02 8.509946e-02
3.250000e+01 1.801558e-01 6.974117e-02 8.506637e-02
3.260000e+01 1.802450e-01 6.970647e-02 8.503329e-02
3.270000e+01 1.803310e-01 6.967186e-02 8.499999e-02
3.280000e+01 1.804167e-01 6.963732e-02 8.496675e-02
3.290000e+01 1.805030e-01 6.960287e-02 8.493366e-02
3.300000e+01 1.805862e-01 6.956851e-02 8.490034e-02
3.310000e+01 1.806680e-01 6.953422e-02 8.486696e-02
3.320000e+01 1.807515e-01 6.950002e-02 8.483386e-02
3.330000e+01 1.808319e-01 6.946589e-02 8.480053e-02
3.340000e+01 1.809097e-01 6.943185e-02 8.476703e-02
3.350000e+01 1.809905e-01 6.939789e-02 8.473392e-02
3.360000e+01 1.810698e-01 6.936401e-02 8.470076e-02
3.370000e+01 1.811486e-01 6.933022e-02 8.466764e-02
3.380000e+01 1.812298e-01 6.929650e-02 8.463486e-02
3.390000e+01 1.813089e-01 6.926286e-02 8.460196e-02
3.400000e+01 1.813852e-01 6.922931e-02 8.456885e-02
3.410000e+01 1.814624e-01 6.919584e-02 8.453593e-02
3.420000e+01 1.815389e-01 6.916244e-02 8.450303e-02
3.430000e+01 1.816127e-01 6.912913e-02 8.446994e-02
3.440000e+01 1.816859e-01 6.909589e-02 8.443689e-02
3.450000e+01 1.817600e-01 6.906274e-02 8.440401e-02
3.460000e+01 1.818312e-01 6.902966e-02 8.437093e-02
3.470000e+01 1.819006e-01 6.899667e-02 8.433776e-02
3.480000e+01 1.819723e-01 6.896375e-02 8.430490e-02
3.490000e+01 1.820411e-01 6.893091e-02 8.427185e-02
3.500000e+01 1.821072e-01 6.889815e-02 8.423861e-02
3.510000e+01 1.821759e-01 6.886547e-02 8.420573e-02
3.520000e+01 1.822425e-01 6.883287e-02 8.417271e-02
3.530000e+01 1.823063e-01 6.880034e-02 8.413951e-02
3.540000e+01 1.823712e-01 6.876790e-02 8.410650e-02
3.550000e+01 1.824355e-01 6.873553e-02 8.407352e-02
3.560000e+01 1.824971e-01 6.870324e-02 8.404036e-02
3.570000e+01 1.825583e-01 6.867102e-02 8.400724e-02
3.580000e+01 1.826203e-01 6.863889e-02 8.397430e-02
3.590000e+01 1.826798e-01 6.860683e-02 8.394119e-02
3.600000e+01 1.827373e-01 6.857485e-02 8.390796e-02
3.610000e+01 1.827972e-01 6.854294e-02 8.387507e-02
3.620000e+01 1.828546e-01 6.851111e-02 8.384201e-02
3.630000e+01 1.829095e-01 6.847936e-02 8.380878e-02
3.640000e+01 1.829663e-01 6.844769e-02 8.377584e-02
3.650000e+01 1.830237e-01 6.841609e-02 8.374305e-02
3.660000e+01 1.830802e-01 6.838457e-02 8.371026e-02
3.670000e+01 1.831370e-01 6.835312e-02 8.367758e-02
3.680000e+01 1.831940e-01 6.832175e-02 8.364501e-02
3.690000e+01 1.832485e-01 6.829045e-02 8.361228e-02
3.700000e+01 1.833017e-01 6.825923e-02 8.357950e-02
3.710000e+01 1.833567e-01 6.822808e-02 8.354698e-02
3.720000e+01 1.834093e-01 6.819701e-02 8.351431e-02
3.730000e+01 1.834595e-01 6.816601e-02 8.348148e-02
3.740000e+01 1.835119e-01 6.813509e-02 8.344897e-02
3.750000e+01 1.835626e-01 6.810424e-02 8.341636e-02
3.760000e+01 1.836110e-01 6.807346e-02 8.338360e-02
3.770000e+01 1.836598e-01 6.804275e-02 8.335098e-02
3.780000e+01 1.837087e-01 6.801212e-02 8.331844e-02
3.790000e+01 1.837552e-01 6.798156e-02 8.328576e-02
3.800000e+01 1.838005e-01 6.795108e-02 8.325303e-02
3.810000e+01 1.838476e-01 6.792066e-02 8.322056e-02
3.820000e+01 1.838924e-01 6.789032e-02 8.318795e-02
3.830000e+01 1.839350e-01 6.786005e-02 8.315519e-02
3.840000e+01 1.839795e-01 6.782985e-02 8.312273e-02
3.850000e+01 1.840226e-01 6.779972e-02 8.309019e-02
3.860000e+01 1.840635e-01 6.776966e-02 8.305752e-02
3.870000e+01 1.841046e-01 6.773967e-02 8.302495e-02
3.880000e+01 1.841460e-01 6.770976e-02 8.299249e-02
3.890000e+01 1.841853e-01 6.767991e-02 8.295990e-02
3.900000e+01 1.842229e-01 6.765013e-02 8.292723e-02
3.910000e+01 1.842627e-01 6.762042e-02 8.289486e-02
3.920000e+01 1.843004e-01 6.759079e-02 8.286235e-02
3.930000e+01 1.843370e-01 6.756122e-02 8.282982e-02
3.940000e+01 1.843773e-01 6.753172e-02 8.279774e-02
3.950000e+01 1.844168e-01 6.750228e-02 8.276566e-02
3.960000e+01 1.844542e-01 6.747292e-02 8.273345e-02
3.970000e+01 1.844910e-01 6.744362e-02 8.270126e-02
3.980000e+01 1.845289e-01 6.741440e-02 8.266927e-02
3.990000e+01 1.845648e-01 6.738523e-02 8.263714e-02
4.000000e+01 1.845987e-01 6.735614e-02 8.260490e-02
4.010000e+01 1.846347e-01 6.732712e-02 8.257295e-02
4.020000e+01 1.846692e-01 6.729816e-02 8.254092e-02
4.030000e+01 1.847016e-01 6.726926e-02 8.250876e-02
4.040000e+01 1.847343e-01 6.724044e-02 8.247672e-02
4.050000e+01 1.847673e-01 6.721168e-02 8.244478e-02
4.060000e+01 1.847983e-01 6.718298e-02 8.241271e-02
4.070000e+01 1.848278e-01 6.715435e-02 8.238057e-02
4.080000e+01 1.848594e-01 6.712579e-02 8.234872e-02
4.090000e+01 1.848891e-01 6.709729e-02 8.231676e-02
4.100000e+01 1.849169e-01 6.706886e-02 8.228468e-02
4.110000e+01 1.849455e-01 6.704049e-02 8.225277e-02
4.120000e+01 1.849739e-01 6.701218e-02 8.222090e-02
4.130000e+01 1.850004e-01 6.698394e-02 8.218893e-02
4.140000e+01 1.850258e-01 6.695576e-02 8.215692e-02
4.150000e+01 1.850529e-01 6.692765e-02 8.212515e-02
4.160000e+01 1.850782e-01 6.689960e-02 8.209327e-02
4.170000e+01 1.851016e-01 6.687161e-02 8.206129e-02
4.180000e+01 1.851263e-01 6.684368e-02 8.202950e-02
4.190000e+01 1.851504e-01 6.681582e-02 8.199773e-02
4.200000e+01 1.851726e-01 6.678802e-02 8.196585e-02
4.210000e+01 1.851956e-01 6.676028e-02 8.193412e-02
4.220000e+01 1.852216e-01 6.673260e-02 8.190276e-02
4.230000e+01 1.852457e-01 6.670498e-02 8.187129e-02
4.240000e+01 1.852681e-01 6.667742e-02 8.183971e-02
4.250000e+01 1.852919e-01 6.664992e-02 8.180835e-02
4.260000e+01 1.853149e-01 6.662249e-02 8.177698e-02
4.270000e+01 1.853361e-01 6.659511e-02 8.174551e-02
4.280000e+01 1.853568e-01 6.656779e-02 8.171404e-02
4.290000e+01 1.853786e-01 6.654054e-02 8.168278e-02
4.300000e+01 1.853988e-01 6.651334e-02 8.165141e-02
4.310000e+01 1.854172e-01 6.648620e-02 8.161994e-02
4.320000e+01 1.854370e-01 6.645911e-02 8.158867e-02
4.330000e+01 1.854561e-01 6.643209e-02 8.155741e-02
4.340000e+01 1.854735e-01 6.640512e-02 8.152604e-02
4.350000e+01 1.854902e-01 6.637822e-02 8.149468e-02
4.360000e+01 1.855082e-01 6.635137e-02 8.146351e-02
4.370000e+01 1.855245e-01 6.632457e-02 8.143225e-02
4.380000e+01 1.855393e-01 6.629783e-02 8.140090e-02
4.390000e+01 1.855552e-01 6.627115e-02 8.136973e-02
4.400000e+01 1.855706e-01 6.624452e-02 8.133857e-02
4.410000e+01 1.855843e-01 6.621795e-02 8.130732e-02
4.420000e+01 1.855972e-01 6.619144e-02 8.127604e-02
4.430000e+01 1.856116e-01 6.616498e-02 8.124499e-02
4.440000e+01 1.856244e-01 6.613857e-02 8.121385e-02
4.450000e+01 1.856357e-01 6.611222e-02 8.118261e-02
4.460000e+01 1.856477e-01 6.608592e-02 8.115152e-02
4.470000e+01 1.856597e-01 6.605968e-02 8.112048e-02
4.480000e+01 1.856703e-01 6.603349e-02 8.108938e-02
4.490000e+01 1.856822e-01 6.600735e-02 8.105846e-02
4.500000e+01 1.856961e-01 6.598126e-02 8.102781e-02
4.510000e+01 1.857084e-01 6.595523e-02 8.099707e-02
4.520000e+01 1.857192e-01 6.592925e-02 8.096624e-02
4.530000e+01 1.857303e-01 6.590332e-02 8.093549e-02
4.540000e+01 1.857417e-01 6.587744e-02 8.090485e-02
4.550000e+01 1.857517e-01 6.585161e-02 8.087412e-02
4.560000e+01 1.857601e-01 6.582584e-02 8.084330e-02
4.570000e+01 1.857703e-01 6.580011e-02 8.081272e-02
4.580000e+01 1.857794e-01 6.577444e-02 8.078209e-02
4.590000e+01 1.857871e-01 6.574881e-02 8.075137e-02
4.600000e+01 1.857943e-01 6.572323e-02 8.072068e-02
4.610000e+01 1.858026e-01 6.569771e-02 8.069015e-02
4.620000e+01 1.858095e-01 6.567223e-02 8.065954e-02
4.630000e+01 1.858149e-01 6.564680e-02 8.062884e-02
4.640000e+01 1.858213e-01 6.562142e-02 8.059830e-02
4.650000e+01 1.858274e-01 6.559609e-02 8.056779e-02
4.660000e+01 1.858321e-01 6.557080e-02 8.053719e-02
4.670000e+01 1.858355e-01 6.554556e-02 8.050653e-02
4.680000e+01 1.858408e-01 6.552037e-02 8.047612e-02
4.690000e+01 1.858448e-01 6.549523e-02 8.044563e-02
4.700000e+01 1.858474e-01 6.547013e-02 8.041506e-02
4.710000e+01 1.858500e-01 6.544507e-02 8.038454e-02
4.720000e+01 1.858533e-01 6.542006e-02 8.035414e-02
4.730000e+01 1.858552e-01 6.539510e-02 8.032367e-02
4.740000e+01 1.858557e-01 6.537018e-02 8.029312e-02
4.750000e+01 1.858576e-01 6.534531e-02 8.026274e-02
4.760000e+01 1.858615e-01 6.532048e-02 8.023263e-02
4.770000e+01 1.858640e-01 6.529569e-02 8.020244e-02
4.780000e+01 1.858655e-01 6.527095e-02 8.017219e-02
4.790000e+01 1.858688e-01 6.524624e-02 8.014217e-02
4.800000e+01 1.858707e-01 6.522159e-02 8.011207e-02
4.810000e+01 1.858713e-01 6.519697e-02 8.008190e-02
4.820000e+01 1.858719e-01 6.517239e-02 8.005177e-02
4.830000e+01 1.858732e-01 6.514786e-02 8.002177e-02
4.840000e+01 1.858732e-01 6.512337e-02 7.999168e-02
4.850000e+01 1.858720e-01 6.509892e-02 7.996152e-02
4.860000e+01 1.858717e-01 6.507451e-02 7.993151e-02
4.870000e+01 1.858711e-01 6.505014e-02 7.990152e-02
4.880000e+01 1.858693e-01 6.502580e-02 7.987145e-02
4.890000e+01 1.858662e-01 6.500151e-02 7.984131e-02
4.900000e+01 1.858650e-01 6.497726e-02 7.981140e-02
4.910000e+01 1.858626e-01 6.495304e-02 7.978143e-02
4.920000e+01 1.858590e-01 6.492887e-02 7.975138e-02
4.930000e+01 1.858550e-01 6.490473e-02 7.972133e-02
4.940000e+01 1.858521e-01 6.488063e-02 7.969145e-02
4.950000e+01 1.858479e-01 6.485656e-02 7.966148e-02
4.960000e+01 1.858426e-01 6.483253e-02 7.963145e-02
4.970000e+01 1.858377e-01 6.480854e-02 7.960150e-02
4.980000e+01 1.858331e-01 6.478459e-02 7.957163e-02
4.990000e+01 1.858273e-01 6.476066e-02 7.954168e-02
5.000000e+01 1.858203e-01 6.473678e-02 7.951166e-02
5.010000e+01 1.858146e-01 6.471293e-02 7.948181e-02
5.020000e+01 1.858089e-01 6.468911e-02 7.945201e-02
5.030000e+01 1.858040e-01 6.466533e-02 7.942232e-02
5.040000e+01 1.857979e-01 6.464159e-02 7.939256e-02
5.050000e+01 1.857937e-01 6.461787e-02 7.936302e-02
5.060000e+01 1.857883e-01 6.459419e-02 7.933341e-02
5.070000e+01 1.857818e-01 6.457054e-02 7.930373e-02
5.080000e+01 1.857748e-01 6.454693e-02 7.927405e-02
5.090000e+01 1.857690e-01 6.452334e-02 7.924452e-02
5.100000e+01 1.857620e-01 6.449979e-02 7.921492e-02
5.110000e+01 1.857540e-01 6.447627e-02 7.918525e-02
5.120000e+01 1.857461e-01 6.445278e-02 7.915563e-02
5.130000e+01 1.857388e-01 6.442932e-02 7.912611e-02
5.140000e+01 1.857303e-01 6.440590e-02 7.909652e-02
5.150000e+01 1.857208e-01 6.438250e-02 7.906686e-02
5.160000e+01 1.857120e-01 6.435913e-02 7.903730e-02
5.170000e+01 1.857032e-01 6.433579e-02 7.900779e-02
5.180000e+01 1.856933e-01 6.431248e-02 7.897820e-02
5.190000e+01 1.856823e-01 6.428920e-02 7.894855e-02
5.200000e+01 1.856726e-01 6.426594e-02 7.891905e-02
5.210000e+01 1.856624e-01 6.424272e-02 7.888954e-02
5.220000e+01 1.856511e-01 6.421952e-02 7.885996e-02
5.230000e+01 1.856388e-01 6.419635e-02 7.883031e-02
5.240000e+01 1.856282e-01 6.417320e-02 7.880086e-02
5.250000e+01 1.856166e-01 6.415008e-02 7.877135e-02
5.260000e+01 1.856040e-01 6.412699e-02 7.874177e-02
5.270000e+01 1.855906e-01 6.410392e-02 7.871216e-02
5.280000e+01 1.855787e-01 6.408088e-02 7.868272e-02
5.290000e+01 1.855675e-01 6.405786e-02 7.865337e-02
5.300000e+01 1.855560e-01 6.403487e-02 7.862402e-02
5.310000e+01 1.855440e-01 6.401190e-02 7.859466e-02
5.320000e+01 1.855331e-01 6.398895e-02 7.856544e-02
5.330000e+01 1.855213e-01 6.396603e-02 7.853615e-02
5.340000e+01 1.855084e-01 6.394313e-02 7.850680e-02
5.350000e+01 1.854954e-01 6.392025e-02 7.847746e-02
5.360000e+01 1.854833e-01 6.389740e-02 7.844823e-02
5.370000e+01 1.854702e-01 6.387456e-02 7.841894e-02
5.380000e+01 1.854561e-01 6.385175e-02 7.838958e-02
5.390000e+01 1.854422e-01 6.382896e-02 7.836026e-02
5.400000e+01 1.854288e-01 6.380619e-02 7.833102e-02
5.410000e+01 1.854145e-01 6.378344e-02 7.830171e-02
5.420000e+01 1.853992e-01 6.376071e-02 7.827234e-02
5.430000e+01 1.853844e-01 6.373800e-02 7.824304e-02
5.440000e+01 1.853698e-01 6.371531e-02 7.821379e-02
5.450000e+01 1.853544e-01 6.369264e-02 7.818447e-02
5.460000e+01 1.853380e-01 6.366999e-02 7.815509e-02
5.470000e+01 1.853221e-01 6.364735e-02 7.812579e-02
5.480000e+01 1.853065e-01 6.362473e-02 7.809652e-02
5.490000e+01 1.852899e-01 6.360213e-02 7.806719e-02
5.500000e+01 1.852724e-01 6.357955e-02 7.803780e-02
5.510000e+01 1.852556e-01 6.355698e-02 7.800849e-02
5.520000e+01 1.852388e-01 6.353443e-02 7.797921e-02
5.530000e+01 1.852212e-01 6.351190e-02 7.794987e-02
5.540000e+01 1.852027e-01 6.348938e-02 7.792046e-02
5.550000e+01 1.851859e-01 6.346688e-02 7.789123e-02
5.560000e+01 1.851703e-01 6.344439e-02 7.786214e-02
5.570000e+01 1.851538e-01 6.342191e-02 7.783299e-02
5.580000e+01 1.851365e-01 6.339945e-02 7.780377e-02
5.590000e+01 1.851198e-01 6.337701e-02 7.777463e-02
5.600000e+01 1.851032e-01 6.335457e-02 7.774552e-02
5.610000e+01 1.850858e-01 6.333215e-02 7.771634e-02
5.620000e+01 1.850675e-01 6.330974e-02 7.768710e-02
5.630000e+01 1.850498e-01 6.328735e-02 7.765793e-02
5.640000e+01 1.850322e-01 6.326496e-02 7.762879e-02
5.650000e+01 1.850138e-01 6.324259e-02 7.759959e-02
5.660000e+01 1.849946e-01 6.322023e-02 7.757032e-02
5.670000e+01 1.849759e-01 6.319788e-02 7.754112e-02
5.680000e+01 1.849574e-01 6.317554e-02 7.751195e-02
5.690000e+01 1.849381e-01 6.315321e-02 7.748271e-02
5.700000e+01 1.849179e-01 6.313089e-02 7.745341e-02
5.710000e+01 1.848982e-01 6.310858e-02 7.742417e-02
5.720000e+01 1.848789e-01 6.308628e-02 7.739497e-02
5.730000e+01 1.848587e-01 6.306398e-02 7.736570e-02
5.740000e+01 1.848377e-01 6.304170e-02 7.733637e-02
5.750000e+01 1.848169e-01 6.301942e-02 7.730708e-02
5.760000e+01 1.847967e-01 6.299715e-02 7.727784e-02
5.770000e+01 1.847757e-01 6.297489e-02 7.724854e-02
5.780000e+01 1.847539e-01 6.295263e-02 7.721918e-02
5.790000e+01 1.847321e-01 6.293039e-02 7.718983e-02
5.800000e+01 1.847111e-01 6.290814e-02 7.716056e-02
5.810000e+01 1.846900e-01 6.288591e-02 7.713128e-02
5.820000e+01 1.846695e-01 6.286368e-02 7.710208e-02
5.830000e+01 1.846487e-01 6.284145e-02 7.707286e-02
5.840000e+01 1.846290e-01 6.281923e-02 7.704374e-02
5.850000e+01 1.846084e-01 6.279702e-02 7.701455e-02
5.860000e+01 1.845871e-01 6.277480e-02 7.698530e-02
5.870000e+01 1.845653e-01 6.275259e-02 7.695601e-02
5.880000e+01 1.845448e-01 6.273039e-02 7.692684e-02
5.890000e+01 1.845235e-01 6.270819e-02 7.689760e-02
5.900000e+01 1.845015e-01 6.268599e-02 7.686830e-02
5.910000e+01 1.844787e-01 6.266379e-02 7.683894e-02
5.920000e+01 1.844574e-01 6.264159e-02 7.680971e-02
5.930000e+01 1.844354e-01 6.261940e-02 7.678042e-02
5.940000e+01 1.844126e-01 6.259721e-02 7.675107e-02
5.950000e+01 1.843892e-01 6.257501e-02 7.672166e-02
5.960000e+01 1.843667e-01 6.255282e-02 7.669234e-02
5.970000e+01 1.843441e-01 6.253063e-02 7.666300e-02
5.980000e+01 1.843207e-01 6.250844e-02 7.663360e-02
5.990000e+01 1.842966e-01 6.248625e-02 7.660413e-02
6.000000e+01 1.842731e-01 6.246406e-02 7.657471e-02
6.010000e+01 1.842497e-01 6.244186e-02 7.654532e-02
6.020000e+01 1.842257e-01 6.241967e-02 7.651586e-02
6.030000e+01 1.842010e-01 6.239747e-02 7.648633e-02
6.040000e+01 1.841764e-01 6.237527e-02 7.645681e-02
6.050000e+01 1.841525e-01 6.235307e-02 7.642736e-02
6.060000e+01 1.841279e-01 6.233087e-02 7.639784e-02
6.070000e+01 1.841034e-01 6.230866e-02 7.636833e-02
6.080000e+01 1.840797e-01 6.228645e-02 7.633888e-02
6.090000e+01 1.840571e-01 6.226423e-02 7.630955e-02
6.100000e+01 1.840338e-01 6.224202e-02 7.628014e-02
6.110000e+01 1.840099e-01 6.221979e-02 7.625067e-02
6.120000e+01 1.839854e-01 6.219756e-02 7.622114e-02
6.130000e+01 1.839619e-01 6.217533e-02 7.619170e-02
6.140000e+01 1.839381e-01 6.215309e-02 7.616223e-02
6.150000e+01 1.839137e-01 6.213085e-02 7.613269e-02
6.160000e+01 1.838886e-01 6.210860e-02 7.610309e-02
6.170000e+01 1.838640e-01 6.208634e-02 7.607353e-02
6.180000e+01 1.838397e-01 6.206408e-02 7.604398e-02
6.190000e+01 1.838147e-01 6.204181e-02 7.601437e-02
6.200000e+01 1.837892e-01 6.201953e-02 7.598470e-02
6.210000e+01 1.837635e-01 6.199725e-02 7.595500e-02
6.220000e+01 1.837387e-01 6.197495e-02 7.592538e-02
6.230000e+01 1.837132e-01 6.195265e-02 7.589570e-02
6.240000e+01 1.836872e-01 6.193034e-02 7.586595e-02
6.250000e+01 1.836605e-01 6.190803e-02 7.583613e-02
6.260000e+01 1.836351e-01 6.188570e-02 7.580642e-02
6.270000e+01 1.836092e-01 6.186336e-02 7.577666e-02
6.280000e+01 1.835828e-01 6.184102e-02 7.574683e-02
6.290000e+01 1.835557e-01 6.181866e-02 7.571694e-02
6.300000e+01 1.835291e-01 6.179630e-02 7.568708e-02
6.310000e+01 1.835029e-01 6.177392e-02 7.565724e-02
6.320000e+01 1.834760e-01 6.175153e-02 7.562733e-02
6.330000e+01 1.834498e-01 6.172913e-02 7.559748e-02
6.340000e+01 1.834239e-01 6.170672e-02 7.556764e-02
6.350000e+01 1.833991e-01 6.168430e-02 7.553789e-02
6.360000e+01 1.833737e-01 6.166187e-02 7.550807e-02
6.370000e+01 1.833478e-01 6.163943e-02 7.547818e-02
6.380000e+01 1.833212e-01 6.161697e-02 7.544823e-02
6.390000e+01 1.832955e-01 6.159450e-02 7.541835e-02
6.400000e+01 1.832698e-01 6.157202e-02 7.538844e-02
6.410000e+01 1.832435e-01 6.154952e-02 7.535847e-02
6.420000e+01 1.832166e-01 6.152701e-02 7.532843e-02
6.430000e+01 1.831897e-01 6.150449e-02 7.529838e-02
6.440000e+01 1.831636e-01 6.148195e-02 7.526838e-02
6.450000e+01 1.831369e-01 6.145940e-02 7.523832e-02
6.460000e+01 1.831097e-01 6.143684e-02 7.520819e-02
6.470000e+01 1.830820e-01 6.141426e-02 7.517799e-02
6.480000e+01 1.830553e-01 6.139166e-02 7.514787e-02
6.490000e+01 1.830283e-01 6.136905e-02 7.511772e-02
6.500000e+01 1.830008e-01 6.134642e-02 7.508750e-02
6.510000e+01 1.829728e-01 6.132378e-02 7.505721e-02
6.520000e+01 1.829448e-01 6.130112e-02 7.502691e-02
6.530000e+01 1.829176e-01 6.127845e-02 7.499666e-02
6.540000e+01 1.828898e-01 6.125576e-02 7.496634e-02
6.550000e+01 1.828616e-01 6.123305e-02 7.493595e-02
6.560000e+01 1.828328e-01 6.121032e-02 7.490550e-02
6.570000e+01 1.828049e-01 6.118758e-02 7.487512e-02
6.580000e+01 1.827770e-01 6.116482e-02 7.484471e-02
6.590000e+01 1.827503e-01 6.114204e-02 7.481439e-02
6.600000e+01 1.827230e-01 6.111925e-02 7.478401e-02
6.610000e+01 1.826957e-01 6.109643e-02 7.475359e-02
6.620000e+01 1.826692e-01 6.107360e-02 7.472323e-02
6.630000e+01 1.826422e-01 6.105075e-02 7.469281e-02
6.640000e+01 1.826147e-01 6.102788e-02 7.466232e-02
6.650000e+01 1.825868e-01 6.100499e-02 7.463176e-02
6.660000e+01 1.825595e-01 6.098208e-02 7.460124e-02
6.670000e+01 1.825323e-01 6.095915e-02 7.457071e-02
6.680000e+01 1.825046e-01 6.093620e-02 7.454012e-02
6.690000e+01 1.824764e-01 6.091324e-02 7.450946e-02
6.700000e+01 1.824479e-01 6.089025e-02 7.447873e-02
6.710000e+01 1.824205e-01 6.086724e-02 7.444810e-02
6.720000e+01 1.823927e-01 6.084421e-02 7.441740e-02
6.730000e+01 1.823643e-01 6.082116e-02 7.438663e-02
6.740000e+01 1.823355e-01 6.079809e-02 7.435579e-02
6.750000e+01 1.823070e-01 6.077500e-02 7.432495e-02
6.760000e+01 1.822789e-01 6.075188e-02 7.429414e-02
6.770000e+01 1.822505e-01 6.072875e-02 7.426326e-02
6.780000e+01 1.822216e-01 6.070559e-02 7.423232e-02
6.790000e+01 1.821922e-01 6.068241e-02 7.420131e-02
6.800000e+01 1.821635e-01 6.065921e-02 7.417034e-02
6.810000e+01 1.821349e-01 6.063598e-02 7.413935e-02
6.820000e+01 1.821059e-01 6.061274e-02 7.410830e-02
6.830000e+01 1.820764e-01 6.058947e-02 7.407717e-02
6.840000e+01 1.820475e-01 6.056618e-02 7.404608e-02
6.850000e+01 1.820204e-01 6.054286e-02 7.401513e-02
6.860000e+01 1.819930e-01 6.051952e-02 7.398411e-02
6.870000e+01 1.819650e-01 6.049616e-02 7.395302e-02
6.880000e+01 1.819367e-01 6.047277e-02 7.392187e-02
6.890000e+01 1.819083e-01 6.044936e-02 7.389069e-02
6.900000e+01 1.818807e-01 6.042593e-02 7.385956e-02
6.910000e+01 1.818527e-01 6.040247e-02 7.382836e-02
6.920000e+01 1.818243e-01 6.037899e-02 7.379709e-02
6.930000e+01 1.817954e-01 6.035548e-02 7.376576e-02
6.940000e+01 1.817669e-01 6.033195e-02 7.373443e-02
6.950000e+01 1.817388e-01 6.030839e-02 7.370311e-02
6.960000e+01 1.817103e-01 6.028481e-02 7.367172e-02
6.970000e+01 1.816814e-01 6.026120e-02 7.364027e-02
6.980000e+01 1.816520e-01 6.023757e-02 7.360875e-02
6.990000e+01 1.816234e-01 6.021391e-02 7.357726e-02
7.000000e+01 1.815948e-01 6.019023e-02 7.354576e-02
7.010000e+01 1.815659e-01 6.016652e-02 7.351419e-02
7.020000e+01 1.815365e-01 6.014279e-02 7.348255e-02
7.030000e+01 1.815067e-01 6.011903e-02 7.345085e-02
7.040000e+01 1.814779e-01 6.009524e-02 7.341920e-02
7.050000e+01 1.814489e-01 6.007143e-02 7.338751e-02
7.060000e+01 1.814195e-01 6.004759e-02 7.335575e-02
7.070000e+01 1.813897e-01 6.002372e-02 7.332393e-02
7.080000e+01 1.813596e-01 5.999983e-02 7.329204e-02
7.090000e+01 1.813309e-01 5.997591e-02 7.326026e-02
7.100000e+01 1.813031e-01 5.995196e-02 7.322852e-02
7.110000e+01 1.812750e-01 5.992799e-02 7.319672e-02
7.120000e+01 1.812464e-01 5.990399e-02 7.316486e-02
7.130000e+01 1.812175e-01 5.987996e-02 7.313293e-02
7.140000e+01 1.811897e-01 5.985591e-02 7.310107e-02
7.150000e+01 1.811616e-01 5.983183e-02 7.306915e-02
7.160000e+01 1.811330e-01 5.980772e-02 7.303716e-02
7.170000e+01 1.811041e-01 5.978358e-02 7.300511e-02
7.180000e+01 1.810749e-01 5.975942e-02 7.297300e-02
7.190000e+01 1.810468e-01 5.973523e-02 7.294095e-02
7.200000e+01 1.810183e-01 5.971101e-02 7.290884e-02
7.210000e+01 1.809894e-01 5.968676e-02 7.287666e-02
7.220000e+01 1.809601e-01 5.966248e-02 7.284442e-02
7.230000e+01 1.809306e-01 5.963818e-02 7.281212e-02
7.240000e+01 1.809022e-01 5.961385e-02 7.277988e-02
7.250000e+01 1.808733e-01 5.958948e-02 7.274758e-02
7.260000e+01 1.808441e-01 5.956509e-02 7.271521e-02
7.270000e+01 1.808145e-01 5.954068e-02 7.268278e-02
7.280000e+01 1.807847e-01 5.951623e-02 7.265029e-02
7.290000e+01 1.807559e-01 5.949175e-02 7.261786e-02
7.300000e+01 1.807268e-01 5.946725e-02 7.258537e-02
7.310000e+01 1.806973e-01 5.944271e-02 7.255281e-02
7.320000e+01 1.806675e-01 5.941815e-02 7.252019e-02
7.330000e+01 1.806373e-01 5.939356e-02 7.248751e-02
7.340000e+01 1.806083e-01 5.936894e-02 7.245489e-02
7.350000e+01 1.805804e-01 5.934429e-02 7.242235e-02
7.360000e+01 1.805522e-01 5.931961e-02 7.238974e-02
7.370000e+01 1.805237e-01 5.929490e-02 7.235707e-02
7.380000e+01 1.804948e-01 5.927016e-02 7.232433e-02
7.390000e+01 1.804669e-01 5.924540e-02 7.229164e-02
7.400000e+01 1.804388e-01 5.922060e-02 7.225891e-02
7.410000e+01 1.804103e-01 5.919577e-02 7.222611e-02
7.420000e+01 1.803815e-01 5.917092e-02 7.219324e-02
7.430000e+01 1.803524e-01 5.914603e-02 7.216032e-02
7.440000e+01 1.803240e-01 5.912112e-02 7.212742e-02
7.450000e+01 1.802957e-01 5.909617e-02 7.209450e-02
7.460000e+01 1.802670e-01 5.907120e-02 7.206151e-02
7.470000e+01 1.802380e-01 5.904619e-02 7.202846e-02
7.480000e+01 1.802087e-01 5.902116e-02 7.199535e-02
7.490000e+01 1.801798e-01 5.899610e-02 7.196224e-02
7.500000e+01 1.801513e-01 5.897100e-02 7.192913e-02
7.510000e+01 1.801224e-01 5.894588e-02 7.189595e-02
7.520000e+01 1.800933e-01 5.892073e-02 7.186272e-02
7.530000e+01 1.800638e-01 5.889554e-02 7.182942e-02
7.540000e+01 1.800344e-01 5.887033e-02 7.179609e-02
7.550000e+01 1.800057e-01 5.884509e-02 7.176280e-02
7.560000e+01 1.799766e-01 5.881981e-02 7.172943e-02
7.570000e+01 1.799473e-01 5.879451e-02 7.169601e-02
7.580000e+01 1.799176e-01 5.876918e-02 7.166253e-02
7.590000e+01 1.798877e-01 5.874381e-02 7.162899e-02
7.600000e+01 1.798602e-01 5.871842e-02 7.159562e-02
7.610000e+01 1.798325e-01 5.869300e-02 7.156221e-02
7.620000e+01 1.798045e-01 5.866754e-02 7.152873e-02
7.630000e+01 1.797762e-01 5.864206e-02 7.149519e-02
7.640000e+01 1.797475e-01 5.861655e-02 7.146160e-02
7.650000e+01 1.797196e-01 5.859101e-02 7.142802e-02
7.660000e+01 1.796917e-01 5.856543e-02 7.139442e-02
7.670000e+01 1.796636e-01 5.853983e-02 7.136076e-02
7.680000e+01 1.796351e-01 5.851420e-02 7.132704e-02
7.690000e+01 1.796064e-01 5.848853e-02 7.129326e-02
7.700000e+01 1.795778e-01 5.846284e-02 7.125945e-02
7.710000e+01 1.795498e-01 5.843712e-02 7.122567e-02
7.720000e+01 1.795215e-01 5.841137e-02 7.119183e-02
7.730000e+01 1.794929e-01 5.838558e-02 7.115793e-02
7.740000e+01 1.794641e-01 5.835977e-02 7.112397e-02
7.750000e+01 1.794350e-01 5.833393e-02 7.108995e-02
7.760000e+01 1.794067e-01 5.830806e-02 7.105597e-02
7.770000e+01 1.793783e-01 5.828215e-02 7.102195e-02
7.780000e+01 1.793497e-01 5.825622e-02 7.098787e-02
7.790000e+01 1.793207e-01 5.823026e-02 7.095374e-02
7.800000e+01 1.792915e-01 5.820427e-02 7.091954e-02
7.810000e+01 1.792626e-01 5.817825e-02 7.088534e-02
7.820000e+01 1.792341e-01 5.815220e-02 7.085114e-02
7.830000e+01 1.792053e-01 5.812612e-02 7.081688e-02
7.840000e+01 1.791763e-01 5.810001e-02 7.078257e-02
7.850000e+01 1.791483e-01 5.807387e-02 7.074831e-02
7.860000e+01 1.791202e-01 5.804770e-02 7.071401e-02
7.870000e+01 1.790929e-01 5.802151e-02 7.067975e-02
7.880000e+01 1.790655e-01 5.799528e-02 7.064544e-02
7.890000e+01 1.790378e-01 5.796902e-02 7.061108e-02
7.900000e+01 1.790099e-01 5.794274e-02 7.057666e-02
7.910000e+01 1.789817e-01 5.791642e-02 7.054218e-02
7.920000e+01 1.789536e-01 5.789008e-02 7.050769e-02
7.930000e+01 1.789261e-01 5.786371e-02 7.047321e-02
7.940000e+01 1.788984e-01 5.783731e-02 7.043867e-02
7.950000e+01 1.788704e-01 5.781088e-02 7.040408e-02
7.960000e+01 1.788421e-01 5.778442e-02 7.036944e-02
7.970000e+01 1.788136e-01 5.775793e-02 7.033474e-02
7.980000e+01 1.787857e-01 5.773141e-02 7.030006e-02
7.990000e+01 1.787579e-01 5.770487e-02 7.026535e-02
8.000000e+01 1.787298e-01 5.767830e-02 7.023060e-02
8.010000e+01 1.787015e-01 5.765169e-02 7.019579e-02
8.020000e+01 1.786729e-01 5.762506e-02 7.016092e-02
8.030000e+01 1.786441e-01 5.759840e-02 7.012600e-02
8.040000e+01 1.786163e-01 5.757172e-02 7.009114e-02
8.050000e+01 1.785882e-01 5.754500e-02 7.005621e-02
8.060000e+01 1.785599e-01 5.751826e-02 7.002124e-02
8.070000e+01 1.785313e-01 5.749149e-02 6.998621e-02
8.080000e+01 1.785024e-01 5.746469e-02 6.995113e-02
8.090000e+01 1.784737e-01 5.743786e-02 6.991603e-02
8.100000e+01 1.784470e-01 5.741100e-02 6.988107e-02
8.110000e+01 1.784200e-01 5.738412e-02 6.984605e-02
8.120000e+01 1.783927e-01 5.735721e-02 6.981098e-02
8.130000e+01 1.783653e-01 5.733027e-02 6.977586e-02
8.140000e+01 1.783375e-01 5.730330e-02 6.974068e-02
8.150000e+01 1.783102e-01 5.727631e-02 6.970551e-02
8.160000e+01 1.782832e-01 5.724929e-02 6.967034e-02
8.170000e+01 1.782559e-01 5.722224e-02 6.963511e-02
8.180000e+01 1.782284e-01 5.719517e-02 6.959983e-02
8.190000e+01 1.782007e-01 5.716806e-02 6.956451e-02
8.200000e+01 1.781727e-01 5.714094e-02 6.952913e-02
8.210000e+01 1.781453e-01 5.711378e-02 6.949377e-02
8.220000e+01 1.781180e-01 5.708660e-02 6.945839e-02
8.230000e+01 1.780905e-01 5.705939e-02 6.942296e-02
8.240000e+01 1.780627e-01 5.703216e-02 6.938748e-02
8.250000e+01 1.780348e-01 5.700489e-02 6.935195e-02
8.260000e+01 1.780066e-01 5.697761e-02 6.931638e-02
8.270000e+01 1.779790e-01 5.695029e-02 6.928083e-02
8.280000e+01 1.779515e-01 5.692295e-02 6.924525e-02
8.290000e+01 1.779238e-01 5.689559e-02 6.920963e-02
8.300000e+01 1.778958e-01 5.686820e-02 6.917395e-02
8.310000e+01 1.778677e-01 5.684078e-02 6.913823e-02
8.320000e+01 1.778392e-01 5.681334e-02 6.910247e-02
8.330000e+01 1.778115e-01 5.678587e-02 6.906673e-02
8.340000e+01 1.777841e-01 5.675837e-02 6.903099e-02
8.350000e+01 1.777575e-01 5.673086e-02 6.899528e-02
8.360000e+01 1.777306e-01 5.670331e-02 6.895953e-02
8.370000e+01 1.777035e-01 5.667574e-02 6.892374e-02
8.380000e+01 1.776762e-01 5.664815e-02 6.888789e-02
8.390000e+01 1.776496e-01 5.662053e-02 6.885208e-02
8.400000e+01 1.776230e-01 5.659289e-02 6.881623e-02
8.410000e+01 1.775961e-01 5.656522e-02 6.878035e-02
8.420000e+01 1.775691e-01 5.653753e-02 6.874441e-02
8.430000e+01 1.775418e-01 5.650981e-02 6.870843e-02
8.440000e+01 1.775143e-01 5.648207e-02 6.867241e-02
8.450000e+01 1.774873e-01 5.645431e-02 6.863640e-02
8.460000e+01 1.774605e-01 5.642652e-02 6.860038e-02
8.470000e+01 1.774335e-01 5.639871e-02 6.856432e-02
8.480000e+01 1.774062e-01 5.637088e-02 6.852821e-02
8.490000e+01 1.773788e-01 5.634302e-02 6.849205e-02
8.500000e+01 1.773511e-01 5.631514e-02 6.845586e-02
8.510000e+01 1.773238e-01 5.628723e-02 6.841966e-02
8.520000e+01 1.772968e-01 5.625930e-02 6.838347e-02
8.530000e+01 1.772695e-01 5.623135e-02 6.834723e-02
8.540000e+01 1.772421e-01 5.620338e-02 6.831096e-02
8.550000e+01 1.772144e-01 5.617538e-02 6.827463e-02
8.560000e+01 1.771866e-01 5.614736e-02 6.823827e-02
8.570000e+01 1.771589e-01 5.611932e-02 6.820189e-02
8.580000e+01 1.771317e-01 5.609126e-02 6.816554e-02
8.590000e+01 1.771049e-01 5.606318e-02 6.812919e-02
8.600000e+01 1.770786e-01 5.603507e-02 6.809286e-02
8.610000e+01 1.770520e-01 5.600694e-02 6.805648e-02
8.620000e+01 1.770253e-01 5.597879e-02 6.802006e-02
8.630000e+01 1.769984e-01 5.595062e-02 6.798361e-02
8.640000e+01 1.769722e-01 5.592243e-02 6.794719e-02
8.650000e+01 1.769459e-01 5.589421e-02 6.791074e-02
8.660000e+01 1.769194e-01 5.586598e-02 6.787425e-02
8.670000e+01 1.768927e-01 5.583772e-02 6.783772e-02
8.680000e+01 1.768658e-01 5.580945e-02 6.780115e-02
8.690000e+01 1.768386e-01 5.578115e-02 6.776454e-02
8.700000e+01 1.768120e-01 5.575283e-02 6.772794e-02
8.710000e+01 1.767855e-01 5.572449e-02 6.769134e-02
8.720000e+01 1.767588e-01 5.569614e-02 6.765470e-02
8.730000e+01 1.767319e-01 5.566776e-02 6.761802e-02
8.740000e+01 1.767048e-01 5.563936e-02 6.758130e-02
8.750000e+01 1.766775e-01 5.561095e-02 6.754455e-02
8.760000e+01 1.766502e-01 5.558251e-02 6.750777e-02
8.770000e+01 1.766235e-01 5.555405e-02 6.747103e-02
8.780000e+01 1.765967e-01 5.552558e-02 6.743424e-02
8.790000e+01 1.765696e-01 5.549709e-02 6.739742e-02
8.800000e+01 1.765423e-01 5.546857e-02 6.736057e-02
8.810000e+01 1.765149e-01 5.544004e-02 6.732367e-02
8.820000e+01 1.764872e-01 5.541149e-02 6.728674e-02
8.830000e+01 1.764601e-01 5.538293e-02 6.724984e-02
8.840000e+01 1.764342e-01 5.535434e-02 6.721301e-02
8.850000e+01 1.764082e-01 5.532574e-02 6.717616e-02
8.860000e+01 1.763820e-01 5.529711e-02 6.713927e-02
8.870000e+01 1.763556e-01 5.526847e-02 6.710235e-02
8.880000e+01 1.763290e-01 5.523982e-02 6.706539e-02
8.890000e+01 1.763024e-01 5.521114e-02 6.702841e-02
8.900000e+01 1.762764e-01 5.518245e-02 6.699147e-02
8.910000e+01 1.762503e-01 5.515374e-02 6.695449e-02
8.920000e+01 1.762239e-01 5.512502e-02 6.691747e-02
8.930000e+01 1.761973e-01 5.509627e-02 6.688043e-02
8.940000e+01 1.761706e-01 5.506751e-02 6.684335e-02
8.950000e+01 1.761437e-01 5.503874e-02 6.680623e-02
8.960000e+01 1.761170e-01 5.500995e-02 6.676913e-02
8.970000e+01 1.760907e-01 5.498114e-02 6.673203e-02
8.980000e+01 1.760642e-01 5.495231e-02 6.669489e-02
8.990000e+01 1.760375e-01 5.492347e-02 6.665773e-02
9.000000e+01 1.760106e-01 5.489462e-02 6.662054e-02
9.010000e+01 1.759835e-01 5.486575e-02 6.658331e-02
9.020000e+01 1.759562e-01 5.483686e-02 6.654605e-02
9.030000e+01 1.759295e-01 5.480796e-02 6.650882e-02
9.040000e+01 1.759028e-01 5.477904e-02 6.647158e-02
9.050000e+01 1.758759e-01 5.475011e-02 6.643431e-02
9.060000e+01 1.758489e-01 5.472116e-02 6.639700e-02
9.070000e+01 1.758217e-01 5.469220e-02 6.635967e-02
9.080000e+01 1.757948e-01 5.466323e-02 6.632235e-02
9.090000e+01 1.757684e-01 5.463424e-02 6.628506e-02
9.100000e+01 1.757427e-01 5.460524e-02 6.624780e-02
9.110000e+01 1.757169e-01 5.457622e-02 6.621053e-02
9.120000e+01 1.756909e-01 5.454719e-02 6.617322e-02
9.130000e+01 1.756647e-01 5.451814e-02 6.613589e-02
9.140000e+01 1.756384e-01 5.448909e-02 6.609852e-02
9.150000e+01 1.756118e-01 5.446002e-02 6.606113e-02
9.160000e+01 1.755851e-01 5.443093e-02 6.602371e-02
9.170000e+01 1.755592e-01 5.440184e-02 6.598634e-02
9.180000e+01 1.755330e-01 5.437273e-02 6.594894e-02
9.190000e+01 1.755067e-01 5.434361e-02 6.591152e-02
9.200000e+01 1.754802e-01 5.431447e-02 6.587407e-02
9.210000e+01 1.754535e-01 5.428533e-02 6.583659e-02
9.220000e+01 1.754266e-01 5.425617e-02 6.579908e-02
9.230000e+01 1.753996e-01 5.422700e-02 6.576155e-02
9.240000e+01 1.753733e-01 5.419782e-02 6.572406e-02
9.250000e+01 1.753468e-01 5.416862e-02 6.568655e-02
9.260000e+01 1.753202e-01 5.413942e-02 6.564902e-02
9.270000e+01 1.752933e-01 5.411021e-02 6.561146e-02
9.280000e+01 1.752663e-01 5.408098e-02 6.557387e-02
9.290000e+01 1.752391e-01 5.405174e-02 6.553626e-02
9.300000e+01 1.752118e-01 5.402249e-02 6.549862e-02
9.310000e+01 1.751851e-01 5.399324e-02 6.546103e-02
9.320000e+01 1.751583e-01 5.396397e-02 6.542342e-02
9.330000e+01 1.751325e-01 5.393469e-02 6.538588e-02
9.340000e+01 1.751065e-01 5.390540e-02 6.534831e-02
9.350000e+01 1.750803e-01 5.387610e-02 6.531072e-02
9.360000e+01 1.750540e-01 5.384680e-02 6.527311e-02
9.370000e+01 1.750274e-01 5.381748e-02 6.523548e-02
9.380000e+01 1.750014e-01 5.378815e-02 6.519787e-02
9.390000e+01 1.749754e-01 5.375882e-02 6.516026e-02
9.400000e+01 1.749493e-01 5.372947e-02 6.512263e-02
9.410000e+01 1.749230e-01 5.370012e-02 6.508497e-02
9.420000e+01 1.748965e-01 5.367076e-02 6.504730e-02
9.430000e+01 1.748698e-01 5.364139e-02 6.500960e-02
9.440000e+01 1.748429e-01 5.361201e-02 6.497188e-02
9.450000e+01 1.748163e-01 5.358262e-02 6.493417e-02
9.460000e+01 1.747900e-01 5.355323e-02 6.489648e-02
9.470000e+01 1.747635e-01 5.352382e-02 6.485877e-02
9.480000e+01 1.747369e-01 5.349441e-02 6.482104e-02
9.490000e+01 1.747100e-01 5.346500e-02 6.478329e-02
9.500000e+01 1.746830e-01 5.343557e-02 6.474552e-02
9.510000e+01 1.746559e-01 5.340614e-02 6.470772e-02
9.520000e+01 1.746286e-01 5.337670e-02 6.466992e-02
9.530000e+01 1.746019e-01 5.334726e-02 6.463216e-02
9.540000e+01 1.745751e-01 5.331780e-02 6.459438e-02
9.550000e+01 1.745481e-01 5.328835e-02 6.455658e-02
9.560000e+01 1.745210e-01 5.325888e-02 6.451876e-02
9.570000e+01 1.744944e-01 5.322941e-02 6.448098e-02
9.580000e+01 1.744681e-01 5.319993e-02 6.444322e-02
9.590000e+01 1.744415e-01 5.317045e-02 6.440543e-02
9.600000e+01 1.744153e-01 5.314096e-02 6.436767e-02
9.610000e+01 1.743893e-01 5.311147e-02 6.432992e-02
9.620000e+01 1.743631e-01 5.308197e-02 6.429215e-02
9.630000e+01 1.743368e-01 5.305247e-02 6.425437e-02
9.640000e+01 1.743102e-01 5.302296e-02 6.421656e-02
9.650000e+01 1.742835e-01 5.299345e-02 6.417874e-02
9.660000e+01 1.742566e-01 5.296393e-02 6.414091e-02
9.670000e+01 1.742296e-01 5.293441e-02 6.410306e-02
9.680000e+01 1.742032e-01 5.290488e-02 6.406525e-02
9.690000e+01 1.741767e-01 5.287535e-02 6.402743e-02
9.700000e+01 1.741500e-01 5.284581e-02 6.398960e-02
9.710000e+01 1.741231e-01 5.281628e-02 6.395175e-02
9.720000e+01 1.740960e-01 5.278673e-02 6.391389e-02
9.730000e+01 1.740688e-01 5.275719e-02 6.387601e-02
9.740000e+01 1.740414e-01 5.272764e-02 6.383811e-02
9.750000e+01 1.740141e-01 5.269809e-02 6.380023e-02
9.760000e+01 1.739872e-01 5.266853e-02 6.376237e-02
9.770000e+01 1.739601e-01 5.263897e-02 6.372449e-02
9.780000e+01 1.739329e-01 5.260941e-02 6.368661e-02
9.790000e+01 1.739055e-01 5.257985e-02 6.364871e-02
9.800000e+01 1.738779e-01 5.255028e-02 6.361080e-02
9.810000e+01 1.738507e-01 5.252071e-02 6.357291e-02
9.820000e+01 1.738239e-01 5.249114e-02 6.353506e-02
9.830000e+01 1.737974e-01 5.246157e-02 6.349723e-02
9.840000e+01 1.737711e-01 5.243200e-02 6.345941e-02
9.850000e+01 1.737446e-01 5.240242e-02 6.342158e-02
9.860000e+01 1.737180e-01 5.237285e-02 6.338374e-02
9.870000e+01 1.736912e-01 5.234327e-02 6.334589e-02
9.880000e+01 1.736642e-01 5.231369e-02 6.330803e-02
9.890000e+01 1.736370e-01 5.228411e-02 6.327015e-02
9.900000e+01 1.736097e-01 5.225453e-02 6.323227e-02
9.910000e+01 1.735828e-01 5.222495e-02 6.319441e-02
9.920000e+01 1.735559e-01 5.219536e-02 6.315656e-02
9.930000e+01 1.735289e-01 5.216578e-02 6.311870e-02
9.940000e+01 1.735017e-01 5.213620e-02 6.308083e-02
9.950000e+01 1.734744e-01 5.210662e-02 6.304296e-02
9.960000e+01 1.734469e-01 5.207703e-02 6.300507e-02
9.970000e+01 1.734192e-01 5.204745e-02 6.296717e-02
9.980000e+01 1.733914e-01 5.201787e-02 6.292926e-02
9.990000e+01 1.733639e-01 5.198829e-02 6.289138e-02
1.000000e+02 1.733365e-01 5.195870e-02 6.285351e-02
