# # chi(t) for Pe = 350, beta = 0.1, bridge_width = 1.0
# # Columns: time, chi, I_T (signed), I_|T| (unsigned)
0.000000e+00 0.000000e+00 7.671023e-02 7.671023e-02
1.000000e-01 7.260000e-05 7.976124e-02 7.976703e-02
2.000000e-01 0.000000e+00 8.005460e-02 8.005460e-02
3.000000e-01 0.000000e+00 8.005042e-02 8.005042e-02
4.000000e-01 0.000000e+00 8.005608e-02 8.005608e-02
5.000000e-01 0.000000e+00 8.005994e-02 8.005994e-02
6.000000e-01 0.000000e+00 8.006995e-02 8.006995e-02
7.000000e-01 0.000000e+00 8.007961e-02 8.007961e-02
8.000000e-01 1.100000e-06 8.008912e-02 8.008920e-02
9.000000e-01 5.100000e-06 8.009861e-02 8.009902e-02
1.000000e+00 1.250000e-05 8.010815e-02 8.010915e-02
1.100000e+00 2.260000e-05 8.011773e-02 8.011954e-02
1.200000e+00 3.370000e-05 8.012738e-02 8.013008e-02
1.300000e+00 4.450000e-05 8.013709e-02 8.014066e-02
1.400000e+00 5.400000e-05 8.014689e-02 8.015122e-02
1.500000e+00 6.140000e-05 8.015677e-02 8.016169e-02
1.600000e+00 6.610000e-05 8.016673e-02 8.017203e-02
1.700000e+00 6.770000e-05 8.017675e-02 8.018219e-02
1.800000e+00 6.630000e-05 8.018681e-02 8.019212e-02
1.900000e+00 6.180000e-05 8.019684e-02 8.020180e-02
2.000000e+00 5.480000e-05 8.020681e-02 8.021120e-02
2.100000e+00 4.590000e-05 8.021664e-02 8.022032e-02
2.200000e+00 3.580000e-05 8.022627e-02 8.022915e-02
2.300000e+00 2.550000e-05 8.023564e-02 8.023768e-02
2.400000e+00 1.570000e-05 8.024466e-02 8.024592e-02
2.500000e+00 7.600000e-06 8.025327e-02 8.025388e-02
2.600000e+00 2.100000e-06 8.026140e-02 8.026157e-02
2.700000e+00 0.000000e+00 8.026899e-02 8.026899e-02
2.800000e+00 0.000000e+00 8.027599e-02 8.027599e-02
2.900000e+00 0.000000e+00 8.028232e-02 8.028232e-02
3.000000e+00 0.000000e+00 8.028795e-02 8.028795e-02
3.100000e+00 0.000000e+00 8.029282e-02 8.029282e-02
3.200000e+00 0.000000e+00 8.029689e-02 8.029689e-02
3.300000e+00 0.000000e+00 8.030012e-02 8.030012e-02
3.400000e+00 0.000000e+00 8.030249e-02 8.030249e-02
3.500000e+00 0.000000e+00 8.030395e-02 8.030395e-02
3.600000e+00 0.000000e+00 8.030449e-02 8.030449e-02
3.700000e+00 0.000000e+00 8.030408e-02 8.030408e-02
3.800000e+00 0.000000e+00 8.030271e-02 8.030271e-02
3.900000e+00 0.000000e+00 8.030036e-02 8.030036e-02
4.000000e+00 0.000000e+00 8.029701e-02 8.029701e-02
4.100000e+00 0.000000e+00 8.029266e-02 8.029266e-02
4.200000e+00 0.000000e+00 8.028731e-02 8.028731e-02
4.300000e+00 0.000000e+00 8.028095e-02 8.028095e-02
4.400000e+00 0.000000e+00 8.027357e-02 8.027357e-02
4.500000e+00 0.000000e+00 8.026519e-02 8.026519e-02
4.600000e+00 0.000000e+00 8.025579e-02 8.025579e-02
4.700000e+00 0.000000e+00 8.024539e-02 8.024539e-02
4.800000e+00 0.000000e+00 8.023398e-02 8.023398e-02
4.900000e+00 0.000000e+00 8.022158e-02 8.022158e-02
5.000000e+00 0.000000e+00 8.020820e-02 8.020820e-02
5.100000e+00 0.000000e+00 8.019384e-02 8.019384e-02
5.200000e+00 0.000000e+00 8.017851e-02 8.017851e-02
5.300000e+00 0.000000e+00 8.016222e-02 8.016222e-02
5.400000e+00 0.000000e+00 8.014498e-02 8.014498e-02
5.500000e+00 0.000000e+00 8.012681e-02 8.012681e-02
5.600000e+00 0.000000e+00 8.010771e-02 8.010771e-02
5.700000e+00 0.000000e+00 8.008771e-02 8.008771e-02
5.800000e+00 0.000000e+00 8.006680e-02 8.006680e-02
5.900000e+00 0.000000e+00 8.004501e-02 8.004501e-02
6.000000e+00 0.000000e+00 8.002235e-02 8.002235e-02
6.100000e+00 0.000000e+00 7.999883e-02 7.999883e-02
6.200000e+00 0.000000e+00 7.997447e-02 7.997447e-02
6.300000e+00 0.000000e+00 7.994929e-02 7.994929e-02
6.400000e+00 0.000000e+00 7.992328e-02 7.992328e-02
6.500000e+00 0.000000e+00 7.989648e-02 7.989648e-02
6.600000e+00 0.000000e+00 7.986890e-02 7.986890e-02
6.700000e+00 0.000000e+00 7.984054e-02 7.984054e-02
6.800000e+00 0.000000e+00 7.981143e-02 7.981143e-02
6.900000e+00 0.000000e+00 7.978158e-02 7.978158e-02
7.000000e+00 0.000000e+00 7.975101e-02 7.975101e-02
7.100000e+00 0.000000e+00 7.971972e-02 7.971972e-02
7.200000e+00 0.000000e+00 7.968774e-02 7.968774e-02
7.300000e+00 0.000000e+00 7.965508e-02 7.965508e-02
7.400000e+00 0.000000e+00 7.962174e-02 7.962174e-02
7.500000e+00 0.000000e+00 7.958775e-02 7.958775e-02
7.600000e+00 0.000000e+00 7.955312e-02 7.955312e-02
7.700000e+00 0.000000e+00 7.951787e-02 7.951787e-02
7.800000e+00 0.000000e+00 7.948200e-02 7.948200e-02
7.900000e+00 0.000000e+00 7.944553e-02 7.944553e-02
8.000000e+00 0.000000e+00 7.940847e-02 7.940847e-02
8.100000e+00 0.000000e+00 7.937083e-02 7.937083e-02
8.200000e+00 0.000000e+00 7.933264e-02 7.933264e-02
8.300000e+00 0.000000e+00 7.929390e-02 7.929390e-02
8.400000e+00 0.000000e+00 7.925462e-02 7.925462e-02
8.500000e+00 0.000000e+00 7.921481e-02 7.921481e-02
8.600000e+00 0.000000e+00 7.917450e-02 7.917450e-02
8.700000e+00 0.000000e+00 7.913368e-02 7.913368e-02
8.800000e+00 0.000000e+00 7.909238e-02 7.909238e-02
8.900000e+00 0.000000e+00 7.905061e-02 7.905061e-02
9.000000e+00 0.000000e+00 7.900837e-02 7.900837e-02
9.100000e+00 0.000000e+00 7.896568e-02 7.896568e-02
9.200000e+00 0.000000e+00 7.892255e-02 7.892255e-02
9.300000e+00 0.000000e+00 7.887900e-02 7.887900e-02
9.400000e+00 0.000000e+00 7.883503e-02 7.883503e-02
9.500000e+00 0.000000e+00 7.879065e-02 7.879065e-02
9.600000e+00 0.000000e+00 7.874588e-02 7.874588e-02
9.700000e+00 0.000000e+00 7.870072e-02 7.870072e-02
9.800000e+00 0.000000e+00 7.865518e-02 7.865518e-02
9.900000e+00 0.000000e+00 7.860929e-02 7.860929e-02
1.000000e+01 0.000000e+00 7.856304e-02 7.856304e-02
1.010000e+01 0.000000e+00 7.851644e-02 7.851644e-02
1.020000e+01 0.000000e+00 7.846951e-02 7.846951e-02
1.030000e+01 0.000000e+00 7.842225e-02 7.842225e-02
1.040000e+01 0.000000e+00 7.837468e-02 7.837468e-02
1.050000e+01 0.000000e+00 7.832681e-02 7.832681e-02
1.060000e+01 0.000000e+00 7.827863e-02 7.827863e-02
1.070000e+01 0.000000e+00 7.823017e-02 7.823017e-02
1.080000e+01 0.000000e+00 7.818143e-02 7.818143e-02
1.090000e+01 0.000000e+00 7.813242e-02 7.813242e-02
1.100000e+01 0.000000e+00 7.808314e-02 7.808314e-02
1.110000e+01 0.000000e+00 7.803361e-02 7.803361e-02
1.120000e+01 0.000000e+00 7.798383e-02 7.798383e-02
1.130000e+01 0.000000e+00 7.793381e-02 7.793381e-02
1.140000e+01 0.000000e+00 7.788356e-02 7.788356e-02
1.150000e+01 0.000000e+00 7.783309e-02 7.783309e-02
1.160000e+01 0.000000e+00 7.778240e-02 7.778240e-02
1.170000e+01 0.000000e+00 7.773150e-02 7.773150e-02
1.180000e+01 3.660000e-05 7.768040e-02 7.768325e-02
1.190000e+01 1.116000e-04 7.762910e-02 7.763777e-02
1.200000e+01 2.096000e-04 7.757762e-02 7.759388e-02
1.210000e+01 3.207000e-04 7.752596e-02 7.755083e-02
1.220000e+01 4.503000e-04 7.747412e-02 7.750902e-02
1.230000e+01 5.894000e-04 7.742211e-02 7.746777e-02
1.240000e+01 7.406000e-04 7.736994e-02 7.742729e-02
1.250000e+01 8.999000e-04 7.731762e-02 7.738727e-02
1.260000e+01 1.066000e-03 7.726515e-02 7.734761e-02
1.270000e+01 1.241400e-03 7.721254e-02 7.730851e-02
1.280000e+01 1.428100e-03 7.715979e-02 7.727014e-02
1.290000e+01 1.617800e-03 7.710691e-02 7.723186e-02
1.300000e+01 1.810200e-03 7.705390e-02 7.719364e-02
1.310000e+01 2.013600e-03 7.700078e-02 7.715614e-02
1.320000e+01 2.217700e-03 7.694754e-02 7.711857e-02
1.330000e+01 2.426100e-03 7.689419e-02 7.708119e-02
1.340000e+01 2.641600e-03 7.684073e-02 7.704425e-02
1.350000e+01 2.856000e-03 7.678717e-02 7.700711e-02
1.360000e+01 3.079300e-03 7.673352e-02 7.697054e-02
1.370000e+01 3.303000e-03 7.667978e-02 7.693390e-02
1.380000e+01 3.529400e-03 7.662596e-02 7.689736e-02
1.390000e+01 3.761400e-03 7.657205e-02 7.686116e-02
1.400000e+01 3.990600e-03 7.651807e-02 7.682465e-02
1.410000e+01 4.229800e-03 7.646401e-02 7.678882e-02
1.420000e+01 4.465100e-03 7.640989e-02 7.675260e-02
1.430000e+01 4.707100e-03 7.635570e-02 7.671682e-02
1.440000e+01 4.948200e-03 7.630145e-02 7.668089e-02
1.450000e+01 5.192300e-03 7.624715e-02 7.664511e-02
1.460000e+01 5.438300e-03 7.619279e-02 7.660942e-02
1.470000e+01 5.684100e-03 7.613838e-02 7.657364e-02
1.480000e+01 5.934500e-03 7.608393e-02 7.653815e-02
1.490000e+01 6.181800e-03 7.602944e-02 7.650237e-02
1.500000e+01 6.435700e-03 7.597492e-02 7.646704e-02
1.510000e+01 6.684500e-03 7.592036e-02 7.643126e-02
1.520000e+01 6.941300e-03 7.586577e-02 7.639605e-02
1.530000e+01 7.191500e-03 7.581115e-02 7.636029e-02
1.540000e+01 7.450400e-03 7.575651e-02 7.632516e-02
1.550000e+01 7.702600e-03 7.570185e-02 7.628948e-02
1.560000e+01 7.962400e-03 7.564717e-02 7.625434e-02
1.570000e+01 8.216100e-03 7.559248e-02 7.621870e-02
1.580000e+01 8.476500e-03 7.553778e-02 7.618355e-02
1.590000e+01 8.731200e-03 7.548307e-02 7.614794e-02
1.600000e+01 8.992200e-03 7.542836e-02 7.611277e-02
1.610000e+01 9.247500e-03 7.537364e-02 7.607716e-02
1.620000e+01 9.508800e-03 7.531892e-02 7.604199e-02
1.630000e+01 9.764300e-03 7.526421e-02 7.600636e-02
1.640000e+01 1.002590e-02 7.520950e-02 7.597118e-02
1.650000e+01 1.028120e-02 7.515479e-02 7.593551e-02
1.660000e+01 1.054300e-02 7.510010e-02 7.590032e-02
1.670000e+01 1.079780e-02 7.504542e-02 7.586459e-02
1.680000e+01 1.105960e-02 7.499076e-02 7.582940e-02
1.690000e+01 1.131370e-02 7.493611e-02 7.579362e-02
1.700000e+01 1.157520e-02 7.488149e-02 7.575840e-02
1.710000e+01 1.182930e-02 7.482688e-02 7.572263e-02
1.720000e+01 1.208950e-02 7.477230e-02 7.568732e-02
1.730000e+01 1.234350e-02 7.471774e-02 7.565155e-02
1.740000e+01 1.260380e-02 7.466321e-02 7.561626e-02
1.750000e+01 1.286060e-02 7.460871e-02 7.558073e-02
1.760000e+01 1.312040e-02 7.455424e-02 7.554542e-02
1.770000e+01 1.337700e-02 7.449980e-02 7.550990e-02
1.780000e+01 1.363480e-02 7.444540e-02 7.547447e-02
1.790000e+01 1.389120e-02 7.439103e-02 7.543897e-02
1.800000e+01 1.414670e-02 7.433669e-02 7.540341e-02
1.810000e+01 1.440290e-02 7.428240e-02 7.536792e-02
1.820000e+01 1.465600e-02 7.422815e-02 7.533221e-02
1.830000e+01 1.491180e-02 7.417393e-02 7.529675e-02
1.840000e+01 1.516220e-02 7.411976e-02 7.526089e-02
1.850000e+01 1.541770e-02 7.406564e-02 7.522544e-02
1.860000e+01 1.566610e-02 7.401156e-02 7.518949e-02
1.870000e+01 1.592020e-02 7.395753e-02 7.515400e-02
1.880000e+01 1.616820e-02 7.390355e-02 7.511808e-02
1.890000e+01 1.641930e-02 7.384962e-02 7.508242e-02
1.900000e+01 1.666680e-02 7.379574e-02 7.504653e-02
1.910000e+01 1.691460e-02 7.374191e-02 7.501069e-02
1.920000e+01 1.716160e-02 7.368814e-02 7.497483e-02
1.930000e+01 1.740590e-02 7.363442e-02 7.493880e-02
1.940000e+01 1.765580e-02 7.358076e-02 7.490324e-02
1.950000e+01 1.790020e-02 7.352716e-02 7.486730e-02
1.960000e+01 1.814970e-02 7.347361e-02 7.483178e-02
1.970000e+01 1.839250e-02 7.342012e-02 7.479580e-02
1.980000e+01 1.863930e-02 7.336669e-02 7.476017e-02
1.990000e+01 1.888160e-02 7.331332e-02 7.472424e-02
2.000000e+01 1.912470e-02 7.326001e-02 7.468840e-02
2.010000e+01 1.936640e-02 7.320676e-02 7.465251e-02
2.020000e+01 1.960550e-02 7.315358e-02 7.461647e-02
2.030000e+01 1.984660e-02 7.310046e-02 7.458063e-02
2.040000e+01 2.008170e-02 7.304740e-02 7.454438e-02
2.050000e+01 2.032220e-02 7.299441e-02 7.450858e-02
2.060000e+01 2.055640e-02 7.294148e-02 7.447236e-02
2.070000e+01 2.079300e-02 7.288861e-02 7.443637e-02
2.080000e+01 2.102650e-02 7.283581e-02 7.440019e-02
2.090000e+01 2.125890e-02 7.278308e-02 7.436398e-02
2.100000e+01 2.149180e-02 7.273041e-02 7.432785e-02
2.110000e+01 2.172330e-02 7.267781e-02 7.429167e-02
2.120000e+01 2.195930e-02 7.262528e-02 7.425589e-02
2.130000e+01 2.218930e-02 7.257282e-02 7.421970e-02
2.140000e+01 2.242210e-02 7.252042e-02 7.418378e-02
2.150000e+01 2.265150e-02 7.246810e-02 7.414765e-02
2.160000e+01 2.287980e-02 7.241584e-02 7.411150e-02
2.170000e+01 2.310850e-02 7.236365e-02 7.407542e-02
2.180000e+01 2.333230e-02 7.231154e-02 7.403904e-02
2.190000e+01 2.356030e-02 7.225949e-02 7.400302e-02
2.200000e+01 2.378250e-02 7.220752e-02 7.396663e-02
2.210000e+01 2.400680e-02 7.215561e-02 7.393045e-02
2.220000e+01 2.422840e-02 7.210378e-02 7.389412e-02
2.230000e+01 2.444800e-02 7.205202e-02 7.385769e-02
2.240000e+01 2.466890e-02 7.200033e-02 7.382143e-02
2.250000e+01 2.488430e-02 7.194872e-02 7.378480e-02
2.260000e+01 2.510440e-02 7.189717e-02 7.374859e-02
2.270000e+01 2.532300e-02 7.184570e-02 7.371232e-02
2.280000e+01 2.554190e-02 7.179431e-02 7.367614e-02
2.290000e+01 2.575990e-02 7.174298e-02 7.363994e-02
2.300000e+01 2.597400e-02 7.169173e-02 7.360351e-02
2.310000e+01 2.619120e-02 7.164055e-02 7.356737e-02
2.320000e+01 2.640320e-02 7.158945e-02 7.353090e-02
2.330000e+01 2.661710e-02 7.153842e-02 7.349463e-02
2.340000e+01 2.682840e-02 7.148746e-02 7.345823e-02
2.350000e+01 2.703750e-02 7.143658e-02 7.342172e-02
2.360000e+01 2.724810e-02 7.138577e-02 7.338538e-02
2.370000e+01 2.745360e-02 7.133503e-02 7.334872e-02
2.380000e+01 2.766230e-02 7.128437e-02 7.331236e-02
2.390000e+01 2.786710e-02 7.123378e-02 7.327577e-02
2.400000e+01 2.807080e-02 7.118327e-02 7.323915e-02
2.410000e+01 2.827510e-02 7.113283e-02 7.320264e-02
2.420000e+01 2.847830e-02 7.108246e-02 7.316610e-02
2.430000e+01 2.868530e-02 7.103217e-02 7.312992e-02
2.440000e+01 2.888780e-02 7.098195e-02 7.309346e-02
2.450000e+01 2.908980e-02 7.093180e-02 7.305702e-02
2.460000e+01 2.929170e-02 7.088173e-02 7.302063e-02
2.470000e+01 2.948880e-02 7.083173e-02 7.298394e-02
2.480000e+01 2.969000e-02 7.078181e-02 7.294762e-02
2.490000e+01 2.988640e-02 7.073195e-02 7.291100e-02
2.500000e+01 3.008260e-02 7.068217e-02 7.287443e-02
2.510000e+01 3.027850e-02 7.063246e-02 7.283788e-02
2.520000e+01 3.046970e-02 7.058283e-02 7.280105e-02
2.530000e+01 3.066480e-02 7.053326e-02 7.276458e-02
2.540000e+01 3.085540e-02 7.048377e-02 7.272781e-02
2.550000e+01 3.104560e-02 7.043435e-02 7.269108e-02
2.560000e+01 3.123740e-02 7.038500e-02 7.265454e-02
2.570000e+01 3.142660e-02 7.033572e-02 7.261786e-02
2.580000e+01 3.161960e-02 7.028652e-02 7.258151e-02
2.590000e+01 3.180830e-02 7.023738e-02 7.254491e-02
2.600000e+01 3.199620e-02 7.018832e-02 7.250831e-02
2.610000e+01 3.218430e-02 7.013933e-02 7.247178e-02
2.620000e+01 3.236790e-02 7.009041e-02 7.243498e-02
2.630000e+01 3.255460e-02 7.004156e-02 7.239846e-02
2.640000e+01 3.273770e-02 6.999278e-02 7.236174e-02
2.650000e+01 3.291930e-02 6.994407e-02 7.232496e-02
2.660000e+01 3.310180e-02 6.989544e-02 7.228831e-02
2.670000e+01 3.328010e-02 6.984687e-02 7.225140e-02
2.680000e+01 3.346040e-02 6.979837e-02 7.221470e-02
2.690000e+01 3.363810e-02 6.974994e-02 7.217786e-02
2.700000e+01 3.381450e-02 6.970158e-02 7.214099e-02
2.710000e+01 3.399560e-02 6.965328e-02 7.210452e-02
2.720000e+01 3.417240e-02 6.960506e-02 7.206779e-02
2.730000e+01 3.435000e-02 6.955690e-02 7.203117e-02
2.740000e+01 3.452630e-02 6.950881e-02 7.199452e-02
2.750000e+01 3.469880e-02 6.946079e-02 7.195763e-02
2.760000e+01 3.487450e-02 6.941284e-02 7.192105e-02
2.770000e+01 3.504630e-02 6.936495e-02 7.188422e-02
2.780000e+01 3.521720e-02 6.931712e-02 7.184739e-02
2.790000e+01 3.538840e-02 6.926937e-02 7.181063e-02
2.800000e+01 3.555570e-02 6.922168e-02 7.177364e-02
2.810000e+01 3.572510e-02 6.917405e-02 7.173685e-02
2.820000e+01 3.589180e-02 6.912649e-02 7.169993e-02
2.830000e+01 3.605610e-02 6.907899e-02 7.166287e-02
2.840000e+01 3.622420e-02 6.903155e-02 7.162615e-02
2.850000e+01 3.639040e-02 6.898418e-02 7.158934e-02
2.860000e+01 3.655680e-02 6.893687e-02 7.155261e-02
2.870000e+01 3.672240e-02 6.888963e-02 7.151586e-02
2.880000e+01 3.688430e-02 6.884244e-02 7.147890e-02
2.890000e+01 3.704900e-02 6.879532e-02 7.144218e-02
2.900000e+01 3.721040e-02 6.874826e-02 7.140528e-02
2.910000e+01 3.737010e-02 6.870126e-02 7.136830e-02
2.920000e+01 3.753100e-02 6.865433e-02 7.133147e-02
2.930000e+01 3.768830e-02 6.860745e-02 7.129442e-02
2.940000e+01 3.784620e-02 6.856063e-02 7.125745e-02
2.950000e+01 3.800300e-02 6.851388e-02 7.122047e-02
2.960000e+01 3.815630e-02 6.846718e-02 7.118327e-02
2.970000e+01 3.831230e-02 6.842054e-02 7.114632e-02
2.980000e+01 3.846840e-02 6.837397e-02 7.110944e-02
2.990000e+01 3.862310e-02 6.832745e-02 7.107249e-02
3.000000e+01 3.877920e-02 6.828099e-02 7.103570e-02
3.010000e+01 3.893180e-02 6.823459e-02 7.099870e-02
3.020000e+01 3.908460e-02 6.818824e-02 7.096176e-02
3.030000e+01 3.923680e-02 6.814196e-02 7.092482e-02
3.040000e+01 3.938560e-02 6.809573e-02 7.088768e-02
3.050000e+01 3.953650e-02 6.804955e-02 7.085075e-02
3.060000e+01 3.968490e-02 6.800344e-02 7.081367e-02
3.070000e+01 3.983080e-02 6.795738e-02 7.077646e-02
3.080000e+01 3.997880e-02 6.791137e-02 7.073945e-02
3.090000e+01 4.012350e-02 6.786542e-02 7.070224e-02
3.100000e+01 4.026750e-02 6.781952e-02 7.066503e-02
3.110000e+01 4.041360e-02 6.777368e-02 7.062801e-02
3.120000e+01 4.055810e-02 6.772790e-02 7.059093e-02
3.130000e+01 4.070370e-02 6.768216e-02 7.055397e-02
3.140000e+01 4.084800e-02 6.763648e-02 7.051696e-02
3.150000e+01 4.098890e-02 6.759086e-02 7.047975e-02
3.160000e+01 4.113250e-02 6.754528e-02 7.044277e-02
3.170000e+01 4.127310e-02 6.749976e-02 7.040562e-02
3.180000e+01 4.141180e-02 6.745429e-02 7.036838e-02
3.190000e+01 4.155210e-02 6.740888e-02 7.033129e-02
3.200000e+01 4.168930e-02 6.736351e-02 7.029402e-02
3.210000e+01 4.182590e-02 6.731820e-02 7.025675e-02
3.220000e+01 4.196270e-02 6.727293e-02 7.021953e-02
3.230000e+01 4.209640e-02 6.722772e-02 7.018213e-02
3.240000e+01 4.223200e-02 6.718255e-02 7.014491e-02
3.250000e+01 4.236890e-02 6.713744e-02 7.010782e-02
3.260000e+01 4.250270e-02 6.709237e-02 7.007056e-02
3.270000e+01 4.263860e-02 6.704735e-02 7.003348e-02
3.280000e+01 4.277220e-02 6.700238e-02 6.999627e-02
3.290000e+01 4.290320e-02 6.695746e-02 6.995892e-02
3.300000e+01 4.303640e-02 6.691258e-02 6.992177e-02
3.310000e+01 4.316670e-02 6.686775e-02 6.988443e-02
3.320000e+01 4.329560e-02 6.682297e-02 6.984704e-02
3.330000e+01 4.342560e-02 6.677824e-02 6.980976e-02
3.340000e+01 4.355260e-02 6.673355e-02 6.977231e-02
3.350000e+01 4.367930e-02 6.668890e-02 6.973487e-02
3.360000e+01 4.380610e-02 6.664431e-02 6.969748e-02
3.370000e+01 4.393080e-02 6.659975e-02 6.965997e-02
3.380000e+01 4.405870e-02 6.655525e-02 6.962273e-02
3.390000e+01 4.418570e-02 6.651078e-02 6.958547e-02
3.400000e+01 4.431000e-02 6.646636e-02 6.954803e-02
3.410000e+01 4.443560e-02 6.642199e-02 6.951074e-02
3.420000e+01 4.455960e-02 6.637766e-02 6.947337e-02
3.430000e+01 4.468080e-02 6.633337e-02 6.943582e-02
3.440000e+01 4.480430e-02 6.628913e-02 6.939848e-02
3.450000e+01 4.492530e-02 6.624493e-02 6.936099e-02
3.460000e+01 4.504390e-02 6.620077e-02 6.932337e-02
3.470000e+01 4.516470e-02 6.615665e-02 6.928593e-02
3.480000e+01 4.528270e-02 6.611258e-02 6.924833e-02
3.490000e+01 4.539910e-02 6.606854e-02 6.921065e-02
3.500000e+01 4.551790e-02 6.602455e-02 6.917317e-02
3.510000e+01 4.563630e-02 6.598060e-02 6.913570e-02
3.520000e+01 4.575380e-02 6.593669e-02 6.909819e-02
3.530000e+01 4.587200e-02 6.589282e-02 6.906077e-02
3.540000e+01 4.598760e-02 6.584898e-02 6.902319e-02
3.550000e+01 4.610280e-02 6.580519e-02 6.898562e-02
3.560000e+01 4.621810e-02 6.576144e-02 6.894809e-02
3.570000e+01 4.633090e-02 6.571772e-02 6.891040e-02
3.580000e+01 4.644370e-02 6.567404e-02 6.887275e-02
3.590000e+01 4.655630e-02 6.563040e-02 6.883511e-02
3.600000e+01 4.666630e-02 6.558680e-02 6.879732e-02
3.610000e+01 4.677680e-02 6.554324e-02 6.875959e-02
3.620000e+01 4.688660e-02 6.549971e-02 6.872184e-02
3.630000e+01 4.699550e-02 6.545622e-02 6.868406e-02
3.640000e+01 4.710680e-02 6.541276e-02 6.864648e-02
3.650000e+01 4.721720e-02 6.536934e-02 6.860886e-02
3.660000e+01 4.732510e-02 6.532596e-02 6.857109e-02
3.670000e+01 4.743400e-02 6.528261e-02 6.853342e-02
3.680000e+01 4.754170e-02 6.523930e-02 6.849570e-02
3.690000e+01 4.764700e-02 6.519602e-02 6.845783e-02
3.700000e+01 4.775350e-02 6.515278e-02 6.842007e-02
3.710000e+01 4.785860e-02 6.510957e-02 6.838225e-02
3.720000e+01 4.796140e-02 6.506639e-02 6.834427e-02
3.730000e+01 4.806550e-02 6.502325e-02 6.830643e-02
3.740000e+01 4.816810e-02 6.498014e-02 6.826850e-02
3.750000e+01 4.826830e-02 6.493706e-02 6.823043e-02
3.760000e+01 4.837230e-02 6.489402e-02 6.819265e-02
3.770000e+01 4.847550e-02 6.485101e-02 6.815485e-02
3.780000e+01 4.857640e-02 6.480803e-02 6.811691e-02
3.790000e+01 4.867880e-02 6.476509e-02 6.807909e-02
3.800000e+01 4.877960e-02 6.472217e-02 6.804119e-02
3.810000e+01 4.887800e-02 6.467929e-02 6.800315e-02
3.820000e+01 4.897790e-02 6.463644e-02 6.796524e-02
3.830000e+01 4.907630e-02 6.459363e-02 6.792724e-02
3.840000e+01 4.917240e-02 6.455084e-02 6.788911e-02
3.850000e+01 4.926980e-02 6.450808e-02 6.785109e-02
3.860000e+01 4.936580e-02 6.446536e-02 6.781300e-02
3.870000e+01 4.945960e-02 6.442266e-02 6.777477e-02
3.880000e+01 4.955480e-02 6.438000e-02 6.773668e-02
3.890000e+01 4.965150e-02 6.433736e-02 6.769871e-02
3.900000e+01 4.974610e-02 6.429476e-02 6.766061e-02
3.910000e+01 4.984150e-02 6.425218e-02 6.762260e-02
3.920000e+01 4.993590e-02 6.420964e-02 6.758453e-02
3.930000e+01 5.002820e-02 6.416712e-02 6.754634e-02
3.940000e+01 5.012110e-02 6.412463e-02 6.750822e-02
3.950000e+01 5.021320e-02 6.408217e-02 6.747006e-02
3.960000e+01 5.030320e-02 6.403974e-02 6.743178e-02
3.970000e+01 5.039360e-02 6.399734e-02 6.739354e-02
3.980000e+01 5.048350e-02 6.395496e-02 6.735529e-02
3.990000e+01 5.057130e-02 6.391261e-02 6.731692e-02
4.000000e+01 5.065920e-02 6.387029e-02 6.727857e-02
4.010000e+01 5.074860e-02 6.382800e-02 6.724035e-02
4.020000e+01 5.083720e-02 6.378574e-02 6.720210e-02
4.030000e+01 5.092550e-02 6.374350e-02 6.716385e-02
4.040000e+01 5.101400e-02 6.370129e-02 6.712564e-02
4.050000e+01 5.110050e-02 6.365910e-02 6.708730e-02
4.060000e+01 5.118610e-02 6.361695e-02 6.704892e-02
4.070000e+01 5.127260e-02 6.357482e-02 6.701062e-02
4.080000e+01 5.135700e-02 6.353271e-02 6.697220e-02
4.090000e+01 5.144000e-02 6.349063e-02 6.693370e-02
4.100000e+01 5.152430e-02 6.344858e-02 6.689532e-02
4.110000e+01 5.160670e-02 6.340655e-02 6.685681e-02
4.120000e+01 5.168710e-02 6.336455e-02 6.681819e-02
4.130000e+01 5.176970e-02 6.332257e-02 6.677974e-02
4.140000e+01 5.185290e-02 6.328062e-02 6.674135e-02
4.150000e+01 5.193410e-02 6.323870e-02 6.670285e-02
4.160000e+01 5.201670e-02 6.319679e-02 6.666446e-02
4.170000e+01 5.209790e-02 6.315492e-02 6.662599e-02
4.180000e+01 5.217720e-02 6.311306e-02 6.658741e-02
4.190000e+01 5.225710e-02 6.307123e-02 6.654888e-02
4.200000e+01 5.233630e-02 6.302943e-02 6.651033e-02
4.210000e+01 5.241360e-02 6.298765e-02 6.647167e-02
4.220000e+01 5.249080e-02 6.294589e-02 6.643301e-02
4.230000e+01 5.256810e-02 6.290415e-02 6.639438e-02
4.240000e+01 5.264350e-02 6.286244e-02 6.635564e-02
4.250000e+01 5.271800e-02 6.282076e-02 6.631685e-02
4.260000e+01 5.279540e-02 6.277909e-02 6.627828e-02
4.270000e+01 5.287170e-02 6.273745e-02 6.623966e-02
4.280000e+01 5.294640e-02 6.269583e-02 6.620094e-02
4.290000e+01 5.302270e-02 6.265424e-02 6.616235e-02
4.300000e+01 5.309720e-02 6.261267e-02 6.612365e-02
4.310000e+01 5.316990e-02 6.257112e-02 6.608484e-02
4.320000e+01 5.324350e-02 6.252960e-02 6.604613e-02
4.330000e+01 5.331620e-02 6.248810e-02 6.600736e-02
4.340000e+01 5.338700e-02 6.244662e-02 6.596848e-02
4.350000e+01 5.345800e-02 6.240516e-02 6.592962e-02
4.360000e+01 5.352880e-02 6.236372e-02 6.589078e-02
4.370000e+01 5.359790e-02 6.232231e-02 6.585183e-02
4.380000e+01 5.366710e-02 6.228092e-02 6.581291e-02
4.390000e+01 5.373890e-02 6.223955e-02 6.577418e-02
4.400000e+01 5.380900e-02 6.219820e-02 6.573536e-02
4.410000e+01 5.387730e-02 6.215688e-02 6.569642e-02
4.420000e+01 5.394710e-02 6.211558e-02 6.565761e-02
4.430000e+01 5.401540e-02 6.207429e-02 6.561871e-02
4.440000e+01 5.408200e-02 6.203303e-02 6.557971e-02
4.450000e+01 5.414900e-02 6.199179e-02 6.554076e-02
4.460000e+01 5.421560e-02 6.195057e-02 6.550179e-02
4.470000e+01 5.428040e-02 6.190938e-02 6.546272e-02
4.480000e+01 5.434460e-02 6.186820e-02 6.542362e-02
4.490000e+01 5.440940e-02 6.182704e-02 6.538458e-02
4.500000e+01 5.447300e-02 6.178591e-02 6.534547e-02
4.510000e+01 5.453720e-02 6.174479e-02 6.530642e-02
4.520000e+01 5.460280e-02 6.170370e-02 6.526749e-02
4.530000e+01 5.466700e-02 6.166263e-02 6.522847e-02
4.540000e+01 5.472960e-02 6.162157e-02 6.518936e-02
4.550000e+01 5.479240e-02 6.158054e-02 6.515028e-02
4.560000e+01 5.485490e-02 6.153953e-02 6.511120e-02
4.570000e+01 5.491580e-02 6.149853e-02 6.507202e-02
4.580000e+01 5.497570e-02 6.145756e-02 6.503278e-02
4.590000e+01 5.503660e-02 6.141661e-02 6.499364e-02
4.600000e+01 5.509590e-02 6.137568e-02 6.495440e-02
4.610000e+01 5.515360e-02 6.133476e-02 6.491506e-02
4.620000e+01 5.521210e-02 6.129387e-02 6.487580e-02
4.630000e+01 5.527230e-02 6.125300e-02 6.483667e-02
4.640000e+01 5.533110e-02 6.121214e-02 6.479745e-02
4.650000e+01 5.538930e-02 6.117131e-02 6.475822e-02
4.660000e+01 5.544810e-02 6.113049e-02 6.471904e-02
4.670000e+01 5.550530e-02 6.108970e-02 6.467976e-02
4.680000e+01 5.556100e-02 6.104892e-02 6.464040e-02
4.690000e+01 5.561780e-02 6.100816e-02 6.460113e-02
4.700000e+01 5.567340e-02 6.096742e-02 6.456180e-02
4.710000e+01 5.572760e-02 6.092671e-02 6.452239e-02
4.720000e+01 5.578140e-02 6.088601e-02 6.448296e-02
4.730000e+01 5.583560e-02 6.084533e-02 6.444357e-02
4.740000e+01 5.588830e-02 6.080467e-02 6.440410e-02
4.750000e+01 5.594160e-02 6.076403e-02 6.436469e-02
4.760000e+01 5.599650e-02 6.072340e-02 6.432540e-02
4.770000e+01 5.605020e-02 6.068280e-02 6.428605e-02
4.780000e+01 5.610260e-02 6.064222e-02 6.424662e-02
4.790000e+01 5.615440e-02 6.060165e-02 6.420717e-02
4.800000e+01 5.620680e-02 6.056111e-02 6.416777e-02
4.810000e+01 5.625760e-02 6.052058e-02 6.412829e-02
4.820000e+01 5.630710e-02 6.048008e-02 6.408873e-02
4.830000e+01 5.635740e-02 6.043959e-02 6.404924e-02
4.840000e+01 5.640680e-02 6.039912e-02 6.400970e-02
4.850000e+01 5.645480e-02 6.035867e-02 6.397009e-02
4.860000e+01 5.650210e-02 6.031824e-02 6.393045e-02
4.870000e+01 5.655190e-02 6.027783e-02 6.389099e-02
4.880000e+01 5.660100e-02 6.023744e-02 6.385150e-02
4.890000e+01 5.664880e-02 6.019707e-02 6.381193e-02
4.900000e+01 5.669690e-02 6.015671e-02 6.377241e-02
4.910000e+01 5.674460e-02 6.011637e-02 6.373287e-02
4.920000e+01 5.679100e-02 6.007606e-02 6.369326e-02
4.930000e+01 5.683600e-02 6.003576e-02 6.365357e-02
4.940000e+01 5.688230e-02 5.999548e-02 6.361399e-02
4.950000e+01 5.692730e-02 5.995522e-02 6.357434e-02
4.960000e+01 5.697090e-02 5.991498e-02 6.353461e-02
4.970000e+01 5.701420e-02 5.987476e-02 6.349487e-02
4.980000e+01 5.705790e-02 5.983455e-02 6.345517e-02
4.990000e+01 5.710190e-02 5.979437e-02 6.341552e-02
5.000000e+01 5.714540e-02 5.975420e-02 6.337584e-02
5.010000e+01 5.718930e-02 5.971406e-02 6.333621e-02
5.020000e+01 5.723280e-02 5.967393e-02 6.329657e-02
5.030000e+01 5.727490e-02 5.963382e-02 6.325685e-02
5.040000e+01 5.731570e-02 5.959373e-02 6.321706e-02
5.050000e+01 5.735780e-02 5.955366e-02 6.317738e-02
5.060000e+01 5.739860e-02 5.951361e-02 6.313763e-02
5.070000e+01 5.743810e-02 5.947358e-02 6.309780e-02
5.080000e+01 5.747710e-02 5.943357e-02 6.305796e-02
5.090000e+01 5.751660e-02 5.939357e-02 6.301816e-02
5.100000e+01 5.755480e-02 5.935360e-02 6.297831e-02
5.110000e+01 5.759360e-02 5.931364e-02 6.293850e-02
5.120000e+01 5.763310e-02 5.927371e-02 6.289876e-02
5.130000e+01 5.767250e-02 5.923379e-02 6.285902e-02
5.140000e+01 5.771060e-02 5.919389e-02 6.281922e-02
5.150000e+01 5.774740e-02 5.915401e-02 6.277936e-02
5.160000e+01 5.778490e-02 5.911415e-02 6.273955e-02
5.170000e+01 5.782180e-02 5.907431e-02 6.269972e-02
5.180000e+01 5.785740e-02 5.903449e-02 6.265982e-02
5.190000e+01 5.789180e-02 5.899469e-02 6.261986e-02
5.200000e+01 5.792730e-02 5.895490e-02 6.257999e-02
5.210000e+01 5.796170e-02 5.891514e-02 6.254007e-02
5.220000e+01 5.799480e-02 5.887540e-02 6.250008e-02
5.230000e+01 5.802910e-02 5.883567e-02 6.246018e-02
5.240000e+01 5.806460e-02 5.879596e-02 6.242038e-02
5.250000e+01 5.809900e-02 5.875628e-02 6.238052e-02
5.260000e+01 5.813210e-02 5.871661e-02 6.234060e-02
5.270000e+01 5.816460e-02 5.867696e-02 6.230065e-02
5.280000e+01 5.819770e-02 5.863733e-02 6.226077e-02
5.290000e+01 5.822970e-02 5.859773e-02 6.222082e-02
5.300000e+01 5.826040e-02 5.855814e-02 6.218082e-02
5.310000e+01 5.829080e-02 5.851857e-02 6.214081e-02
5.320000e+01 5.832160e-02 5.847902e-02 6.210084e-02
5.330000e+01 5.835120e-02 5.843949e-02 6.206081e-02
5.340000e+01 5.837970e-02 5.839998e-02 6.202073e-02
5.350000e+01 5.841020e-02 5.836049e-02 6.198081e-02
5.360000e+01 5.844100e-02 5.832102e-02 6.194091e-02
5.370000e+01 5.847060e-02 5.828157e-02 6.190096e-02
5.380000e+01 5.849900e-02 5.824214e-02 6.186095e-02
5.390000e+01 5.852740e-02 5.820274e-02 6.182095e-02
5.400000e+01 5.855580e-02 5.816335e-02 6.178098e-02
5.410000e+01 5.858310e-02 5.812398e-02 6.174096e-02
5.420000e+01 5.860930e-02 5.808463e-02 6.170087e-02
5.430000e+01 5.863540e-02 5.804530e-02 6.166080e-02
5.440000e+01 5.866160e-02 5.800599e-02 6.162076e-02
5.450000e+01 5.868660e-02 5.796670e-02 6.158067e-02
5.460000e+01 5.871110e-02 5.792744e-02 6.154055e-02
5.470000e+01 5.873720e-02 5.788819e-02 6.150056e-02
5.480000e+01 5.876340e-02 5.784896e-02 6.146060e-02
5.490000e+01 5.878850e-02 5.780975e-02 6.142058e-02
5.500000e+01 5.881250e-02 5.777057e-02 6.138051e-02
5.510000e+01 5.883620e-02 5.773140e-02 6.134044e-02
5.520000e+01 5.886030e-02 5.769226e-02 6.130042e-02
5.530000e+01 5.888320e-02 5.765313e-02 6.126034e-02
5.540000e+01 5.890510e-02 5.761403e-02 6.122021e-02
5.550000e+01 5.892640e-02 5.757495e-02 6.118007e-02
5.560000e+01 5.894830e-02 5.753588e-02 6.113998e-02
5.570000e+01 5.896910e-02 5.749684e-02 6.109984e-02
5.580000e+01 5.899000e-02 5.745782e-02 6.105973e-02
5.590000e+01 5.901110e-02 5.741882e-02 6.101966e-02
5.600000e+01 5.903310e-02 5.737984e-02 6.097966e-02
5.610000e+01 5.905400e-02 5.734089e-02 6.093961e-02
5.620000e+01 5.907380e-02 5.730195e-02 6.089952e-02
5.630000e+01 5.909260e-02 5.726303e-02 6.085937e-02
5.640000e+01 5.911240e-02 5.722414e-02 6.081931e-02
5.650000e+01 5.913120e-02 5.718526e-02 6.077921e-02
5.660000e+01 5.914900e-02 5.714641e-02 6.073907e-02
5.670000e+01 5.916570e-02 5.710758e-02 6.069888e-02
5.680000e+01 5.918300e-02 5.706877e-02 6.065873e-02
5.690000e+01 5.919970e-02 5.702998e-02 6.061859e-02
5.700000e+01 5.921740e-02 5.699122e-02 6.057852e-02
5.710000e+01 5.923430e-02 5.695247e-02 6.053842e-02
5.720000e+01 5.925120e-02 5.691375e-02 6.049834e-02
5.730000e+01 5.926810e-02 5.687504e-02 6.045829e-02
5.740000e+01 5.928400e-02 5.683636e-02 6.041820e-02
5.750000e+01 5.929900e-02 5.679770e-02 6.037806e-02
5.760000e+01 5.931320e-02 5.675906e-02 6.033790e-02
5.770000e+01 5.932820e-02 5.672045e-02 6.029781e-02
5.780000e+01 5.934220e-02 5.668185e-02 6.025768e-02
5.790000e+01 5.935510e-02 5.664328e-02 6.021750e-02
5.800000e+01 5.936720e-02 5.660473e-02 6.017729e-02
5.810000e+01 5.938040e-02 5.656621e-02 6.013717e-02
5.820000e+01 5.939460e-02 5.652770e-02 6.009714e-02
5.830000e+01 5.940780e-02 5.648922e-02 6.005707e-02
5.840000e+01 5.942000e-02 5.645076e-02 6.001696e-02
5.850000e+01 5.943210e-02 5.641232e-02 5.997687e-02
5.860000e+01 5.944440e-02 5.637390e-02 5.993681e-02
5.870000e+01 5.945570e-02 5.633551e-02 5.989671e-02
5.880000e+01 5.946600e-02 5.629714e-02 5.985657e-02
5.890000e+01 5.947540e-02 5.625879e-02 5.981640e-02
5.900000e+01 5.948580e-02 5.622047e-02 5.977631e-02
5.910000e+01 5.949520e-02 5.618217e-02 5.973618e-02
5.920000e+01 5.950370e-02 5.614389e-02 5.969602e-02
5.930000e+01 5.951270e-02 5.610564e-02 5.965592e-02
5.940000e+01 5.952240e-02 5.606740e-02 5.961589e-02
5.950000e+01 5.953210e-02 5.602920e-02 5.957587e-02
5.960000e+01 5.954080e-02 5.599101e-02 5.953582e-02
5.970000e+01 5.954860e-02 5.595285e-02 5.949574e-02
5.980000e+01 5.955550e-02 5.591471e-02 5.945562e-02
5.990000e+01 5.956330e-02 5.587659e-02 5.941558e-02
6.000000e+01 5.957020e-02 5.583850e-02 5.937551e-02
6.010000e+01 5.957620e-02 5.580043e-02 5.933541e-02
6.020000e+01 5.958120e-02 5.576238e-02 5.929527e-02
6.030000e+01 5.958620e-02 5.572436e-02 5.925515e-02
6.040000e+01 5.959180e-02 5.568636e-02 5.921510e-02
6.050000e+01 5.959800e-02 5.564839e-02 5.917511e-02
6.060000e+01 5.960340e-02 5.561044e-02 5.913509e-02
6.070000e+01 5.960780e-02 5.557251e-02 5.909504e-02
6.080000e+01 5.961280e-02 5.553461e-02 5.905505e-02
6.090000e+01 5.961730e-02 5.549673e-02 5.901505e-02
6.100000e+01 5.962090e-02 5.545888e-02 5.897502e-02
6.110000e+01 5.962360e-02 5.542105e-02 5.893496e-02
6.120000e+01 5.962560e-02 5.538324e-02 5.889489e-02
6.130000e+01 5.962830e-02 5.534546e-02 5.885488e-02
6.140000e+01 5.963020e-02 5.530770e-02 5.881484e-02
6.150000e+01 5.963110e-02 5.526997e-02 5.877478e-02
6.160000e+01 5.963290e-02 5.523226e-02 5.873479e-02
6.170000e+01 5.963490e-02 5.519458e-02 5.869484e-02
6.180000e+01 5.963710e-02 5.515692e-02 5.865493e-02
6.190000e+01 5.963830e-02 5.511929e-02 5.861499e-02
6.200000e+01 5.963880e-02 5.508168e-02 5.857502e-02
6.210000e+01 5.963830e-02 5.504409e-02 5.853503e-02
6.220000e+01 5.963810e-02 5.500654e-02 5.849507e-02
6.230000e+01 5.963770e-02 5.496900e-02 5.845513e-02
6.240000e+01 5.963640e-02 5.493149e-02 5.841517e-02
6.250000e+01 5.963430e-02 5.489401e-02 5.837517e-02
6.260000e+01 5.963140e-02 5.485655e-02 5.833516e-02
6.270000e+01 5.962990e-02 5.481912e-02 5.829525e-02
6.280000e+01 5.962890e-02 5.478171e-02 5.825542e-02
6.290000e+01 5.962720e-02 5.474433e-02 5.821555e-02
6.300000e+01 5.962460e-02 5.470697e-02 5.817567e-02
6.310000e+01 5.962120e-02 5.466964e-02 5.813576e-02
6.320000e+01 5.961840e-02 5.463233e-02 5.809592e-02
6.330000e+01 5.961500e-02 5.459505e-02 5.805606e-02
6.340000e+01 5.961080e-02 5.455780e-02 5.801619e-02
6.350000e+01 5.960580e-02 5.452057e-02 5.797629e-02
6.360000e+01 5.959990e-02 5.448336e-02 5.793637e-02
6.370000e+01 5.959480e-02 5.444619e-02 5.789652e-02
6.380000e+01 5.958920e-02 5.440903e-02 5.785667e-02
6.390000e+01 5.958460e-02 5.437191e-02 5.781690e-02
6.400000e+01 5.957910e-02 5.433481e-02 5.777712e-02
6.410000e+01 5.957290e-02 5.429774e-02 5.773731e-02
6.420000e+01 5.956730e-02 5.426069e-02 5.769758e-02
6.430000e+01 5.956100e-02 5.422367e-02 5.765783e-02
6.440000e+01 5.955400e-02 5.418667e-02 5.761806e-02
6.450000e+01 5.954610e-02 5.414971e-02 5.757827e-02
6.460000e+01 5.953750e-02 5.411276e-02 5.753846e-02
6.470000e+01 5.952940e-02 5.407585e-02 5.749871e-02
6.480000e+01 5.952080e-02 5.403896e-02 5.745897e-02
6.490000e+01 5.951140e-02 5.400210e-02 5.741920e-02
6.500000e+01 5.950310e-02 5.396526e-02 5.737952e-02
6.510000e+01 5.949410e-02 5.392846e-02 5.733984e-02
6.520000e+01 5.948540e-02 5.389168e-02 5.730020e-02
6.530000e+01 5.947640e-02 5.385492e-02 5.726058e-02
6.540000e+01 5.946670e-02 5.381820e-02 5.722094e-02
6.550000e+01 5.945620e-02 5.378150e-02 5.718128e-02
6.560000e+01 5.944490e-02 5.374482e-02 5.714160e-02
6.570000e+01 5.943360e-02 5.370818e-02 5.710195e-02
6.580000e+01 5.942230e-02 5.367156e-02 5.706234e-02
6.590000e+01 5.941030e-02 5.363497e-02 5.702271e-02
6.600000e+01 5.939750e-02 5.359841e-02 5.698306e-02
6.610000e+01 5.938540e-02 5.356188e-02 5.694349e-02
6.620000e+01 5.937330e-02 5.352537e-02 5.690394e-02
6.630000e+01 5.936170e-02 5.348889e-02 5.686446e-02
6.640000e+01 5.934930e-02 5.345244e-02 5.682496e-02
6.650000e+01 5.933620e-02 5.341601e-02 5.678545e-02
6.660000e+01 5.932240e-02 5.337962e-02 5.674592e-02
6.670000e+01 5.930780e-02 5.334325e-02 5.670638e-02
6.680000e+01 5.929370e-02 5.330691e-02 5.666690e-02
6.690000e+01 5.927910e-02 5.327059e-02 5.662742e-02
6.700000e+01 5.926380e-02 5.323431e-02 5.658793e-02
6.710000e+01 5.924780e-02 5.319805e-02 5.654842e-02
6.720000e+01 5.923220e-02 5.316183e-02 5.650898e-02
6.730000e+01 5.921710e-02 5.312563e-02 5.646959e-02
6.740000e+01 5.920220e-02 5.308945e-02 5.643025e-02
6.750000e+01 5.918660e-02 5.305331e-02 5.639090e-02
6.760000e+01 5.917030e-02 5.301719e-02 5.635153e-02
6.770000e+01 5.915330e-02 5.298111e-02 5.631216e-02
6.780000e+01 5.913560e-02 5.294505e-02 5.627277e-02
6.790000e+01 5.911830e-02 5.290902e-02 5.623345e-02
6.800000e+01 5.910060e-02 5.287302e-02 5.619412e-02
6.810000e+01 5.908210e-02 5.283705e-02 5.615479e-02
6.820000e+01 5.906300e-02 5.280110e-02 5.611545e-02
6.830000e+01 5.904420e-02 5.276519e-02 5.607616e-02
6.840000e+01 5.902580e-02 5.272930e-02 5.603692e-02
6.850000e+01 5.900780e-02 5.269344e-02 5.599774e-02
6.860000e+01 5.898910e-02 5.265761e-02 5.595856e-02
6.870000e+01 5.896970e-02 5.262181e-02 5.591936e-02
6.880000e+01 5.894960e-02 5.258604e-02 5.588016e-02
6.890000e+01 5.892890e-02 5.255030e-02 5.584095e-02
6.900000e+01 5.890810e-02 5.251459e-02 5.580177e-02
6.910000e+01 5.888740e-02 5.247890e-02 5.576262e-02
6.920000e+01 5.886590e-02 5.244325e-02 5.572346e-02
6.930000e+01 5.884380e-02 5.240762e-02 5.568430e-02
6.940000e+01 5.882200e-02 5.237203e-02 5.564519e-02
6.950000e+01 5.880040e-02 5.233646e-02 5.560612e-02
6.960000e+01 5.877910e-02 5.230092e-02 5.556711e-02
6.970000e+01 5.875740e-02 5.226541e-02 5.552810e-02
6.980000e+01 5.873510e-02 5.222993e-02 5.548909e-02
6.990000e+01 5.871220e-02 5.219448e-02 5.545008e-02
7.000000e+01 5.868850e-02 5.215906e-02 5.541106e-02
7.010000e+01 5.866420e-02 5.212367e-02 5.537203e-02
7.020000e+01 5.864040e-02 5.208831e-02 5.533306e-02
7.030000e+01 5.861610e-02 5.205298e-02 5.529410e-02
7.040000e+01 5.859110e-02 5.201768e-02 5.525514e-02
7.050000e+01 5.856670e-02 5.198241e-02 5.521624e-02
7.060000e+01 5.854220e-02 5.194717e-02 5.517737e-02
7.070000e+01 5.851720e-02 5.191195e-02 5.513850e-02
7.080000e+01 5.849250e-02 5.187677e-02 5.509969e-02
7.090000e+01 5.846740e-02 5.184162e-02 5.506089e-02
7.100000e+01 5.844170e-02 5.180650e-02 5.502208e-02
7.110000e+01 5.841530e-02 5.177141e-02 5.498327e-02
7.120000e+01 5.838830e-02 5.173635e-02 5.494446e-02
7.130000e+01 5.836070e-02 5.170131e-02 5.490565e-02
7.140000e+01 5.833340e-02 5.166631e-02 5.486688e-02
7.150000e+01 5.830570e-02 5.163134e-02 5.482814e-02
7.160000e+01 5.827880e-02 5.159640e-02 5.478947e-02
7.170000e+01 5.825170e-02 5.156149e-02 5.475082e-02
7.180000e+01 5.822400e-02 5.152661e-02 5.471217e-02
7.190000e+01 5.819560e-02 5.149176e-02 5.467352e-02
7.200000e+01 5.816730e-02 5.145694e-02 5.463491e-02
7.210000e+01 5.813890e-02 5.142215e-02 5.459633e-02
7.220000e+01 5.810990e-02 5.138740e-02 5.455774e-02
7.230000e+01 5.808030e-02 5.135267e-02 5.451916e-02
7.240000e+01 5.805000e-02 5.131797e-02 5.448057e-02
7.250000e+01 5.801910e-02 5.128331e-02 5.444198e-02
7.260000e+01 5.798800e-02 5.124867e-02 5.440342e-02
7.270000e+01 5.795890e-02 5.121407e-02 5.436500e-02
7.280000e+01 5.792910e-02 5.117949e-02 5.432659e-02
7.290000e+01 5.789880e-02 5.114495e-02 5.428817e-02
7.300000e+01 5.786790e-02 5.111044e-02 5.424976e-02
7.310000e+01 5.783630e-02 5.107596e-02 5.421134e-02
7.320000e+01 5.780420e-02 5.104151e-02 5.417293e-02
7.330000e+01 5.777250e-02 5.100709e-02 5.413458e-02
7.340000e+01 5.774030e-02 5.097270e-02 5.409623e-02
7.350000e+01 5.770750e-02 5.093834e-02 5.405789e-02
7.360000e+01 5.767420e-02 5.090402e-02 5.401955e-02
7.370000e+01 5.764070e-02 5.086972e-02 5.398124e-02
7.380000e+01 5.760790e-02 5.083546e-02 5.394300e-02
7.390000e+01 5.757490e-02 5.080123e-02 5.390479e-02
7.400000e+01 5.754210e-02 5.076703e-02 5.386662e-02
7.410000e+01 5.750870e-02 5.073286e-02 5.382846e-02
7.420000e+01 5.747470e-02 5.069872e-02 5.379030e-02
7.430000e+01 5.744020e-02 5.066461e-02 5.375214e-02
7.440000e+01 5.740500e-02 5.063054e-02 5.371399e-02
7.450000e+01 5.736930e-02 5.059649e-02 5.367584e-02
7.460000e+01 5.733380e-02 5.056248e-02 5.363773e-02
7.470000e+01 5.729800e-02 5.052850e-02 5.359965e-02
7.480000e+01 5.726270e-02 5.049455e-02 5.356163e-02
7.490000e+01 5.722750e-02 5.046063e-02 5.352366e-02
7.500000e+01 5.719180e-02 5.042675e-02 5.348569e-02
7.510000e+01 5.715550e-02 5.039289e-02 5.344773e-02
7.520000e+01 5.711870e-02 5.035907e-02 5.340977e-02
7.530000e+01 5.708220e-02 5.032528e-02 5.337186e-02
7.540000e+01 5.704520e-02 5.029153e-02 5.333397e-02
7.550000e+01 5.700780e-02 5.025780e-02 5.329609e-02
7.560000e+01 5.696970e-02 5.022410e-02 5.325821e-02
7.570000e+01 5.693110e-02 5.019044e-02 5.322034e-02
7.580000e+01 5.689200e-02 5.015681e-02 5.318247e-02
7.590000e+01 5.685390e-02 5.012321e-02 5.314470e-02
7.600000e+01 5.681630e-02 5.008965e-02 5.310699e-02
7.610000e+01 5.677830e-02 5.005611e-02 5.306929e-02
7.620000e+01 5.673970e-02 5.002261e-02 5.303160e-02
7.630000e+01 5.670050e-02 4.998914e-02 5.299392e-02
7.640000e+01 5.666080e-02 4.995570e-02 5.295624e-02
7.650000e+01 5.662060e-02 4.992229e-02 5.291857e-02
7.660000e+01 5.657980e-02 4.988892e-02 5.288091e-02
7.670000e+01 5.653930e-02 4.985558e-02 5.284330e-02
7.680000e+01 5.649850e-02 4.982227e-02 5.280571e-02
7.690000e+01 5.645780e-02 4.978899e-02 5.276816e-02
7.700000e+01 5.641750e-02 4.975574e-02 5.273068e-02
7.710000e+01 5.637680e-02 4.972253e-02 5.269320e-02
7.720000e+01 5.633550e-02 4.968935e-02 5.265573e-02
7.730000e+01 5.629370e-02 4.965620e-02 5.261827e-02
7.740000e+01 5.625190e-02 4.962308e-02 5.258085e-02
7.750000e+01 5.621000e-02 4.959000e-02 5.254346e-02
7.760000e+01 5.616760e-02 4.955694e-02 5.250608e-02
7.770000e+01 5.612470e-02 4.952392e-02 5.246871e-02
7.780000e+01 5.608120e-02 4.949094e-02 5.243135e-02
7.790000e+01 5.603720e-02 4.945798e-02 5.239399e-02
7.800000e+01 5.599430e-02 4.942506e-02 5.235674e-02
7.810000e+01 5.595110e-02 4.939217e-02 5.231950e-02
7.820000e+01 5.590820e-02 4.935931e-02 5.228232e-02
7.830000e+01 5.586480e-02 4.932648e-02 5.224515e-02
7.840000e+01 5.582090e-02 4.929369e-02 5.220799e-02
7.850000e+01 5.577650e-02 4.926093e-02 5.217084e-02
7.860000e+01 5.573150e-02 4.922820e-02 5.213370e-02
7.870000e+01 5.568610e-02 4.919551e-02 5.209656e-02
7.880000e+01 5.564010e-02 4.916285e-02 5.205944e-02
7.890000e+01 5.559420e-02 4.913022e-02 5.202236e-02
7.900000e+01 5.554900e-02 4.909762e-02 5.198536e-02
7.910000e+01 5.550410e-02 4.906506e-02 5.194841e-02
7.920000e+01 5.545880e-02 4.903253e-02 5.191147e-02
7.930000e+01 5.541290e-02 4.900003e-02 5.187455e-02
7.940000e+01 5.536650e-02 4.896757e-02 5.183763e-02
7.950000e+01 5.531960e-02 4.893513e-02 5.180073e-02
7.960000e+01 5.527230e-02 4.890273e-02 5.176384e-02
7.970000e+01 5.522500e-02 4.887037e-02 5.172699e-02
7.980000e+01 5.517760e-02 4.883803e-02 5.169017e-02
7.990000e+01 5.512960e-02 4.880573e-02 5.165336e-02
8.000000e+01 5.508140e-02 4.877347e-02 5.161658e-02
8.010000e+01 5.503410e-02 4.874123e-02 5.157988e-02
8.020000e+01 5.498630e-02 4.870903e-02 5.154320e-02
8.030000e+01 5.493810e-02 4.867686e-02 5.150653e-02
8.040000e+01 5.488930e-02 4.864472e-02 5.146987e-02
8.050000e+01 5.484070e-02 4.861262e-02 5.143325e-02
8.060000e+01 5.479180e-02 4.858055e-02 5.139666e-02
8.070000e+01 5.474250e-02 4.854851e-02 5.136009e-02
8.080000e+01 5.469260e-02 4.851650e-02 5.132352e-02
8.090000e+01 5.464230e-02 4.848453e-02 5.128697e-02
8.100000e+01 5.459160e-02 4.845259e-02 5.125043e-02
8.110000e+01 5.454180e-02 4.842068e-02 5.121399e-02
8.120000e+01 5.449170e-02 4.838881e-02 5.117756e-02
8.130000e+01 5.444150e-02 4.835697e-02 5.114117e-02
8.140000e+01 5.439130e-02 4.832516e-02 5.110482e-02
8.150000e+01 5.434070e-02 4.829339e-02 5.106848e-02
8.160000e+01 5.428950e-02 4.826165e-02 5.103216e-02
8.170000e+01 5.423790e-02 4.822994e-02 5.099585e-02
8.180000e+01 5.418590e-02 4.819826e-02 5.095955e-02
8.190000e+01 5.413340e-02 4.816662e-02 5.092327e-02
8.200000e+01 5.408040e-02 4.813501e-02 5.088700e-02
8.210000e+01 5.402800e-02 4.810343e-02 5.085080e-02
8.220000e+01 5.397660e-02 4.807189e-02 5.081469e-02
8.230000e+01 5.392460e-02 4.804038e-02 5.077860e-02
8.240000e+01 5.387220e-02 4.800890e-02 5.074252e-02
8.250000e+01 5.381940e-02 4.797746e-02 5.070645e-02
8.260000e+01 5.376610e-02 4.794605e-02 5.067040e-02
8.270000e+01 5.371230e-02 4.791467e-02 5.063436e-02
8.280000e+01 5.365810e-02 4.788333e-02 5.059834e-02
8.290000e+01 5.360340e-02 4.785202e-02 5.056233e-02
8.300000e+01 5.354860e-02 4.782074e-02 5.052635e-02
8.310000e+01 5.349460e-02 4.778949e-02 5.049046e-02
8.320000e+01 5.344100e-02 4.775828e-02 5.045463e-02
8.330000e+01 5.338690e-02 4.772711e-02 5.041881e-02
8.340000e+01 5.333240e-02 4.769596e-02 5.038301e-02
8.350000e+01 5.327740e-02 4.766485e-02 5.034722e-02
8.360000e+01 5.322200e-02 4.763377e-02 5.031145e-02
8.370000e+01 5.316610e-02 4.760273e-02 5.027569e-02
8.380000e+01 5.310980e-02 4.757171e-02 5.023995e-02
8.390000e+01 5.305340e-02 4.754073e-02 5.020424e-02
8.400000e+01 5.299690e-02 4.750979e-02 5.016857e-02
8.410000e+01 5.294080e-02 4.747888e-02 5.013295e-02
8.420000e+01 5.288510e-02 4.744800e-02 5.009740e-02
8.430000e+01 5.282890e-02 4.741715e-02 5.006186e-02
8.440000e+01 5.277230e-02 4.738634e-02 5.002634e-02
8.450000e+01 5.271530e-02 4.735556e-02 4.999084e-02
8.460000e+01 5.265790e-02 4.732481e-02 4.995535e-02
8.470000e+01 5.260000e-02 4.729410e-02 4.991988e-02
8.480000e+01 5.254180e-02 4.726342e-02 4.988443e-02
8.490000e+01 5.248380e-02 4.723277e-02 4.984903e-02
8.500000e+01 5.242540e-02 4.720215e-02 4.981365e-02
8.510000e+01 5.236720e-02 4.717157e-02 4.977832e-02
8.520000e+01 5.230950e-02 4.714102e-02 4.974306e-02
8.530000e+01 5.225140e-02 4.711051e-02 4.970781e-02
8.540000e+01 5.219280e-02 4.708003e-02 4.967258e-02
8.550000e+01 5.213390e-02 4.704958e-02 4.963737e-02
8.560000e+01 5.207450e-02 4.701916e-02 4.960217e-02
8.570000e+01 5.201470e-02 4.698878e-02 4.956700e-02
8.580000e+01 5.195490e-02 4.695843e-02 4.953185e-02
8.590000e+01 5.189490e-02 4.692812e-02 4.949675e-02
8.600000e+01 5.183460e-02 4.689784e-02 4.946166e-02
8.610000e+01 5.177460e-02 4.686759e-02 4.942663e-02
8.620000e+01 5.171500e-02 4.683737e-02 4.939166e-02
8.630000e+01 5.165500e-02 4.680719e-02 4.935671e-02
8.640000e+01 5.159460e-02 4.677704e-02 4.932177e-02
8.650000e+01 5.153380e-02 4.674692e-02 4.928686e-02
8.660000e+01 5.147250e-02 4.671684e-02 4.925196e-02
8.670000e+01 5.141090e-02 4.668679e-02 4.921708e-02
8.680000e+01 5.134920e-02 4.665677e-02 4.918224e-02
8.690000e+01 5.128740e-02 4.662678e-02 4.914743e-02
8.700000e+01 5.122530e-02 4.659683e-02 4.911264e-02
8.710000e+01 5.116360e-02 4.656692e-02 4.907792e-02
8.720000e+01 5.110210e-02 4.653703e-02 4.904325e-02
8.730000e+01 5.104030e-02 4.650718e-02 4.900859e-02
8.740000e+01 5.097810e-02 4.647736e-02 4.897396e-02
8.750000e+01 5.091550e-02 4.644758e-02 4.893935e-02
8.760000e+01 5.085250e-02 4.641783e-02 4.890475e-02
8.770000e+01 5.078900e-02 4.638811e-02 4.887018e-02
8.780000e+01 5.072530e-02 4.635842e-02 4.883562e-02
8.790000e+01 5.066180e-02 4.632877e-02 4.880112e-02
8.800000e+01 5.059780e-02 4.629915e-02 4.876664e-02
8.810000e+01 5.053460e-02 4.626956e-02 4.873223e-02
8.820000e+01 5.047140e-02 4.624001e-02 4.869786e-02
8.830000e+01 5.040780e-02 4.621049e-02 4.866351e-02
8.840000e+01 5.034380e-02 4.618100e-02 4.862918e-02
8.850000e+01 5.027950e-02 4.615155e-02 4.859487e-02
8.860000e+01 5.021470e-02 4.612213e-02 4.856058e-02
8.870000e+01 5.014960e-02 4.609274e-02 4.852631e-02
8.880000e+01 5.008410e-02 4.606338e-02 4.849206e-02
8.890000e+01 5.001840e-02 4.603406e-02 4.845784e-02
8.900000e+01 4.995270e-02 4.600477e-02 4.842366e-02
8.910000e+01 4.988820e-02 4.597552e-02 4.838958e-02
8.920000e+01 4.982330e-02 4.594629e-02 4.835552e-02
8.930000e+01 4.975800e-02 4.591710e-02 4.832148e-02
8.940000e+01 4.969230e-02 4.588794e-02 4.828746e-02
8.950000e+01 4.962630e-02 4.585882e-02 4.825346e-02
8.960000e+01 4.955980e-02 4.582973e-02 4.821948e-02
8.970000e+01 4.949310e-02 4.580067e-02 4.818552e-02
8.980000e+01 4.942590e-02 4.577164e-02 4.815158e-02
8.990000e+01 4.935840e-02 4.574265e-02 4.811766e-02
9.000000e+01 4.929100e-02 4.571369e-02 4.808378e-02
9.010000e+01 4.922480e-02 4.568476e-02 4.805001e-02
9.020000e+01 4.915830e-02 4.565587e-02 4.801626e-02
9.030000e+01 4.909130e-02 4.562700e-02 4.798253e-02
9.040000e+01 4.902410e-02 4.559818e-02 4.794882e-02
9.050000e+01 4.895640e-02 4.556938e-02 4.791513e-02
9.060000e+01 4.888840e-02 4.554062e-02 4.788147e-02
9.070000e+01 4.882000e-02 4.551189e-02 4.784782e-02
9.080000e+01 4.875130e-02 4.548319e-02 4.781419e-02
9.090000e+01 4.868220e-02 4.545453e-02 4.778059e-02
9.100000e+01 4.861380e-02 4.542590e-02 4.774706e-02
9.110000e+01 4.854540e-02 4.539730e-02 4.771357e-02
9.120000e+01 4.847690e-02 4.536873e-02 4.768011e-02
9.130000e+01 4.840840e-02 4.534020e-02 4.764670e-02
9.140000e+01 4.833950e-02 4.531170e-02 4.761330e-02
9.150000e+01 4.827030e-02 4.528323e-02 4.757993e-02
9.160000e+01 4.820080e-02 4.525480e-02 4.754658e-02
9.170000e+01 4.813080e-02 4.522640e-02 4.751325e-02
9.180000e+01 4.806060e-02 4.519803e-02 4.747994e-02
9.190000e+01 4.799010e-02 4.516969e-02 4.744666e-02
9.200000e+01 4.792060e-02 4.514139e-02 4.741347e-02
9.210000e+01 4.785080e-02 4.511312e-02 4.738030e-02
9.220000e+01 4.778060e-02 4.508488e-02 4.734715e-02
9.230000e+01 4.771000e-02 4.505667e-02 4.731403e-02
9.240000e+01 4.763910e-02 4.502850e-02 4.728092e-02
9.250000e+01 4.756830e-02 4.500036e-02 4.724786e-02
9.260000e+01 4.749720e-02 4.497225e-02 4.721483e-02
9.270000e+01 4.742580e-02 4.494418e-02 4.718181e-02
9.280000e+01 4.735400e-02 4.491614e-02 4.714882e-02
9.290000e+01 4.728280e-02 4.488813e-02 4.711590e-02
9.300000e+01 4.721190e-02 4.486015e-02 4.708303e-02
9.310000e+01 4.714050e-02 4.483220e-02 4.705017e-02
9.320000e+01 4.706890e-02 4.480429e-02 4.701734e-02
9.330000e+01 4.699690e-02 4.477641e-02 4.698454e-02
9.340000e+01 4.692450e-02 4.474856e-02 4.695175e-02
9.350000e+01 4.685180e-02 4.472075e-02 4.691899e-02
9.360000e+01 4.677880e-02 4.469297e-02 4.688625e-02
9.370000e+01 4.670550e-02 4.466522e-02 4.685353e-02
9.380000e+01 4.663240e-02 4.463750e-02 4.682087e-02
9.390000e+01 4.656030e-02 4.460981e-02 4.678829e-02
9.400000e+01 4.648790e-02 4.458216e-02 4.675573e-02
9.410000e+01 4.641520e-02 4.455454e-02 4.672320e-02
9.420000e+01 4.634210e-02 4.452695e-02 4.669069e-02
9.430000e+01 4.626870e-02 4.449939e-02 4.665821e-02
9.440000e+01 4.619500e-02 4.447187e-02 4.662574e-02
9.450000e+01 4.612090e-02 4.444437e-02 4.659330e-02
9.460000e+01 4.604660e-02 4.441691e-02 4.656088e-02
9.470000e+01 4.597180e-02 4.438949e-02 4.652849e-02
9.480000e+01 4.589810e-02 4.436209e-02 4.649617e-02
9.490000e+01 4.582420e-02 4.433473e-02 4.646390e-02
9.500000e+01 4.575000e-02 4.430739e-02 4.643164e-02
9.510000e+01 4.567540e-02 4.428010e-02 4.639941e-02
9.520000e+01 4.560080e-02 4.425283e-02 4.636721e-02
9.530000e+01 4.552600e-02 4.422559e-02 4.633504e-02
9.540000e+01 4.545100e-02 4.419839e-02 4.630290e-02
9.550000e+01 4.537560e-02 4.417122e-02 4.627078e-02
9.560000e+01 4.529990e-02 4.414408e-02 4.623869e-02
9.570000e+01 4.522470e-02 4.411697e-02 4.620666e-02
9.580000e+01 4.514980e-02 4.408990e-02 4.617468e-02
9.590000e+01 4.507460e-02 4.406286e-02 4.614272e-02
9.600000e+01 4.499910e-02 4.403585e-02 4.611079e-02
9.610000e+01 4.492320e-02 4.400887e-02 4.607888e-02
9.620000e+01 4.484710e-02 4.398192e-02 4.604699e-02
9.630000e+01 4.477060e-02 4.395501e-02 4.601513e-02
9.640000e+01 4.469380e-02 4.392812e-02 4.598329e-02
9.650000e+01 4.461670e-02 4.390127e-02 4.595148e-02
9.660000e+01 4.453980e-02 4.387445e-02 4.591971e-02
9.670000e+01 4.446370e-02 4.384767e-02 4.588802e-02
9.680000e+01 4.438750e-02 4.382091e-02 4.585636e-02
9.690000e+01 4.431100e-02 4.379419e-02 4.582473e-02
9.700000e+01 4.423420e-02 4.376749e-02 4.579312e-02
9.710000e+01 4.415710e-02 4.374083e-02 4.576153e-02
9.720000e+01 4.407970e-02 4.371420e-02 4.572997e-02
9.730000e+01 4.400190e-02 4.368761e-02 4.569843e-02
9.740000e+01 4.392390e-02 4.366104e-02 4.566691e-02
9.750000e+01 4.384590e-02 4.363451e-02 4.563543e-02
9.760000e+01 4.376870e-02 4.360800e-02 4.560403e-02
9.770000e+01 4.369110e-02 4.358153e-02 4.557265e-02
9.780000e+01 4.361330e-02 4.355509e-02 4.554130e-02
9.790000e+01 4.353520e-02 4.352868e-02 4.550997e-02
9.800000e+01 4.345680e-02 4.350231e-02 4.547866e-02
9.810000e+01 4.337810e-02 4.347596e-02 4.544738e-02
9.820000e+01 4.329910e-02 4.344965e-02 4.541612e-02
9.830000e+01 4.321980e-02 4.342336e-02 4.538489e-02
9.840000e+01 4.314070e-02 4.339711e-02 4.535370e-02
9.850000e+01 4.306260e-02 4.337089e-02 4.532260e-02
9.860000e+01 4.298420e-02 4.334470e-02 4.529152e-02
9.870000e+01 4.290560e-02 4.331854e-02 4.526047e-02
9.880000e+01 4.282660e-02 4.329242e-02 4.522944e-02
9.890000e+01 4.274730e-02 4.326632e-02 4.519843e-02
9.900000e+01 4.266780e-02 4.324026e-02 4.516745e-02
9.910000e+01 4.258790e-02 4.321422e-02 4.513649e-02
9.920000e+01 4.250780e-02 4.318822e-02 4.510556e-02
9.930000e+01 4.242750e-02 4.316225e-02 4.507466e-02
9.940000e+01 4.234820e-02 4.313631e-02 4.504384e-02
9.950000e+01 4.226860e-02 4.311041e-02 4.501305e-02
9.960000e+01 4.218880e-02 4.308453e-02 4.498228e-02
9.970000e+01 4.210860e-02 4.305868e-02 4.495153e-02
9.980000e+01 4.202820e-02 4.303287e-02 4.492081e-02
9.990000e+01 4.194750e-02 4.300708e-02 4.489011e-02
1.000000e+02 4.186650e-02 4.298133e-02 4.485944e-02
