# # chi(t) for Pe = 100, beta = 0.1, bridge_width = 1.0
# # Columns: time, chi, I_T (signed), I_|T| (unsigned)
0.000000e+00 0.000000e+00 7.671023e-02 7.671023e-02
1.000000e-01 0.000000e+00 7.992450e-02 7.992450e-02
2.000000e-01 0.000000e+00 8.003148e-02 8.003148e-02
3.000000e-01 0.000000e+00 8.004036e-02 8.004036e-02
4.000000e-01 0.000000e+00 8.004921e-02 8.004921e-02
5.000000e-01 8.000000e-07 8.005884e-02 8.005891e-02
6.000000e-01 1.060000e-05 8.006980e-02 8.007065e-02
7.000000e-01 3.400000e-05 8.008153e-02 8.008425e-02
8.000000e-01 5.180000e-05 8.009387e-02 8.009802e-02
9.000000e-01 5.050000e-05 8.010622e-02 8.011027e-02
1.000000e+00 3.470000e-05 8.011788e-02 8.012066e-02
1.100000e+00 1.500000e-05 8.012827e-02 8.012947e-02
1.200000e+00 1.700000e-06 8.013702e-02 8.013716e-02
1.300000e+00 0.000000e+00 8.014396e-02 8.014396e-02
1.400000e+00 0.000000e+00 8.014909e-02 8.014909e-02
1.500000e+00 0.000000e+00 8.015248e-02 8.015248e-02
1.600000e+00 0.000000e+00 8.015425e-02 8.015425e-02
1.700000e+00 0.000000e+00 8.015455e-02 8.015455e-02
1.800000e+00 0.000000e+00 8.015350e-02 8.015350e-02
1.900000e+00 0.000000e+00 8.015124e-02 8.015124e-02
2.000000e+00 0.000000e+00 8.014785e-02 8.014785e-02
2.100000e+00 0.000000e+00 8.014342e-02 8.014342e-02
2.200000e+00 0.000000e+00 8.013800e-02 8.013800e-02
2.300000e+00 0.000000e+00 8.013165e-02 8.013165e-02
2.400000e+00 0.000000e+00 8.012438e-02 8.012438e-02
2.500000e+00 0.000000e+00 8.011619e-02 8.011619e-02
2.600000e+00 0.000000e+00 8.010708e-02 8.010708e-02
2.700000e+00 0.000000e+00 8.009703e-02 8.009703e-02
2.800000e+00 0.000000e+00 8.008600e-02 8.008600e-02
2.900000e+00 0.000000e+00 8.007396e-02 8.007396e-02
3.000000e+00 0.000000e+00 8.006085e-02 8.006085e-02
3.100000e+00 0.000000e+00 8.004663e-02 8.004663e-02
3.200000e+00 0.000000e+00 8.003123e-02 8.003123e-02
3.300000e+00 0.000000e+00 8.001460e-02 8.001460e-02
3.400000e+00 0.000000e+00 7.999667e-02 7.999667e-02
3.500000e+00 0.000000e+00 7.997737e-02 7.997737e-02
3.600000e+00 0.000000e+00 7.995666e-02 7.995666e-02
3.700000e+00 0.000000e+00 7.993447e-02 7.993447e-02
3.800000e+00 0.000000e+00 7.991073e-02 7.991073e-02
3.900000e+00 0.000000e+00 7.988541e-02 7.988541e-02
4.000000e+00 0.000000e+00 7.985844e-02 7.985844e-02
4.100000e+00 0.000000e+00 7.982978e-02 7.982978e-02
4.200000e+00 0.000000e+00 7.979938e-02 7.979938e-02
4.300000e+00 0.000000e+00 7.976721e-02 7.976721e-02
4.400000e+00 0.000000e+00 7.973324e-02 7.973324e-02
4.500000e+00 0.000000e+00 7.969743e-02 7.969743e-02
4.600000e+00 0.000000e+00 7.965975e-02 7.965975e-02
4.700000e+00 0.000000e+00 7.962019e-02 7.962019e-02
4.800000e+00 0.000000e+00 7.957874e-02 7.957874e-02
4.900000e+00 0.000000e+00 7.953538e-02 7.953538e-02
5.000000e+00 0.000000e+00 7.949010e-02 7.949010e-02
5.100000e+00 0.000000e+00 7.944290e-02 7.944290e-02
5.200000e+00 0.000000e+00 7.939378e-02 7.939378e-02
5.300000e+00 0.000000e+00 7.934275e-02 7.934275e-02
5.400000e+00 0.000000e+00 7.928982e-02 7.928982e-02
5.500000e+00 0.000000e+00 7.923499e-02 7.923499e-02
5.600000e+00 0.000000e+00 7.917829e-02 7.917829e-02
5.700000e+00 0.000000e+00 7.911972e-02 7.911972e-02
5.800000e+00 0.000000e+00 7.905931e-02 7.905931e-02
5.900000e+00 0.000000e+00 7.899709e-02 7.899709e-02
6.000000e+00 0.000000e+00 7.893307e-02 7.893307e-02
6.100000e+00 0.000000e+00 7.886729e-02 7.886729e-02
6.200000e+00 0.000000e+00 7.879977e-02 7.879977e-02
6.300000e+00 0.000000e+00 7.873055e-02 7.873055e-02
6.400000e+00 0.000000e+00 7.865965e-02 7.865965e-02
6.500000e+00 0.000000e+00 7.858712e-02 7.858712e-02
6.600000e+00 0.000000e+00 7.851298e-02 7.851298e-02
6.700000e+00 0.000000e+00 7.843727e-02 7.843727e-02
6.800000e+00 0.000000e+00 7.836003e-02 7.836003e-02
6.900000e+00 0.000000e+00 7.828130e-02 7.828130e-02
7.000000e+00 0.000000e+00 7.820111e-02 7.820111e-02
7.100000e+00 0.000000e+00 7.811950e-02 7.811950e-02
7.200000e+00 0.000000e+00 7.803650e-02 7.803650e-02
7.300000e+00 0.000000e+00 7.795216e-02 7.795216e-02
7.400000e+00 0.000000e+00 7.786652e-02 7.786652e-02
7.500000e+00 0.000000e+00 7.777962e-02 7.777962e-02
7.600000e+00 0.000000e+00 7.769148e-02 7.769148e-02
7.700000e+00 0.000000e+00 7.760216e-02 7.760216e-02
7.800000e+00 0.000000e+00 7.751169e-02 7.751169e-02
7.900000e+00 0.000000e+00 7.742010e-02 7.742010e-02
8.000000e+00 0.000000e+00 7.732744e-02 7.732744e-02
8.100000e+00 0.000000e+00 7.723374e-02 7.723374e-02
8.200000e+00 0.000000e+00 7.713903e-02 7.713903e-02
8.300000e+00 0.000000e+00 7.704336e-02 7.704336e-02
8.400000e+00 0.000000e+00 7.694676e-02 7.694676e-02
8.500000e+00 0.000000e+00 7.684927e-02 7.684927e-02
8.600000e+00 0.000000e+00 7.675092e-02 7.675092e-02
8.700000e+00 0.000000e+00 7.665174e-02 7.665174e-02
8.800000e+00 0.000000e+00 7.655177e-02 7.655177e-02
8.900000e+00 0.000000e+00 7.645104e-02 7.645104e-02
9.000000e+00 0.000000e+00 7.634959e-02 7.634959e-02
9.100000e+00 0.000000e+00 7.624744e-02 7.624744e-02
9.200000e+00 0.000000e+00 7.614463e-02 7.614463e-02
9.300000e+00 0.000000e+00 7.604119e-02 7.604119e-02
9.400000e+00 0.000000e+00 7.593714e-02 7.593714e-02
9.500000e+00 0.000000e+00 7.583252e-02 7.583252e-02
9.600000e+00 0.000000e+00 7.572735e-02 7.572735e-02
9.700000e+00 0.000000e+00 7.562166e-02 7.562166e-02
9.800000e+00 0.000000e+00 7.551549e-02 7.551549e-02
9.900000e+00 0.000000e+00 7.540884e-02 7.540884e-02
1.000000e+01 0.000000e+00 7.530176e-02 7.530176e-02
1.010000e+01 0.000000e+00 7.519426e-02 7.519426e-02
1.020000e+01 0.000000e+00 7.508637e-02 7.508637e-02
1.030000e+01 0.000000e+00 7.497812e-02 7.497812e-02
1.040000e+01 0.000000e+00 7.486952e-02 7.486952e-02
1.050000e+01 0.000000e+00 7.476060e-02 7.476060e-02
1.060000e+01 0.000000e+00 7.465138e-02 7.465138e-02
1.070000e+01 0.000000e+00 7.454188e-02 7.454188e-02
1.080000e+01 0.000000e+00 7.443213e-02 7.443213e-02
1.090000e+01 0.000000e+00 7.432213e-02 7.432213e-02
1.100000e+01 0.000000e+00 7.421192e-02 7.421192e-02
1.110000e+01 0.000000e+00 7.410150e-02 7.410150e-02
1.120000e+01 0.000000e+00 7.399090e-02 7.399090e-02
1.130000e+01 0.000000e+00 7.388014e-02 7.388014e-02
1.140000e+01 0.000000e+00 7.376923e-02 7.376923e-02
1.150000e+01 0.000000e+00 7.365819e-02 7.365819e-02
1.160000e+01 0.000000e+00 7.354703e-02 7.354703e-02
1.170000e+01 0.000000e+00 7.343578e-02 7.343578e-02
1.180000e+01 0.000000e+00 7.332444e-02 7.332444e-02
1.190000e+01 0.000000e+00 7.321303e-02 7.321303e-02
1.200000e+01 0.000000e+00 7.310156e-02 7.310156e-02
1.210000e+01 0.000000e+00 7.299005e-02 7.299005e-02
1.220000e+01 0.000000e+00 7.287852e-02 7.287852e-02
1.230000e+01 0.000000e+00 7.276697e-02 7.276697e-02
1.240000e+01 0.000000e+00 7.265542e-02 7.265542e-02
1.250000e+01 0.000000e+00 7.254388e-02 7.254388e-02
1.260000e+01 0.000000e+00 7.243236e-02 7.243236e-02
1.270000e+01 0.000000e+00 7.232087e-02 7.232087e-02
1.280000e+01 0.000000e+00 7.220942e-02 7.220942e-02
1.290000e+01 0.000000e+00 7.209803e-02 7.209803e-02
1.300000e+01 0.000000e+00 7.198670e-02 7.198670e-02
1.310000e+01 0.000000e+00 7.187544e-02 7.187544e-02
1.320000e+01 0.000000e+00 7.176426e-02 7.176426e-02
1.330000e+01 0.000000e+00 7.165318e-02 7.165318e-02
1.340000e+01 0.000000e+00 7.154219e-02 7.154219e-02
1.350000e+01 0.000000e+00 7.143131e-02 7.143131e-02
1.360000e+01 0.000000e+00 7.132055e-02 7.132055e-02
1.370000e+01 0.000000e+00 7.120991e-02 7.120991e-02
1.380000e+01 0.000000e+00 7.109940e-02 7.109940e-02
1.390000e+01 0.000000e+00 7.098902e-02 7.098902e-02
1.400000e+01 0.000000e+00 7.087879e-02 7.087879e-02
1.410000e+01 0.000000e+00 7.076871e-02 7.076871e-02
1.420000e+01 0.000000e+00 7.065879e-02 7.065879e-02
1.430000e+01 0.000000e+00 7.054903e-02 7.054903e-02
1.440000e+01 0.000000e+00 7.043944e-02 7.043944e-02
1.450000e+01 0.000000e+00 7.033002e-02 7.033002e-02
1.460000e+01 0.000000e+00 7.022078e-02 7.022078e-02
1.470000e+01 0.000000e+00 7.011173e-02 7.011173e-02
1.480000e+01 0.000000e+00 7.000287e-02 7.000287e-02
1.490000e+01 0.000000e+00 6.989421e-02 6.989421e-02
1.500000e+01 0.000000e+00 6.978574e-02 6.978574e-02
1.510000e+01 0.000000e+00 6.967748e-02 6.967748e-02
1.520000e+01 0.000000e+00 6.956943e-02 6.956943e-02
1.530000e+01 0.000000e+00 6.946159e-02 6.946159e-02
1.540000e+01 0.000000e+00 6.935397e-02 6.935397e-02
1.550000e+01 0.000000e+00 6.924657e-02 6.924657e-02
1.560000e+01 0.000000e+00 6.913940e-02 6.913940e-02
1.570000e+01 0.000000e+00 6.903245e-02 6.903245e-02
1.580000e+01 0.000000e+00 6.892573e-02 6.892573e-02
1.590000e+01 0.000000e+00 6.881925e-02 6.881925e-02
1.600000e+01 0.000000e+00 6.871300e-02 6.871300e-02
1.610000e+01 0.000000e+00 6.860699e-02 6.860699e-02
1.620000e+01 0.000000e+00 6.850123e-02 6.850123e-02
1.630000e+01 0.000000e+00 6.839571e-02 6.839571e-02
1.640000e+01 0.000000e+00 6.829044e-02 6.829044e-02
1.650000e+01 0.000000e+00 6.818541e-02 6.818541e-02
1.660000e+01 0.000000e+00 6.808064e-02 6.808064e-02
1.670000e+01 0.000000e+00 6.797613e-02 6.797613e-02
1.680000e+01 0.000000e+00 6.787187e-02 6.787187e-02
1.690000e+01 0.000000e+00 6.776786e-02 6.776786e-02
1.700000e+01 0.000000e+00 6.766412e-02 6.766412e-02
1.710000e+01 0.000000e+00 6.756064e-02 6.756064e-02
1.720000e+01 0.000000e+00 6.745741e-02 6.745741e-02
1.730000e+01 0.000000e+00 6.735446e-02 6.735446e-02
1.740000e+01 0.000000e+00 6.725176e-02 6.725176e-02
1.750000e+01 0.000000e+00 6.714933e-02 6.714933e-02
1.760000e+01 0.000000e+00 6.704717e-02 6.704717e-02
1.770000e+01 0.000000e+00 6.694528e-02 6.694528e-02
1.780000e+01 0.000000e+00 6.684365e-02 6.684365e-02
1.790000e+01 0.000000e+00 6.674230e-02 6.674230e-02
1.800000e+01 0.000000e+00 6.664121e-02 6.664121e-02
1.810000e+01 0.000000e+00 6.654040e-02 6.654040e-02
1.820000e+01 0.000000e+00 6.643986e-02 6.643986e-02
1.830000e+01 0.000000e+00 6.633959e-02 6.633959e-02
1.840000e+01 0.000000e+00 6.623960e-02 6.623960e-02
1.850000e+01 0.000000e+00 6.613988e-02 6.613988e-02
1.860000e+01 0.000000e+00 6.604044e-02 6.604044e-02
1.870000e+01 0.000000e+00 6.594128e-02 6.594128e-02
1.880000e+01 0.000000e+00 6.584239e-02 6.584239e-02
1.890000e+01 0.000000e+00 6.574377e-02 6.574377e-02
1.900000e+01 0.000000e+00 6.564543e-02 6.564543e-02
1.910000e+01 0.000000e+00 6.554737e-02 6.554737e-02
1.920000e+01 0.000000e+00 6.544959e-02 6.544959e-02
1.930000e+01 0.000000e+00 6.535208e-02 6.535208e-02
1.940000e+01 0.000000e+00 6.525485e-02 6.525485e-02
1.950000e+01 0.000000e+00 6.515790e-02 6.515790e-02
1.960000e+01 0.000000e+00 6.506122e-02 6.506122e-02
1.970000e+01 0.000000e+00 6.496482e-02 6.496482e-02
1.980000e+01 0.000000e+00 6.486869e-02 6.486869e-02
1.990000e+01 0.000000e+00 6.477284e-02 6.477284e-02
2.000000e+01 0.000000e+00 6.467727e-02 6.467727e-02
2.010000e+01 0.000000e+00 6.458197e-02 6.458197e-02
2.020000e+01 0.000000e+00 6.448695e-02 6.448695e-02
2.030000e+01 0.000000e+00 6.439220e-02 6.439220e-02
2.040000e+01 0.000000e+00 6.429772e-02 6.429772e-02
2.050000e+01 0.000000e+00 6.420352e-02 6.420352e-02
2.060000e+01 0.000000e+00 6.410959e-02 6.410959e-02
2.070000e+01 0.000000e+00 6.401593e-02 6.401593e-02
2.080000e+01 0.000000e+00 6.392254e-02 6.392254e-02
2.090000e+01 0.000000e+00 6.382943e-02 6.382943e-02
2.100000e+01 0.000000e+00 6.373659e-02 6.373659e-02
2.110000e+01 0.000000e+00 6.364401e-02 6.364401e-02
2.120000e+01 0.000000e+00 6.355171e-02 6.355171e-02
2.130000e+01 0.000000e+00 6.345968e-02 6.345968e-02
2.140000e+01 0.000000e+00 6.336792e-02 6.336792e-02
2.150000e+01 0.000000e+00 6.327642e-02 6.327642e-02
2.160000e+01 0.000000e+00 6.318520e-02 6.318520e-02
2.170000e+01 0.000000e+00 6.309424e-02 6.309424e-02
2.180000e+01 0.000000e+00 6.300355e-02 6.300355e-02
2.190000e+01 0.000000e+00 6.291313e-02 6.291313e-02
2.200000e+01 0.000000e+00 6.282297e-02 6.282297e-02
2.210000e+01 0.000000e+00 6.273308e-02 6.273308e-02
2.220000e+01 0.000000e+00 6.264345e-02 6.264345e-02
2.230000e+01 0.000000e+00 6.255408e-02 6.255408e-02
2.240000e+01 0.000000e+00 6.246498e-02 6.246498e-02
2.250000e+01 0.000000e+00 6.237614e-02 6.237614e-02
2.260000e+01 0.000000e+00 6.228757e-02 6.228757e-02
2.270000e+01 0.000000e+00 6.219925e-02 6.219925e-02
2.280000e+01 0.000000e+00 6.211120e-02 6.211120e-02
2.290000e+01 0.000000e+00 6.202340e-02 6.202340e-02
2.300000e+01 0.000000e+00 6.193586e-02 6.193586e-02
2.310000e+01 0.000000e+00 6.184858e-02 6.184858e-02
2.320000e+01 0.000000e+00 6.176156e-02 6.176156e-02
2.330000e+01 0.000000e+00 6.167480e-02 6.167480e-02
2.340000e+01 0.000000e+00 6.158829e-02 6.158829e-02
2.350000e+01 0.000000e+00 6.150204e-02 6.150204e-02
2.360000e+01 0.000000e+00 6.141604e-02 6.141604e-02
2.370000e+01 0.000000e+00 6.133030e-02 6.133030e-02
2.380000e+01 0.000000e+00 6.124480e-02 6.124480e-02
2.390000e+01 0.000000e+00 6.115956e-02 6.115956e-02
2.400000e+01 0.000000e+00 6.107457e-02 6.107457e-02
2.410000e+01 0.000000e+00 6.098983e-02 6.098983e-02
2.420000e+01 0.000000e+00 6.090534e-02 6.090534e-02
2.430000e+01 0.000000e+00 6.082110e-02 6.082110e-02
2.440000e+01 0.000000e+00 6.073710e-02 6.073710e-02
2.450000e+01 0.000000e+00 6.065335e-02 6.065335e-02
2.460000e+01 0.000000e+00 6.056985e-02 6.056985e-02
2.470000e+01 0.000000e+00 6.048659e-02 6.048659e-02
2.480000e+01 0.000000e+00 6.040357e-02 6.040357e-02
2.490000e+01 0.000000e+00 6.032080e-02 6.032080e-02
2.500000e+01 0.000000e+00 6.023826e-02 6.023826e-02
2.510000e+01 0.000000e+00 6.015598e-02 6.015598e-02
2.520000e+01 0.000000e+00 6.007393e-02 6.007393e-02
2.530000e+01 0.000000e+00 5.999212e-02 5.999212e-02
2.540000e+01 0.000000e+00 5.991055e-02 5.991055e-02
2.550000e+01 0.000000e+00 5.982922e-02 5.982922e-02
2.560000e+01 0.000000e+00 5.974813e-02 5.974813e-02
2.570000e+01 0.000000e+00 5.966727e-02 5.966727e-02
2.580000e+01 0.000000e+00 5.958665e-02 5.958665e-02
2.590000e+01 0.000000e+00 5.950626e-02 5.950626e-02
2.600000e+01 0.000000e+00 5.942611e-02 5.942611e-02
2.610000e+01 0.000000e+00 5.934619e-02 5.934619e-02
2.620000e+01 0.000000e+00 5.926651e-02 5.926651e-02
2.630000e+01 0.000000e+00 5.918705e-02 5.918705e-02
2.640000e+01 0.000000e+00 5.910783e-02 5.910783e-02
2.650000e+01 0.000000e+00 5.902883e-02 5.902883e-02
2.660000e+01 0.000000e+00 5.895006e-02 5.895006e-02
2.670000e+01 0.000000e+00 5.887152e-02 5.887152e-02
2.680000e+01 0.000000e+00 5.879321e-02 5.879321e-02
2.690000e+01 0.000000e+00 5.871512e-02 5.871512e-02
2.700000e+01 0.000000e+00 5.863726e-02 5.863726e-02
2.710000e+01 0.000000e+00 5.855962e-02 5.855962e-02
2.720000e+01 0.000000e+00 5.848221e-02 5.848221e-02
2.730000e+01 0.000000e+00 5.840501e-02 5.840501e-02
2.740000e+01 0.000000e+00 5.832804e-02 5.832804e-02
2.750000e+01 0.000000e+00 5.825128e-02 5.825128e-02
2.760000e+01 0.000000e+00 5.817475e-02 5.817475e-02
2.770000e+01 0.000000e+00 5.809843e-02 5.809843e-02
2.780000e+01 0.000000e+00 5.802233e-02 5.802233e-02
2.790000e+01 0.000000e+00 5.794645e-02 5.794645e-02
2.800000e+01 0.000000e+00 5.787078e-02 5.787078e-02
2.810000e+01 0.000000e+00 5.779532e-02 5.779532e-02
2.820000e+01 0.000000e+00 5.772008e-02 5.772008e-02
2.830000e+01 0.000000e+00 5.764506e-02 5.764506e-02
2.840000e+01 0.000000e+00 5.757024e-02 5.757024e-02
2.850000e+01 0.000000e+00 5.749564e-02 5.749564e-02
2.860000e+01 0.000000e+00 5.742124e-02 5.742124e-02
2.870000e+01 0.000000e+00 5.734706e-02 5.734706e-02
2.880000e+01 0.000000e+00 5.727308e-02 5.727308e-02
2.890000e+01 0.000000e+00 5.719932e-02 5.719932e-02
2.900000e+01 0.000000e+00 5.712576e-02 5.712576e-02
2.910000e+01 0.000000e+00 5.705240e-02 5.705240e-02
2.920000e+01 0.000000e+00 5.697926e-02 5.697926e-02
2.930000e+01 0.000000e+00 5.690631e-02 5.690631e-02
2.940000e+01 0.000000e+00 5.683357e-02 5.683357e-02
2.950000e+01 0.000000e+00 5.676104e-02 5.676104e-02
2.960000e+01 0.000000e+00 5.668871e-02 5.668871e-02
2.970000e+01 0.000000e+00 5.661657e-02 5.661657e-02
2.980000e+01 0.000000e+00 5.654464e-02 5.654464e-02
2.990000e+01 0.000000e+00 5.647291e-02 5.647291e-02
3.000000e+01 0.000000e+00 5.640138e-02 5.640138e-02
3.010000e+01 0.000000e+00 5.633005e-02 5.633005e-02
3.020000e+01 0.000000e+00 5.625892e-02 5.625892e-02
3.030000e+01 0.000000e+00 5.618798e-02 5.618798e-02
3.040000e+01 0.000000e+00 5.611724e-02 5.611724e-02
3.050000e+01 0.000000e+00 5.604669e-02 5.604669e-02
3.060000e+01 0.000000e+00 5.597634e-02 5.597634e-02
3.070000e+01 0.000000e+00 5.590619e-02 5.590619e-02
3.080000e+01 0.000000e+00 5.583623e-02 5.583623e-02
3.090000e+01 0.000000e+00 5.576646e-02 5.576646e-02
3.100000e+01 0.000000e+00 5.569688e-02 5.569688e-02
3.110000e+01 0.000000e+00 5.562750e-02 5.562750e-02
3.120000e+01 0.000000e+00 5.555830e-02 5.555830e-02
3.130000e+01 0.000000e+00 5.548930e-02 5.548930e-02
3.140000e+01 0.000000e+00 5.542048e-02 5.542048e-02
3.150000e+01 0.000000e+00 5.535185e-02 5.535185e-02
3.160000e+01 0.000000e+00 5.528341e-02 5.528341e-02
3.170000e+01 0.000000e+00 5.521516e-02 5.521516e-02
3.180000e+01 0.000000e+00 5.514709e-02 5.514709e-02
3.190000e+01 0.000000e+00 5.507921e-02 5.507921e-02
3.200000e+01 0.000000e+00 5.501151e-02 5.501151e-02
3.210000e+01 0.000000e+00 5.494400e-02 5.494400e-02
3.220000e+01 0.000000e+00 5.487666e-02 5.487666e-02
3.230000e+01 0.000000e+00 5.480951e-02 5.480951e-02
3.240000e+01 0.000000e+00 5.474254e-02 5.474254e-02
3.250000e+01 0.000000e+00 5.467575e-02 5.467575e-02
3.260000e+01 0.000000e+00 5.460914e-02 5.460914e-02
3.270000e+01 0.000000e+00 5.454272e-02 5.454272e-02
3.280000e+01 0.000000e+00 5.447647e-02 5.447647e-02
3.290000e+01 0.000000e+00 5.441039e-02 5.441039e-02
3.300000e+01 0.000000e+00 5.434450e-02 5.434450e-02
3.310000e+01 0.000000e+00 5.427878e-02 5.427878e-02
3.320000e+01 0.000000e+00 5.421324e-02 5.421324e-02
3.330000e+01 0.000000e+00 5.414788e-02 5.414788e-02
3.340000e+01 0.000000e+00 5.408269e-02 5.408269e-02
3.350000e+01 0.000000e+00 5.401767e-02 5.401767e-02
3.360000e+01 0.000000e+00 5.395283e-02 5.395283e-02
3.370000e+01 0.000000e+00 5.388816e-02 5.388816e-02
3.380000e+01 0.000000e+00 5.382367e-02 5.382367e-02
3.390000e+01 0.000000e+00 5.375935e-02 5.375935e-02
3.400000e+01 0.000000e+00 5.369519e-02 5.369519e-02
3.410000e+01 0.000000e+00 5.363121e-02 5.363121e-02
3.420000e+01 0.000000e+00 5.356740e-02 5.356740e-02
3.430000e+01 0.000000e+00 5.350375e-02 5.350375e-02
3.440000e+01 0.000000e+00 5.344028e-02 5.344028e-02
3.450000e+01 0.000000e+00 5.337697e-02 5.337697e-02
3.460000e+01 0.000000e+00 5.331383e-02 5.331383e-02
3.470000e+01 0.000000e+00 5.325086e-02 5.325086e-02
3.480000e+01 0.000000e+00 5.318805e-02 5.318805e-02
3.490000e+01 0.000000e+00 5.312541e-02 5.312541e-02
3.500000e+01 0.000000e+00 5.306293e-02 5.306293e-02
3.510000e+01 0.000000e+00 5.300061e-02 5.300061e-02
3.520000e+01 0.000000e+00 5.293846e-02 5.293846e-02
3.530000e+01 0.000000e+00 5.287647e-02 5.287647e-02
3.540000e+01 0.000000e+00 5.281464e-02 5.281464e-02
3.550000e+01 0.000000e+00 5.275297e-02 5.275297e-02
3.560000e+01 0.000000e+00 5.269146e-02 5.269146e-02
3.570000e+01 0.000000e+00 5.263011e-02 5.263011e-02
3.580000e+01 0.000000e+00 5.256892e-02 5.256892e-02
3.590000e+01 0.000000e+00 5.250789e-02 5.250789e-02
3.600000e+01 0.000000e+00 5.244702e-02 5.244702e-02
3.610000e+01 0.000000e+00 5.238630e-02 5.238630e-02
3.620000e+01 0.000000e+00 5.232574e-02 5.232574e-02
3.630000e+01 0.000000e+00 5.226534e-02 5.226534e-02
3.640000e+01 0.000000e+00 5.220509e-02 5.220509e-02
3.650000e+01 0.000000e+00 5.214499e-02 5.214499e-02
3.660000e+01 0.000000e+00 5.208506e-02 5.208506e-02
3.670000e+01 0.000000e+00 5.202527e-02 5.202527e-02
3.680000e+01 0.000000e+00 5.196564e-02 5.196564e-02
3.690000e+01 0.000000e+00 5.190616e-02 5.190616e-02
3.700000e+01 0.000000e+00 5.184684e-02 5.184684e-02
3.710000e+01 0.000000e+00 5.178766e-02 5.178766e-02
3.720000e+01 0.000000e+00 5.172864e-02 5.172864e-02
3.730000e+01 0.000000e+00 5.166977e-02 5.166977e-02
3.740000e+01 0.000000e+00 5.161105e-02 5.161105e-02
3.750000e+01 0.000000e+00 5.155248e-02 5.155248e-02
3.760000e+01 0.000000e+00 5.149406e-02 5.149406e-02
3.770000e+01 0.000000e+00 5.143578e-02 5.143578e-02
3.780000e+01 0.000000e+00 5.137766e-02 5.137766e-02
3.790000e+01 0.000000e+00 5.131968e-02 5.131968e-02
3.800000e+01 0.000000e+00 5.126185e-02 5.126185e-02
3.810000e+01 0.000000e+00 5.120416e-02 5.120416e-02
3.820000e+01 0.000000e+00 5.114663e-02 5.114663e-02
3.830000e+01 0.000000e+00 5.108923e-02 5.108923e-02
3.840000e+01 0.000000e+00 5.103198e-02 5.103198e-02
3.850000e+01 0.000000e+00 5.097488e-02 5.097488e-02
3.860000e+01 0.000000e+00 5.091792e-02 5.091792e-02
3.870000e+01 0.000000e+00 5.086110e-02 5.086110e-02
3.880000e+01 0.000000e+00 5.080443e-02 5.080443e-02
3.890000e+01 0.000000e+00 5.074790e-02 5.074790e-02
3.900000e+01 0.000000e+00 5.069151e-02 5.069151e-02
3.910000e+01 0.000000e+00 5.063526e-02 5.063526e-02
3.920000e+01 0.000000e+00 5.057915e-02 5.057915e-02
3.930000e+01 0.000000e+00 5.052319e-02 5.052319e-02
3.940000e+01 0.000000e+00 5.046736e-02 5.046736e-02
3.950000e+01 0.000000e+00 5.041167e-02 5.041167e-02
3.960000e+01 0.000000e+00 5.035613e-02 5.035613e-02
3.970000e+01 0.000000e+00 5.030072e-02 5.030072e-02
3.980000e+01 0.000000e+00 5.024545e-02 5.024545e-02
3.990000e+01 0.000000e+00 5.019031e-02 5.019031e-02
4.000000e+01 0.000000e+00 5.013532e-02 5.013532e-02
4.010000e+01 0.000000e+00 5.008046e-02 5.008046e-02
4.020000e+01 0.000000e+00 5.002573e-02 5.002573e-02
4.030000e+01 0.000000e+00 4.997114e-02 4.997114e-02
4.040000e+01 0.000000e+00 4.991669e-02 4.991669e-02
4.050000e+01 0.000000e+00 4.986237e-02 4.986237e-02
4.060000e+01 0.000000e+00 4.980819e-02 4.980819e-02
4.070000e+01 0.000000e+00 4.975414e-02 4.975414e-02
4.080000e+01 0.000000e+00 4.970022e-02 4.970022e-02
4.090000e+01 0.000000e+00 4.964643e-02 4.964643e-02
4.100000e+01 0.000000e+00 4.959278e-02 4.959278e-02
4.110000e+01 0.000000e+00 4.953925e-02 4.953925e-02
4.120000e+01 0.000000e+00 4.948586e-02 4.948586e-02
4.130000e+01 0.000000e+00 4.943260e-02 4.943260e-02
4.140000e+01 0.000000e+00 4.937947e-02 4.937947e-02
4.150000e+01 0.000000e+00 4.932647e-02 4.932647e-02
4.160000e+01 0.000000e+00 4.927360e-02 4.927360e-02
4.170000e+01 0.000000e+00 4.922086e-02 4.922086e-02
4.180000e+01 0.000000e+00 4.916824e-02 4.916824e-02
4.190000e+01 0.000000e+00 4.911576e-02 4.911576e-02
4.200000e+01 0.000000e+00 4.906340e-02 4.906340e-02
4.210000e+01 0.000000e+00 4.901117e-02 4.901117e-02
4.220000e+01 0.000000e+00 4.895907e-02 4.895907e-02
4.230000e+01 0.000000e+00 4.890710e-02 4.890710e-02
4.240000e+01 0.000000e+00 4.885525e-02 4.885525e-02
4.250000e+01 0.000000e+00 4.880353e-02 4.880353e-02
4.260000e+01 0.000000e+00 4.875194e-02 4.875194e-02
4.270000e+01 0.000000e+00 4.870047e-02 4.870047e-02
4.280000e+01 0.000000e+00 4.864912e-02 4.864912e-02
4.290000e+01 0.000000e+00 4.859790e-02 4.859790e-02
4.300000e+01 0.000000e+00 4.854680e-02 4.854680e-02
4.310000e+01 0.000000e+00 4.849583e-02 4.849583e-02
4.320000e+01 0.000000e+00 4.844498e-02 4.844498e-02
4.330000e+01 0.000000e+00 4.839425e-02 4.839425e-02
4.340000e+01 0.000000e+00 4.834364e-02 4.834364e-02
4.350000e+01 0.000000e+00 4.829316e-02 4.829316e-02
4.360000e+01 0.000000e+00 4.824279e-02 4.824279e-02
4.370000e+01 0.000000e+00 4.819255e-02 4.819255e-02
4.380000e+01 0.000000e+00 4.814243e-02 4.814243e-02
4.390000e+01 0.000000e+00 4.809243e-02 4.809243e-02
4.400000e+01 0.000000e+00 4.804255e-02 4.804255e-02
4.410000e+01 0.000000e+00 4.799278e-02 4.799278e-02
4.420000e+01 0.000000e+00 4.794314e-02 4.794314e-02
4.430000e+01 0.000000e+00 4.789361e-02 4.789361e-02
4.440000e+01 0.000000e+00 4.784420e-02 4.784420e-02
4.450000e+01 0.000000e+00 4.779491e-02 4.779491e-02
4.460000e+01 0.000000e+00 4.774574e-02 4.774574e-02
4.470000e+01 0.000000e+00 4.769668e-02 4.769668e-02
4.480000e+01 0.000000e+00 4.764774e-02 4.764774e-02
4.490000e+01 0.000000e+00 4.759891e-02 4.759891e-02
4.500000e+01 0.000000e+00 4.755020e-02 4.755020e-02
4.510000e+01 0.000000e+00 4.750160e-02 4.750160e-02
4.520000e+01 0.000000e+00 4.745312e-02 4.745312e-02
4.530000e+01 0.000000e+00 4.740475e-02 4.740475e-02
4.540000e+01 0.000000e+00 4.735649e-02 4.735649e-02
4.550000e+01 0.000000e+00 4.730835e-02 4.730835e-02
4.560000e+01 0.000000e+00 4.726033e-02 4.726033e-02
4.570000e+01 0.000000e+00 4.721241e-02 4.721241e-02
4.580000e+01 0.000000e+00 4.716461e-02 4.716461e-02
4.590000e+01 0.000000e+00 4.711692e-02 4.711692e-02
4.600000e+01 0.000000e+00 4.706934e-02 4.706934e-02
4.610000e+01 0.000000e+00 4.702187e-02 4.702187e-02
4.620000e+01 0.000000e+00 4.697451e-02 4.697451e-02
4.630000e+01 0.000000e+00 4.692727e-02 4.692727e-02
4.640000e+01 0.000000e+00 4.688013e-02 4.688013e-02
4.650000e+01 0.000000e+00 4.683311e-02 4.683311e-02
4.660000e+01 0.000000e+00 4.678619e-02 4.678619e-02
4.670000e+01 0.000000e+00 4.673938e-02 4.673938e-02
4.680000e+01 0.000000e+00 4.669269e-02 4.669269e-02
4.690000e+01 0.000000e+00 4.664610e-02 4.664610e-02
4.700000e+01 0.000000e+00 4.659961e-02 4.659961e-02
4.710000e+01 0.000000e+00 4.655324e-02 4.655324e-02
4.720000e+01 0.000000e+00 4.650697e-02 4.650697e-02
4.730000e+01 0.000000e+00 4.646081e-02 4.646081e-02
4.740000e+01 0.000000e+00 4.641476e-02 4.641476e-02
4.750000e+01 0.000000e+00 4.636882e-02 4.636882e-02
4.760000e+01 0.000000e+00 4.632297e-02 4.632297e-02
4.770000e+01 0.000000e+00 4.627724e-02 4.627724e-02
4.780000e+01 0.000000e+00 4.623161e-02 4.623161e-02
4.790000e+01 0.000000e+00 4.618609e-02 4.618609e-02
4.800000e+01 0.000000e+00 4.614067e-02 4.614067e-02
4.810000e+01 0.000000e+00 4.609535e-02 4.609535e-02
4.820000e+01 0.000000e+00 4.605014e-02 4.605014e-02
4.830000e+01 0.000000e+00 4.600503e-02 4.600503e-02
4.840000e+01 0.000000e+00 4.596003e-02 4.596003e-02
4.850000e+01 0.000000e+00 4.591513e-02 4.591513e-02
4.860000e+01 0.000000e+00 4.587034e-02 4.587034e-02
4.870000e+01 0.000000e+00 4.582564e-02 4.582564e-02
4.880000e+01 0.000000e+00 4.578105e-02 4.578105e-02
4.890000e+01 0.000000e+00 4.573656e-02 4.573656e-02
4.900000e+01 0.000000e+00 4.569218e-02 4.569218e-02
4.910000e+01 0.000000e+00 4.564789e-02 4.564789e-02
4.920000e+01 0.000000e+00 4.560371e-02 4.560371e-02
4.930000e+01 0.000000e+00 4.555963e-02 4.555963e-02
4.940000e+01 0.000000e+00 4.551564e-02 4.551564e-02
4.950000e+01 0.000000e+00 4.547176e-02 4.547176e-02
4.960000e+01 0.000000e+00 4.542798e-02 4.542798e-02
4.970000e+01 0.000000e+00 4.538430e-02 4.538430e-02
4.980000e+01 0.000000e+00 4.534071e-02 4.534071e-02
4.990000e+01 0.000000e+00 4.529723e-02 4.529723e-02
5.000000e+01 0.000000e+00 4.525384e-02 4.525384e-02
5.010000e+01 0.000000e+00 4.521055e-02 4.521055e-02
5.020000e+01 0.000000e+00 4.516736e-02 4.516736e-02
5.030000e+01 0.000000e+00 4.512427e-02 4.512427e-02
5.040000e+01 0.000000e+00 4.508128e-02 4.508128e-02
5.050000e+01 0.000000e+00 4.503838e-02 4.503838e-02
5.060000e+01 0.000000e+00 4.499557e-02 4.499557e-02
5.070000e+01 0.000000e+00 4.495287e-02 4.495287e-02
5.080000e+01 0.000000e+00 4.491026e-02 4.491026e-02
5.090000e+01 0.000000e+00 4.486774e-02 4.486774e-02
5.100000e+01 0.000000e+00 4.482533e-02 4.482533e-02
5.110000e+01 0.000000e+00 4.478300e-02 4.478300e-02
5.120000e+01 0.000000e+00 4.474077e-02 4.474077e-02
5.130000e+01 0.000000e+00 4.469864e-02 4.469864e-02
5.140000e+01 0.000000e+00 4.465660e-02 4.465660e-02
5.150000e+01 0.000000e+00 4.461465e-02 4.461465e-02
5.160000e+01 0.000000e+00 4.457280e-02 4.457280e-02
5.170000e+01 0.000000e+00 4.453104e-02 4.453104e-02
5.180000e+01 0.000000e+00 4.448938e-02 4.448938e-02
5.190000e+01 0.000000e+00 4.444781e-02 4.444781e-02
5.200000e+01 0.000000e+00 4.440633e-02 4.440633e-02
5.210000e+01 0.000000e+00 4.436494e-02 4.436494e-02
5.220000e+01 0.000000e+00 4.432365e-02 4.432365e-02
5.230000e+01 0.000000e+00 4.428245e-02 4.428245e-02
5.240000e+01 0.000000e+00 4.424134e-02 4.424134e-02
5.250000e+01 0.000000e+00 4.420032e-02 4.420032e-02
5.260000e+01 0.000000e+00 4.415940e-02 4.415940e-02
5.270000e+01 0.000000e+00 4.411856e-02 4.411856e-02
5.280000e+01 0.000000e+00 4.407781e-02 4.407781e-02
5.290000e+01 0.000000e+00 4.403716e-02 4.403716e-02
5.300000e+01 0.000000e+00 4.399659e-02 4.399659e-02
5.310000e+01 0.000000e+00 4.395611e-02 4.395611e-02
5.320000e+01 0.000000e+00 4.391573e-02 4.391573e-02
5.330000e+01 0.000000e+00 4.387543e-02 4.387543e-02
5.340000e+01 0.000000e+00 4.383522e-02 4.383522e-02
5.350000e+01 0.000000e+00 4.379510e-02 4.379510e-02
5.360000e+01 0.000000e+00 4.375507e-02 4.375507e-02
5.370000e+01 0.000000e+00 4.371512e-02 4.371512e-02
5.380000e+01 0.000000e+00 4.367527e-02 4.367527e-02
5.390000e+01 0.000000e+00 4.363550e-02 4.363550e-02
5.400000e+01 0.000000e+00 4.359582e-02 4.359582e-02
5.410000e+01 0.000000e+00 4.355622e-02 4.355622e-02
5.420000e+01 0.000000e+00 4.351671e-02 4.351671e-02
5.430000e+01 0.000000e+00 4.347729e-02 4.347729e-02
5.440000e+01 0.000000e+00 4.343795e-02 4.343795e-02
5.450000e+01 0.000000e+00 4.339870e-02 4.339870e-02
5.460000e+01 0.000000e+00 4.335954e-02 4.335954e-02
5.470000e+01 0.000000e+00 4.332046e-02 4.332046e-02
5.480000e+01 0.000000e+00 4.328147e-02 4.328147e-02
5.490000e+01 0.000000e+00 4.324256e-02 4.324256e-02
5.500000e+01 0.000000e+00 4.320373e-02 4.320373e-02
5.510000e+01 0.000000e+00 4.316499e-02 4.316499e-02
5.520000e+01 0.000000e+00 4.312634e-02 4.312634e-02
5.530000e+01 0.000000e+00 4.308776e-02 4.308776e-02
5.540000e+01 0.000000e+00 4.304927e-02 4.304927e-02
5.550000e+01 0.000000e+00 4.301087e-02 4.301087e-02
5.560000e+01 0.000000e+00 4.297254e-02 4.297254e-02
5.570000e+01 0.000000e+00 4.293430e-02 4.293430e-02
5.580000e+01 0.000000e+00 4.289614e-02 4.289614e-02
5.590000e+01 0.000000e+00 4.285807e-02 4.285807e-02
5.600000e+01 0.000000e+00 4.282007e-02 4.282007e-02
5.610000e+01 0.000000e+00 4.278216e-02 4.278216e-02
5.620000e+01 0.000000e+00 4.274433e-02 4.274433e-02
5.630000e+01 0.000000e+00 4.270658e-02 4.270658e-02
5.640000e+01 0.000000e+00 4.266891e-02 4.266891e-02
5.650000e+01 0.000000e+00 4.263132e-02 4.263132e-02
5.660000e+01 0.000000e+00 4.259381e-02 4.259381e-02
5.670000e+01 0.000000e+00 4.255639e-02 4.255639e-02
5.680000e+01 0.000000e+00 4.251904e-02 4.251904e-02
5.690000e+01 0.000000e+00 4.248177e-02 4.248177e-02
5.700000e+01 0.000000e+00 4.244459e-02 4.244459e-02
5.710000e+01 0.000000e+00 4.240748e-02 4.240748e-02
5.720000e+01 0.000000e+00 4.237045e-02 4.237045e-02
5.730000e+01 0.000000e+00 4.233350e-02 4.233350e-02
5.740000e+01 0.000000e+00 4.229663e-02 4.229663e-02
5.750000e+01 0.000000e+00 4.225983e-02 4.225983e-02
5.760000e+01 0.000000e+00 4.222312e-02 4.222312e-02
5.770000e+01 0.000000e+00 4.218648e-02 4.218648e-02
5.780000e+01 0.000000e+00 4.214993e-02 4.214993e-02
5.790000e+01 0.000000e+00 4.211345e-02 4.211345e-02
5.800000e+01 0.000000e+00 4.207704e-02 4.207704e-02
5.810000e+01 0.000000e+00 4.204072e-02 4.204072e-02
5.820000e+01 0.000000e+00 4.200447e-02 4.200447e-02
5.830000e+01 0.000000e+00 4.196830e-02 4.196830e-02
5.840000e+01 0.000000e+00 4.193220e-02 4.193220e-02
5.850000e+01 0.000000e+00 4.189618e-02 4.189618e-02
5.860000e+01 0.000000e+00 4.186024e-02 4.186024e-02
5.870000e+01 0.000000e+00 4.182437e-02 4.182437e-02
5.880000e+01 0.000000e+00 4.178858e-02 4.178858e-02
5.890000e+01 0.000000e+00 4.175287e-02 4.175287e-02
5.900000e+01 0.000000e+00 4.171722e-02 4.171722e-02
5.910000e+01 0.000000e+00 4.168166e-02 4.168166e-02
5.920000e+01 0.000000e+00 4.164617e-02 4.164617e-02
5.930000e+01 0.000000e+00 4.161075e-02 4.161075e-02
5.940000e+01 0.000000e+00 4.157540e-02 4.157540e-02
5.950000e+01 0.000000e+00 4.154014e-02 4.154014e-02
5.960000e+01 0.000000e+00 4.150494e-02 4.150494e-02
5.970000e+01 0.000000e+00 4.146982e-02 4.146982e-02
5.980000e+01 0.000000e+00 4.143477e-02 4.143477e-02
5.990000e+01 0.000000e+00 4.139980e-02 4.139980e-02
6.000000e+01 0.000000e+00 4.136490e-02 4.136490e-02
6.010000e+01 0.000000e+00 4.133007e-02 4.133007e-02
6.020000e+01 0.000000e+00 4.129531e-02 4.129531e-02
6.030000e+01 0.000000e+00 4.126063e-02 4.126063e-02
6.040000e+01 0.000000e+00 4.122602e-02 4.122602e-02
6.050000e+01 0.000000e+00 4.119148e-02 4.119148e-02
6.060000e+01 0.000000e+00 4.115701e-02 4.115701e-02
6.070000e+01 0.000000e+00 4.112261e-02 4.112261e-02
6.080000e+01 0.000000e+00 4.108829e-02 4.108829e-02
6.090000e+01 0.000000e+00 4.105404e-02 4.105404e-02
6.100000e+01 0.000000e+00 4.101985e-02 4.101985e-02
6.110000e+01 0.000000e+00 4.098574e-02 4.098574e-02
6.120000e+01 0.000000e+00 4.095170e-02 4.095170e-02
6.130000e+01 0.000000e+00 4.091773e-02 4.091773e-02
6.140000e+01 0.000000e+00 4.088383e-02 4.088383e-02
6.150000e+01 0.000000e+00 4.085000e-02 4.085000e-02
6.160000e+01 0.000000e+00 4.081624e-02 4.081624e-02
6.170000e+01 0.000000e+00 4.078255e-02 4.078255e-02
6.180000e+01 0.000000e+00 4.074893e-02 4.074893e-02
6.190000e+01 0.000000e+00 4.071538e-02 4.071538e-02
6.200000e+01 0.000000e+00 4.068189e-02 4.068189e-02
6.210000e+01 0.000000e+00 4.064848e-02 4.064848e-02
6.220000e+01 0.000000e+00 4.061513e-02 4.061513e-02
6.230000e+01 0.000000e+00 4.058185e-02 4.058185e-02
6.240000e+01 0.000000e+00 4.054864e-02 4.054864e-02
6.250000e+01 0.000000e+00 4.051550e-02 4.051550e-02
6.260000e+01 0.000000e+00 4.048242e-02 4.048242e-02
6.270000e+01 0.000000e+00 4.044942e-02 4.044942e-02
6.280000e+01 0.000000e+00 4.041648e-02 4.041648e-02
6.290000e+01 0.000000e+00 4.038361e-02 4.038361e-02
6.300000e+01 0.000000e+00 4.035080e-02 4.035080e-02
6.310000e+01 0.000000e+00 4.031806e-02 4.031806e-02
6.320000e+01 0.000000e+00 4.028539e-02 4.028539e-02
6.330000e+01 0.000000e+00 4.025279e-02 4.025279e-02
6.340000e+01 0.000000e+00 4.022025e-02 4.022025e-02
6.350000e+01 0.000000e+00 4.018778e-02 4.018778e-02
6.360000e+01 0.000000e+00 4.015537e-02 4.015537e-02
6.370000e+01 0.000000e+00 4.012303e-02 4.012303e-02
6.380000e+01 0.000000e+00 4.009076e-02 4.009076e-02
6.390000e+01 0.000000e+00 4.005855e-02 4.005855e-02
6.400000e+01 0.000000e+00 4.002641e-02 4.002641e-02
6.410000e+01 0.000000e+00 3.999433e-02 3.999433e-02
6.420000e+01 0.000000e+00 3.996231e-02 3.996231e-02
6.430000e+01 0.000000e+00 3.993037e-02 3.993037e-02
6.440000e+01 0.000000e+00 3.989848e-02 3.989848e-02
6.450000e+01 0.000000e+00 3.986666e-02 3.986666e-02
6.460000e+01 0.000000e+00 3.983491e-02 3.983491e-02
6.470000e+01 0.000000e+00 3.980322e-02 3.980322e-02
6.480000e+01 0.000000e+00 3.977159e-02 3.977159e-02
6.490000e+01 0.000000e+00 3.974003e-02 3.974003e-02
6.500000e+01 0.000000e+00 3.970853e-02 3.970853e-02
6.510000e+01 0.000000e+00 3.967709e-02 3.967709e-02
6.520000e+01 0.000000e+00 3.964571e-02 3.964571e-02
6.530000e+01 0.000000e+00 3.961440e-02 3.961440e-02
6.540000e+01 0.000000e+00 3.958315e-02 3.958315e-02
6.550000e+01 0.000000e+00 3.955196e-02 3.955196e-02
6.560000e+01 0.000000e+00 3.952084e-02 3.952084e-02
6.570000e+01 0.000000e+00 3.948978e-02 3.948978e-02
6.580000e+01 0.000000e+00 3.945877e-02 3.945877e-02
6.590000e+01 0.000000e+00 3.942783e-02 3.942783e-02
6.600000e+01 0.000000e+00 3.939696e-02 3.939696e-02
6.610000e+01 0.000000e+00 3.936614e-02 3.936614e-02
6.620000e+01 0.000000e+00 3.933538e-02 3.933538e-02
6.630000e+01 0.000000e+00 3.930469e-02 3.930469e-02
6.640000e+01 0.000000e+00 3.927405e-02 3.927405e-02
6.650000e+01 0.000000e+00 3.924348e-02 3.924348e-02
6.660000e+01 0.000000e+00 3.921296e-02 3.921296e-02
6.670000e+01 0.000000e+00 3.918251e-02 3.918251e-02
6.680000e+01 0.000000e+00 3.915212e-02 3.915212e-02
6.690000e+01 0.000000e+00 3.912178e-02 3.912178e-02
6.700000e+01 0.000000e+00 3.909151e-02 3.909151e-02
6.710000e+01 0.000000e+00 3.906129e-02 3.906129e-02
6.720000e+01 0.000000e+00 3.903114e-02 3.903114e-02
6.730000e+01 0.000000e+00 3.900104e-02 3.900104e-02
6.740000e+01 0.000000e+00 3.897101e-02 3.897101e-02
6.750000e+01 0.000000e+00 3.894103e-02 3.894103e-02
6.760000e+01 0.000000e+00 3.891111e-02 3.891111e-02
6.770000e+01 0.000000e+00 3.888125e-02 3.888125e-02
6.780000e+01 0.000000e+00 3.885145e-02 3.885145e-02
6.790000e+01 0.000000e+00 3.882171e-02 3.882171e-02
6.800000e+01 0.000000e+00 3.879202e-02 3.879202e-02
6.810000e+01 0.000000e+00 3.876240e-02 3.876240e-02
6.820000e+01 0.000000e+00 3.873283e-02 3.873283e-02
6.830000e+01 0.000000e+00 3.870331e-02 3.870331e-02
6.840000e+01 0.000000e+00 3.867386e-02 3.867386e-02
6.850000e+01 0.000000e+00 3.864446e-02 3.864446e-02
6.860000e+01 0.000000e+00 3.861512e-02 3.861512e-02
6.870000e+01 0.000000e+00 3.858584e-02 3.858584e-02
6.880000e+01 0.000000e+00 3.855661e-02 3.855661e-02
6.890000e+01 0.000000e+00 3.852744e-02 3.852744e-02
6.900000e+01 0.000000e+00 3.849833e-02 3.849833e-02
6.910000e+01 0.000000e+00 3.846927e-02 3.846927e-02
6.920000e+01 0.000000e+00 3.844027e-02 3.844027e-02
6.930000e+01 0.000000e+00 3.841133e-02 3.841133e-02
6.940000e+01 0.000000e+00 3.838244e-02 3.838244e-02
6.950000e+01 0.000000e+00 3.835361e-02 3.835361e-02
6.960000e+01 0.000000e+00 3.832483e-02 3.832483e-02
6.970000e+01 0.000000e+00 3.829611e-02 3.829611e-02
6.980000e+01 0.000000e+00 3.826744e-02 3.826744e-02
6.990000e+01 0.000000e+00 3.823883e-02 3.823883e-02
7.000000e+01 0.000000e+00 3.821027e-02 3.821027e-02
7.010000e+01 0.000000e+00 3.818177e-02 3.818177e-02
7.020000e+01 0.000000e+00 3.815332e-02 3.815332e-02
7.030000e+01 0.000000e+00 3.812493e-02 3.812493e-02
7.040000e+01 0.000000e+00 3.809659e-02 3.809659e-02
7.050000e+01 0.000000e+00 3.806831e-02 3.806831e-02
7.060000e+01 0.000000e+00 3.804008e-02 3.804008e-02
7.070000e+01 0.000000e+00 3.801190e-02 3.801190e-02
7.080000e+01 0.000000e+00 3.798378e-02 3.798378e-02
7.090000e+01 0.000000e+00 3.795571e-02 3.795571e-02
7.100000e+01 0.000000e+00 3.792769e-02 3.792769e-02
7.110000e+01 0.000000e+00 3.789973e-02 3.789973e-02
7.120000e+01 0.000000e+00 3.787182e-02 3.787182e-02
7.130000e+01 0.000000e+00 3.784397e-02 3.784397e-02
7.140000e+01 0.000000e+00 3.781616e-02 3.781616e-02
7.150000e+01 0.000000e+00 3.778841e-02 3.778841e-02
7.160000e+01 0.000000e+00 3.776071e-02 3.776071e-02
7.170000e+01 0.000000e+00 3.773307e-02 3.773307e-02
7.180000e+01 0.000000e+00 3.770547e-02 3.770547e-02
7.190000e+01 0.000000e+00 3.767793e-02 3.767793e-02
7.200000e+01 0.000000e+00 3.765044e-02 3.765044e-02
7.210000e+01 0.000000e+00 3.762300e-02 3.762300e-02
7.220000e+01 0.000000e+00 3.759562e-02 3.759562e-02
7.230000e+01 0.000000e+00 3.756828e-02 3.756828e-02
7.240000e+01 0.000000e+00 3.754100e-02 3.754100e-02
7.250000e+01 0.000000e+00 3.751377e-02 3.751377e-02
7.260000e+01 0.000000e+00 3.748659e-02 3.748659e-02
7.270000e+01 0.000000e+00 3.745946e-02 3.745946e-02
7.280000e+01 0.000000e+00 3.743238e-02 3.743238e-02
7.290000e+01 0.000000e+00 3.740535e-02 3.740535e-02
7.300000e+01 0.000000e+00 3.737837e-02 3.737837e-02
7.310000e+01 0.000000e+00 3.735145e-02 3.735145e-02
7.320000e+01 0.000000e+00 3.732457e-02 3.732457e-02
7.330000e+01 0.000000e+00 3.729774e-02 3.729774e-02
7.340000e+01 0.000000e+00 3.727096e-02 3.727096e-02
7.350000e+01 0.000000e+00 3.724424e-02 3.724424e-02
7.360000e+01 0.000000e+00 3.721756e-02 3.721756e-02
7.370000e+01 0.000000e+00 3.719093e-02 3.719093e-02
7.380000e+01 0.000000e+00 3.716435e-02 3.716435e-02
7.390000e+01 0.000000e+00 3.713783e-02 3.713783e-02
7.400000e+01 0.000000e+00 3.711135e-02 3.711135e-02
7.410000e+01 0.000000e+00 3.708492e-02 3.708492e-02
7.420000e+01 0.000000e+00 3.705854e-02 3.705854e-02
7.430000e+01 0.000000e+00 3.703220e-02 3.703220e-02
7.440000e+01 0.000000e+00 3.700592e-02 3.700592e-02
7.450000e+01 0.000000e+00 3.697969e-02 3.697969e-02
7.460000e+01 0.000000e+00 3.695350e-02 3.695350e-02
7.470000e+01 0.000000e+00 3.692736e-02 3.692736e-02
7.480000e+01 0.000000e+00 3.690127e-02 3.690127e-02
7.490000e+01 0.000000e+00 3.687523e-02 3.687523e-02
7.500000e+01 0.000000e+00 3.684923e-02 3.684923e-02
7.510000e+01 0.000000e+00 3.682329e-02 3.682329e-02
7.520000e+01 0.000000e+00 3.679739e-02 3.679739e-02
7.530000e+01 0.000000e+00 3.677154e-02 3.677154e-02
7.540000e+01 0.000000e+00 3.674573e-02 3.674573e-02
7.550000e+01 0.000000e+00 3.671998e-02 3.671998e-02
7.560000e+01 0.000000e+00 3.669427e-02 3.669427e-02
7.570000e+01 0.000000e+00 3.666860e-02 3.666860e-02
7.580000e+01 0.000000e+00 3.664299e-02 3.664299e-02
7.590000e+01 0.000000e+00 3.661742e-02 3.661742e-02
7.600000e+01 0.000000e+00 3.659190e-02 3.659190e-02
7.610000e+01 0.000000e+00 3.656642e-02 3.656642e-02
7.620000e+01 0.000000e+00 3.654099e-02 3.654099e-02
7.630000e+01 0.000000e+00 3.651561e-02 3.651561e-02
7.640000e+01 0.000000e+00 3.649027e-02 3.649027e-02
7.650000e+01 0.000000e+00 3.646498e-02 3.646498e-02
7.660000e+01 0.000000e+00 3.643974e-02 3.643974e-02
7.670000e+01 0.000000e+00 3.641454e-02 3.641454e-02
7.680000e+01 0.000000e+00 3.638939e-02 3.638939e-02
7.690000e+01 0.000000e+00 3.636428e-02 3.636428e-02
7.700000e+01 0.000000e+00 3.633922e-02 3.633922e-02
7.710000e+01 0.000000e+00 3.631420e-02 3.631420e-02
7.720000e+01 0.000000e+00 3.628923e-02 3.628923e-02
7.730000e+01 0.000000e+00 3.626430e-02 3.626430e-02
7.740000e+01 0.000000e+00 3.623942e-02 3.623942e-02
7.750000e+01 0.000000e+00 3.621459e-02 3.621459e-02
7.760000e+01 0.000000e+00 3.618979e-02 3.618979e-02
7.770000e+01 0.000000e+00 3.616505e-02 3.616505e-02
7.780000e+01 0.000000e+00 3.614035e-02 3.614035e-02
7.790000e+01 0.000000e+00 3.611569e-02 3.611569e-02
7.800000e+01 0.000000e+00 3.609107e-02 3.609107e-02
7.810000e+01 0.000000e+00 3.606650e-02 3.606650e-02
7.820000e+01 0.000000e+00 3.604198e-02 3.604198e-02
7.830000e+01 0.000000e+00 3.601750e-02 3.601750e-02
7.840000e+01 0.000000e+00 3.599306e-02 3.599306e-02
7.850000e+01 0.000000e+00 3.596866e-02 3.596866e-02
7.860000e+01 0.000000e+00 3.594431e-02 3.594431e-02
7.870000e+01 0.000000e+00 3.592000e-02 3.592000e-02
7.880000e+01 0.000000e+00 3.589574e-02 3.589574e-02
7.890000e+01 0.000000e+00 3.587151e-02 3.587151e-02
7.900000e+01 0.000000e+00 3.584733e-02 3.584733e-02
7.910000e+01 0.000000e+00 3.582320e-02 3.582320e-02
7.920000e+01 0.000000e+00 3.579910e-02 3.579910e-02
7.930000e+01 0.000000e+00 3.577505e-02 3.577505e-02
7.940000e+01 0.000000e+00 3.575104e-02 3.575104e-02
7.950000e+01 0.000000e+00 3.572707e-02 3.572707e-02
7.960000e+01 0.000000e+00 3.570315e-02 3.570315e-02
7.970000e+01 0.000000e+00 3.567926e-02 3.567926e-02
7.980000e+01 0.000000e+00 3.565542e-02 3.565542e-02
7.990000e+01 0.000000e+00 3.563162e-02 3.563162e-02
8.000000e+01 0.000000e+00 3.560786e-02 3.560786e-02
8.010000e+01 0.000000e+00 3.558415e-02 3.558415e-02
8.020000e+01 0.000000e+00 3.556047e-02 3.556047e-02
8.030000e+01 0.000000e+00 3.553684e-02 3.553684e-02
8.040000e+01 0.000000e+00 3.551324e-02 3.551324e-02
8.050000e+01 0.000000e+00 3.548969e-02 3.548969e-02
8.060000e+01 0.000000e+00 3.546618e-02 3.546618e-02
8.070000e+01 0.000000e+00 3.544271e-02 3.544271e-02
8.080000e+01 0.000000e+00 3.541928e-02 3.541928e-02
8.090000e+01 0.000000e+00 3.539590e-02 3.539590e-02
8.100000e+01 0.000000e+00 3.537255e-02 3.537255e-02
8.110000e+01 0.000000e+00 3.534924e-02 3.534924e-02
8.120000e+01 0.000000e+00 3.532598e-02 3.532598e-02
8.130000e+01 0.000000e+00 3.530275e-02 3.530275e-02
8.140000e+01 0.000000e+00 3.527957e-02 3.527957e-02
8.150000e+01 0.000000e+00 3.525642e-02 3.525642e-02
8.160000e+01 0.000000e+00 3.523332e-02 3.523332e-02
8.170000e+01 0.000000e+00 3.521025e-02 3.521025e-02
8.180000e+01 0.000000e+00 3.518722e-02 3.518722e-02
8.190000e+01 0.000000e+00 3.516424e-02 3.516424e-02
8.200000e+01 0.000000e+00 3.514129e-02 3.514129e-02
8.210000e+01 0.000000e+00 3.511838e-02 3.511838e-02
8.220000e+01 0.000000e+00 3.509552e-02 3.509552e-02
8.230000e+01 0.000000e+00 3.507269e-02 3.507269e-02
8.240000e+01 0.000000e+00 3.504990e-02 3.504990e-02
8.250000e+01 0.000000e+00 3.502715e-02 3.502715e-02
8.260000e+01 0.000000e+00 3.500443e-02 3.500443e-02
8.270000e+01 0.000000e+00 3.498176e-02 3.498176e-02
8.280000e+01 0.000000e+00 3.495913e-02 3.495913e-02
8.290000e+01 0.000000e+00 3.493653e-02 3.493653e-02
8.300000e+01 0.000000e+00 3.491397e-02 3.491397e-02
8.310000e+01 0.000000e+00 3.489145e-02 3.489145e-02
8.320000e+01 0.000000e+00 3.486897e-02 3.486897e-02
8.330000e+01 0.000000e+00 3.484653e-02 3.484653e-02
8.340000e+01 0.000000e+00 3.482413e-02 3.482413e-02
8.350000e+01 0.000000e+00 3.480176e-02 3.480176e-02
8.360000e+01 0.000000e+00 3.477943e-02 3.477943e-02
8.370000e+01 0.000000e+00 3.475714e-02 3.475714e-02
8.380000e+01 0.000000e+00 3.473488e-02 3.473488e-02
8.390000e+01 0.000000e+00 3.471267e-02 3.471267e-02
8.400000e+01 0.000000e+00 3.469049e-02 3.469049e-02
8.410000e+01 0.000000e+00 3.466835e-02 3.466835e-02
8.420000e+01 0.000000e+00 3.464624e-02 3.464624e-02
8.430000e+01 0.000000e+00 3.462418e-02 3.462418e-02
8.440000e+01 0.000000e+00 3.460215e-02 3.460215e-02
8.450000e+01 0.000000e+00 3.458016e-02 3.458016e-02
8.460000e+01 0.000000e+00 3.455820e-02 3.455820e-02
8.470000e+01 0.000000e+00 3.453628e-02 3.453628e-02
8.480000e+01 0.000000e+00 3.451440e-02 3.451440e-02
8.490000e+01 0.000000e+00 3.449255e-02 3.449255e-02
8.500000e+01 0.000000e+00 3.447074e-02 3.447074e-02
8.510000e+01 0.000000e+00 3.444897e-02 3.444897e-02
8.520000e+01 0.000000e+00 3.442724e-02 3.442724e-02
8.530000e+01 0.000000e+00 3.440553e-02 3.440553e-02
8.540000e+01 0.000000e+00 3.438387e-02 3.438387e-02
8.550000e+01 0.000000e+00 3.436224e-02 3.436224e-02
8.560000e+01 0.000000e+00 3.434065e-02 3.434065e-02
8.570000e+01 0.000000e+00 3.431909e-02 3.431909e-02
8.580000e+01 0.000000e+00 3.429757e-02 3.429757e-02
8.590000e+01 0.000000e+00 3.427608e-02 3.427608e-02
8.600000e+01 0.000000e+00 3.425463e-02 3.425463e-02
8.610000e+01 0.000000e+00 3.423322e-02 3.423322e-02
8.620000e+01 0.000000e+00 3.421184e-02 3.421184e-02
8.630000e+01 0.000000e+00 3.419049e-02 3.419049e-02
8.640000e+01 0.000000e+00 3.416918e-02 3.416918e-02
8.650000e+01 0.000000e+00 3.414790e-02 3.414790e-02
8.660000e+01 0.000000e+00 3.412666e-02 3.412666e-02
8.670000e+01 0.000000e+00 3.410546e-02 3.410546e-02
8.680000e+01 0.000000e+00 3.408429e-02 3.408429e-02
8.690000e+01 0.000000e+00 3.406315e-02 3.406315e-02
8.700000e+01 0.000000e+00 3.404205e-02 3.404205e-02
8.710000e+01 0.000000e+00 3.402098e-02 3.402098e-02
8.720000e+01 0.000000e+00 3.399995e-02 3.399995e-02
8.730000e+01 0.000000e+00 3.397895e-02 3.397895e-02
8.740000e+01 0.000000e+00 3.395798e-02 3.395798e-02
8.750000e+01 0.000000e+00 3.393705e-02 3.393705e-02
8.760000e+01 0.000000e+00 3.391616e-02 3.391616e-02
8.770000e+01 0.000000e+00 3.389529e-02 3.389529e-02
8.780000e+01 0.000000e+00 3.387447e-02 3.387447e-02
8.790000e+01 0.000000e+00 3.385367e-02 3.385367e-02
8.800000e+01 0.000000e+00 3.383291e-02 3.383291e-02
8.810000e+01 0.000000e+00 3.381218e-02 3.381218e-02
8.820000e+01 0.000000e+00 3.379149e-02 3.379149e-02
8.830000e+01 0.000000e+00 3.377083e-02 3.377083e-02
8.840000e+01 0.000000e+00 3.375020e-02 3.375020e-02
8.850000e+01 0.000000e+00 3.372961e-02 3.372961e-02
8.860000e+01 0.000000e+00 3.370905e-02 3.370905e-02
8.870000e+01 0.000000e+00 3.368853e-02 3.368853e-02
8.880000e+01 0.000000e+00 3.366803e-02 3.366803e-02
8.890000e+01 0.000000e+00 3.364757e-02 3.364757e-02
8.900000e+01 0.000000e+00 3.362714e-02 3.362714e-02
8.910000e+01 0.000000e+00 3.360675e-02 3.360675e-02
8.920000e+01 0.000000e+00 3.358639e-02 3.358639e-02
8.930000e+01 0.000000e+00 3.356606e-02 3.356606e-02
8.940000e+01 0.000000e+00 3.354576e-02 3.354576e-02
8.950000e+01 0.000000e+00 3.352549e-02 3.352549e-02
8.960000e+01 0.000000e+00 3.350526e-02 3.350526e-02
8.970000e+01 0.000000e+00 3.348506e-02 3.348506e-02
8.980000e+01 0.000000e+00 3.346489e-02 3.346489e-02
8.990000e+01 0.000000e+00 3.344476e-02 3.344476e-02
9.000000e+01 0.000000e+00 3.342465e-02 3.342465e-02
9.010000e+01 0.000000e+00 3.340458e-02 3.340458e-02
9.020000e+01 0.000000e+00 3.338454e-02 3.338454e-02
9.030000e+01 0.000000e+00 3.336453e-02 3.336453e-02
9.040000e+01 0.000000e+00 3.334455e-02 3.334455e-02
9.050000e+01 0.000000e+00 3.332461e-02 3.332461e-02
9.060000e+01 0.000000e+00 3.330469e-02 3.330469e-02
9.070000e+01 0.000000e+00 3.328481e-02 3.328481e-02
9.080000e+01 0.000000e+00 3.326496e-02 3.326496e-02
9.090000e+01 0.000000e+00 3.324514e-02 3.324514e-02
9.100000e+01 0.000000e+00 3.322535e-02 3.322535e-02
9.110000e+01 0.000000e+00 3.320559e-02 3.320559e-02
9.120000e+01 0.000000e+00 3.318586e-02 3.318586e-02
9.130000e+01 0.000000e+00 3.316616e-02 3.316616e-02
9.140000e+01 0.000000e+00 3.314650e-02 3.314650e-02
9.150000e+01 0.000000e+00 3.312686e-02 3.312686e-02
9.160000e+01 0.000000e+00 3.310726e-02 3.310726e-02
9.170000e+01 0.000000e+00 3.308769e-02 3.308769e-02
9.180000e+01 0.000000e+00 3.306814e-02 3.306814e-02
9.190000e+01 0.000000e+00 3.304863e-02 3.304863e-02
9.200000e+01 0.000000e+00 3.302915e-02 3.302915e-02
9.210000e+01 0.000000e+00 3.300970e-02 3.300970e-02
9.220000e+01 0.000000e+00 3.299028e-02 3.299028e-02
9.230000e+01 0.000000e+00 3.297089e-02 3.297089e-02
9.240000e+01 0.000000e+00 3.295153e-02 3.295153e-02
9.250000e+01 0.000000e+00 3.293220e-02 3.293220e-02
9.260000e+01 0.000000e+00 3.291290e-02 3.291290e-02
9.270000e+01 0.000000e+00 3.289363e-02 3.289363e-02
9.280000e+01 0.000000e+00 3.287438e-02 3.287438e-02
9.290000e+01 0.000000e+00 3.285517e-02 3.285517e-02
9.300000e+01 0.000000e+00 3.283599e-02 3.283599e-02
9.310000e+01 0.000000e+00 3.281684e-02 3.281684e-02
9.320000e+01 0.000000e+00 3.279771e-02 3.279771e-02
9.330000e+01 0.000000e+00 3.277862e-02 3.277862e-02
9.340000e+01 0.000000e+00 3.275955e-02 3.275955e-02
9.350000e+01 0.000000e+00 3.274052e-02 3.274052e-02
9.360000e+01 0.000000e+00 3.272151e-02 3.272151e-02
9.370000e+01 0.000000e+00 3.270253e-02 3.270253e-02
9.380000e+01 0.000000e+00 3.268358e-02 3.268358e-02
9.390000e+01 0.000000e+00 3.266466e-02 3.266466e-02
9.400000e+01 0.000000e+00 3.264576e-02 3.264576e-02
9.410000e+01 0.000000e+00 3.262690e-02 3.262690e-02
9.420000e+01 0.000000e+00 3.260806e-02 3.260806e-02
9.430000e+01 0.000000e+00 3.258926e-02 3.258926e-02
9.440000e+01 0.000000e+00 3.257048e-02 3.257048e-02
9.450000e+01 0.000000e+00 3.255173e-02 3.255173e-02
9.460000e+01 0.000000e+00 3.253300e-02 3.253300e-02
9.470000e+01 0.000000e+00 3.251431e-02 3.251431e-02
9.480000e+01 0.000000e+00 3.249564e-02 3.249564e-02
9.490000e+01 0.000000e+00 3.247700e-02 3.247700e-02
9.500000e+01 0.000000e+00 3.245839e-02 3.245839e-02
9.510000e+01 0.000000e+00 3.243981e-02 3.243981e-02
9.520000e+01 0.000000e+00 3.242126e-02 3.242126e-02
9.530000e+01 0.000000e+00 3.240273e-02 3.240273e-02
9.540000e+01 0.000000e+00 3.238423e-02 3.238423e-02
9.550000e+01 0.000000e+00 3.236576e-02 3.236576e-02
9.560000e+01 0.000000e+00 3.234731e-02 3.234731e-02
9.570000e+01 0.000000e+00 3.232890e-02 3.232890e-02
9.580000e+01 0.000000e+00 3.231051e-02 3.231051e-02
9.590000e+01 0.000000e+00 3.229215e-02 3.229215e-02
9.600000e+01 0.000000e+00 3.227381e-02 3.227381e-02
9.610000e+01 0.000000e+00 3.225551e-02 3.225551e-02
9.620000e+01 0.000000e+00 3.223723e-02 3.223723e-02
9.630000e+01 0.000000e+00 3.221898e-02 3.221898e-02
9.640000e+01 0.000000e+00 3.220075e-02 3.220075e-02
9.650000e+01 0.000000e+00 3.218255e-02 3.218255e-02
9.660000e+01 0.000000e+00 3.216438e-02 3.216438e-02
9.670000e+01 0.000000e+00 3.214624e-02 3.214624e-02
9.680000e+01 0.000000e+00 3.212812e-02 3.212812e-02
9.690000e+01 0.000000e+00 3.211003e-02 3.211003e-02
9.700000e+01 0.000000e+00 3.209196e-02 3.209196e-02
9.710000e+01 0.000000e+00 3.207392e-02 3.207392e-02
9.720000e+01 0.000000e+00 3.205591e-02 3.205591e-02
9.730000e+01 0.000000e+00 3.203793e-02 3.203793e-02
9.740000e+01 0.000000e+00 3.201997e-02 3.201997e-02
9.750000e+01 0.000000e+00 3.200203e-02 3.200203e-02
9.760000e+01 0.000000e+00 3.198413e-02 3.198413e-02
9.770000e+01 0.000000e+00 3.196625e-02 3.196625e-02
9.780000e+01 0.000000e+00 3.194839e-02 3.194839e-02
9.790000e+01 0.000000e+00 3.193056e-02 3.193056e-02
9.800000e+01 0.000000e+00 3.191276e-02 3.191276e-02
9.810000e+01 0.000000e+00 3.189498e-02 3.189498e-02
9.820000e+01 0.000000e+00 3.187723e-02 3.187723e-02
9.830000e+01 0.000000e+00 3.185950e-02 3.185950e-02
9.840000e+01 0.000000e+00 3.184180e-02 3.184180e-02
9.850000e+01 0.000000e+00 3.182413e-02 3.182413e-02
9.860000e+01 0.000000e+00 3.180648e-02 3.180648e-02
9.870000e+01 0.000000e+00 3.178885e-02 3.178885e-02
9.880000e+01 0.000000e+00 3.177126e-02 3.177126e-02
9.890000e+01 0.000000e+00 3.175368e-02 3.175368e-02
9.900000e+01 0.000000e+00 3.173613e-02 3.173613e-02
9.910000e+01 0.000000e+00 3.171861e-02 3.171861e-02
9.920000e+01 0.000000e+00 3.170111e-02 3.170111e-02
9.930000e+01 0.000000e+00 3.168364e-02 3.168364e-02
9.940000e+01 0.000000e+00 3.166619e-02 3.166619e-02
9.950000e+01 0.000000e+00 3.164877e-02 3.164877e-02
9.960000e+01 0.000000e+00 3.163137e-02 3.163137e-02
9.970000e+01 0.000000e+00 3.161399e-02 3.161399e-02
9.980000e+01 0.000000e+00 3.159664e-02 3.159664e-02
9.990000e+01 0.000000e+00 3.157932e-02 3.157932e-02
1.000000e+02 0.000000e+00 3.156202e-02 3.156202e-02
