# # chi(t) for Pe = 50, beta = 0.1, bridge_width = 1.0
# # Columns: time, chi, I_T (signed), I_|T| (unsigned)
0.000000e+00 0.000000e+00 7.671023e-02 7.671023e-02
1.000000e-01 0.000000e+00 7.997285e-02 7.997285e-02
2.000000e-01 0.000000e+00 8.002901e-02 8.002901e-02
3.000000e-01 0.000000e+00 8.003802e-02 8.003802e-02
4.000000e-01 2.000000e-06 8.004815e-02 8.004831e-02
5.000000e-01 1.800000e-05 8.005946e-02 8.006090e-02
6.000000e-01 3.910000e-05 8.007216e-02 8.007530e-02
7.000000e-01 3.580000e-05 8.008539e-02 8.008825e-02
8.000000e-01 1.380000e-05 8.009774e-02 8.009885e-02
9.000000e-01 0.000000e+00 8.010765e-02 8.010765e-02
1.000000e+00 0.000000e+00 8.011384e-02 8.011384e-02
1.100000e+00 0.000000e+00 8.011559e-02 8.011559e-02
1.200000e+00 0.000000e+00 8.011265e-02 8.011265e-02
1.300000e+00 0.000000e+00 8.010510e-02 8.010510e-02
1.400000e+00 0.000000e+00 8.009319e-02 8.009319e-02
1.500000e+00 0.000000e+00 8.007725e-02 8.007725e-02
1.600000e+00 0.000000e+00 8.005753e-02 8.005753e-02
1.700000e+00 0.000000e+00 8.003428e-02 8.003428e-02
1.800000e+00 0.000000e+00 8.000761e-02 8.000761e-02
1.900000e+00 0.000000e+00 7.997759e-02 7.997759e-02
2.000000e+00 0.000000e+00 7.994423e-02 7.994423e-02
2.100000e+00 0.000000e+00 7.990745e-02 7.990745e-02
2.200000e+00 0.000000e+00 7.986717e-02 7.986717e-02
2.300000e+00 0.000000e+00 7.982326e-02 7.982326e-02
2.400000e+00 0.000000e+00 7.977558e-02 7.977558e-02
2.500000e+00 0.000000e+00 7.972400e-02 7.972400e-02
2.600000e+00 0.000000e+00 7.966838e-02 7.966838e-02
2.700000e+00 0.000000e+00 7.960860e-02 7.960860e-02
2.800000e+00 0.000000e+00 7.954457e-02 7.954457e-02
2.900000e+00 0.000000e+00 7.947618e-02 7.947618e-02
3.000000e+00 0.000000e+00 7.940339e-02 7.940339e-02
3.100000e+00 0.000000e+00 7.932613e-02 7.932613e-02
3.200000e+00 0.000000e+00 7.924440e-02 7.924440e-02
3.300000e+00 0.000000e+00 7.915818e-02 7.915818e-02
3.400000e+00 0.000000e+00 7.906749e-02 7.906749e-02
3.500000e+00 0.000000e+00 7.897237e-02 7.897237e-02
3.600000e+00 0.000000e+00 7.887287e-02 7.887287e-02
3.700000e+00 0.000000e+00 7.876905e-02 7.876905e-02
3.800000e+00 0.000000e+00 7.866100e-02 7.866100e-02
3.900000e+00 0.000000e+00 7.854881e-02 7.854881e-02
4.000000e+00 0.000000e+00 7.843258e-02 7.843258e-02
4.100000e+00 0.000000e+00 7.831242e-02 7.831242e-02
4.200000e+00 0.000000e+00 7.818844e-02 7.818844e-02
4.300000e+00 0.000000e+00 7.806079e-02 7.806079e-02
4.400000e+00 0.000000e+00 7.792957e-02 7.792957e-02
4.500000e+00 0.000000e+00 7.779493e-02 7.779493e-02
4.600000e+00 0.000000e+00 7.765700e-02 7.765700e-02
4.700000e+00 0.000000e+00 7.751592e-02 7.751592e-02
4.800000e+00 0.000000e+00 7.737182e-02 7.737182e-02
4.900000e+00 0.000000e+00 7.722485e-02 7.722485e-02
5.000000e+00 0.000000e+00 7.707513e-02 7.707513e-02
5.100000e+00 0.000000e+00 7.692282e-02 7.692282e-02
5.200000e+00 0.000000e+00 7.676803e-02 7.676803e-02
5.300000e+00 0.000000e+00 7.661091e-02 7.661091e-02
5.400000e+00 0.000000e+00 7.645158e-02 7.645158e-02
5.500000e+00 0.000000e+00 7.629017e-02 7.629017e-02
5.600000e+00 0.000000e+00 7.612681e-02 7.612681e-02
5.700000e+00 0.000000e+00 7.596161e-02 7.596161e-02
5.800000e+00 0.000000e+00 7.579470e-02 7.579470e-02
5.900000e+00 0.000000e+00 7.562619e-02 7.562619e-02
6.000000e+00 0.000000e+00 7.545620e-02 7.545620e-02
6.100000e+00 0.000000e+00 7.528482e-02 7.528482e-02
6.200000e+00 0.000000e+00 7.511217e-02 7.511217e-02
6.300000e+00 0.000000e+00 7.493835e-02 7.493835e-02
6.400000e+00 0.000000e+00 7.476346e-02 7.476346e-02
6.500000e+00 0.000000e+00 7.458758e-02 7.458758e-02
6.600000e+00 0.000000e+00 7.441082e-02 7.441082e-02
6.700000e+00 0.000000e+00 7.423325e-02 7.423325e-02
6.800000e+00 0.000000e+00 7.405497e-02 7.405497e-02
6.900000e+00 0.000000e+00 7.387604e-02 7.387604e-02
7.000000e+00 0.000000e+00 7.369655e-02 7.369655e-02
7.100000e+00 0.000000e+00 7.351658e-02 7.351658e-02
7.200000e+00 0.000000e+00 7.333618e-02 7.333618e-02
7.300000e+00 0.000000e+00 7.315544e-02 7.315544e-02
7.400000e+00 0.000000e+00 7.297441e-02 7.297441e-02
7.500000e+00 0.000000e+00 7.279315e-02 7.279315e-02
7.600000e+00 0.000000e+00 7.261173e-02 7.261173e-02
7.700000e+00 0.000000e+00 7.243020e-02 7.243020e-02
7.800000e+00 0.000000e+00 7.224861e-02 7.224861e-02
7.900000e+00 0.000000e+00 7.206701e-02 7.206701e-02
8.000000e+00 0.000000e+00 7.188546e-02 7.188546e-02
8.100000e+00 0.000000e+00 7.170399e-02 7.170399e-02
8.200000e+00 0.000000e+00 7.152266e-02 7.152266e-02
8.300000e+00 0.000000e+00 7.134150e-02 7.134150e-02
8.400000e+00 0.000000e+00 7.116055e-02 7.116055e-02
8.500000e+00 0.000000e+00 7.097986e-02 7.097986e-02
8.600000e+00 0.000000e+00 7.079945e-02 7.079945e-02
8.700000e+00 0.000000e+00 7.061936e-02 7.061936e-02
8.800000e+00 0.000000e+00 7.043962e-02 7.043962e-02
8.900000e+00 0.000000e+00 7.026027e-02 7.026027e-02
9.000000e+00 0.000000e+00 7.008133e-02 7.008133e-02
9.100000e+00 0.000000e+00 6.990282e-02 6.990282e-02
9.200000e+00 0.000000e+00 6.972478e-02 6.972478e-02
9.300000e+00 0.000000e+00 6.954723e-02 6.954723e-02
9.400000e+00 0.000000e+00 6.937019e-02 6.937019e-02
9.500000e+00 0.000000e+00 6.919368e-02 6.919368e-02
9.600000e+00 0.000000e+00 6.901772e-02 6.901772e-02
9.700000e+00 0.000000e+00 6.884233e-02 6.884233e-02
9.800000e+00 0.000000e+00 6.866753e-02 6.866753e-02
9.900000e+00 0.000000e+00 6.849333e-02 6.849333e-02
1.000000e+01 0.000000e+00 6.831975e-02 6.831975e-02
1.010000e+01 0.000000e+00 6.814681e-02 6.814681e-02
1.020000e+01 0.000000e+00 6.797451e-02 6.797451e-02
1.030000e+01 0.000000e+00 6.780288e-02 6.780288e-02
1.040000e+01 0.000000e+00 6.763192e-02 6.763192e-02
1.050000e+01 0.000000e+00 6.746164e-02 6.746164e-02
1.060000e+01 0.000000e+00 6.729205e-02 6.729205e-02
1.070000e+01 0.000000e+00 6.712317e-02 6.712317e-02
1.080000e+01 0.000000e+00 6.695499e-02 6.695499e-02
1.090000e+01 0.000000e+00 6.678754e-02 6.678754e-02
1.100000e+01 0.000000e+00 6.662080e-02 6.662080e-02
1.110000e+01 0.000000e+00 6.645480e-02 6.645480e-02
1.120000e+01 0.000000e+00 6.628954e-02 6.628954e-02
1.130000e+01 0.000000e+00 6.612501e-02 6.612501e-02
1.140000e+01 0.000000e+00 6.596124e-02 6.596124e-02
1.150000e+01 0.000000e+00 6.579821e-02 6.579821e-02
1.160000e+01 0.000000e+00 6.563594e-02 6.563594e-02
1.170000e+01 0.000000e+00 6.547443e-02 6.547443e-02
1.180000e+01 0.000000e+00 6.531368e-02 6.531368e-02
1.190000e+01 0.000000e+00 6.515369e-02 6.515369e-02
1.200000e+01 0.000000e+00 6.499447e-02 6.499447e-02
1.210000e+01 0.000000e+00 6.483602e-02 6.483602e-02
1.220000e+01 0.000000e+00 6.467834e-02 6.467834e-02
1.230000e+01 0.000000e+00 6.452143e-02 6.452143e-02
1.240000e+01 0.000000e+00 6.436530e-02 6.436530e-02
1.250000e+01 0.000000e+00 6.420993e-02 6.420993e-02
1.260000e+01 0.000000e+00 6.405534e-02 6.405534e-02
1.270000e+01 0.000000e+00 6.390152e-02 6.390152e-02
1.280000e+01 0.000000e+00 6.374847e-02 6.374847e-02
1.290000e+01 0.000000e+00 6.359619e-02 6.359619e-02
1.300000e+01 0.000000e+00 6.344468e-02 6.344468e-02
1.310000e+01 0.000000e+00 6.329394e-02 6.329394e-02
1.320000e+01 0.000000e+00 6.314396e-02 6.314396e-02
1.330000e+01 0.000000e+00 6.299475e-02 6.299475e-02
1.340000e+01 0.000000e+00 6.284630e-02 6.284630e-02
1.350000e+01 0.000000e+00 6.269861e-02 6.269861e-02
1.360000e+01 0.000000e+00 6.255168e-02 6.255168e-02
1.370000e+01 0.000000e+00 6.240551e-02 6.240551e-02
1.380000e+01 0.000000e+00 6.226008e-02 6.226008e-02
1.390000e+01 0.000000e+00 6.211541e-02 6.211541e-02
1.400000e+01 0.000000e+00 6.197148e-02 6.197148e-02
1.410000e+01 0.000000e+00 6.182830e-02 6.182830e-02
1.420000e+01 0.000000e+00 6.168585e-02 6.168585e-02
1.430000e+01 0.000000e+00 6.154415e-02 6.154415e-02
1.440000e+01 0.000000e+00 6.140318e-02 6.140318e-02
1.450000e+01 0.000000e+00 6.126294e-02 6.126294e-02
1.460000e+01 0.000000e+00 6.112344e-02 6.112344e-02
1.470000e+01 0.000000e+00 6.098465e-02 6.098465e-02
1.480000e+01 0.000000e+00 6.084659e-02 6.084659e-02
1.490000e+01 0.000000e+00 6.070925e-02 6.070925e-02
1.500000e+01 0.000000e+00 6.057263e-02 6.057263e-02
1.510000e+01 0.000000e+00 6.043671e-02 6.043671e-02
1.520000e+01 0.000000e+00 6.030151e-02 6.030151e-02
1.530000e+01 0.000000e+00 6.016700e-02 6.016700e-02
1.540000e+01 0.000000e+00 6.003320e-02 6.003320e-02
1.550000e+01 0.000000e+00 5.990010e-02 5.990010e-02
1.560000e+01 0.000000e+00 5.976768e-02 5.976768e-02
1.570000e+01 0.000000e+00 5.963596e-02 5.963596e-02
1.580000e+01 0.000000e+00 5.950492e-02 5.950492e-02
1.590000e+01 0.000000e+00 5.937456e-02 5.937456e-02
1.600000e+01 0.000000e+00 5.924488e-02 5.924488e-02
1.610000e+01 0.000000e+00 5.911587e-02 5.911587e-02
1.620000e+01 0.000000e+00 5.898752e-02 5.898752e-02
1.630000e+01 0.000000e+00 5.885985e-02 5.885985e-02
1.640000e+01 0.000000e+00 5.873283e-02 5.873283e-02
1.650000e+01 0.000000e+00 5.860647e-02 5.860647e-02
1.660000e+01 0.000000e+00 5.848076e-02 5.848076e-02
1.670000e+01 0.000000e+00 5.835570e-02 5.835570e-02
1.680000e+01 0.000000e+00 5.823128e-02 5.823128e-02
1.690000e+01 0.000000e+00 5.810750e-02 5.810750e-02
1.700000e+01 0.000000e+00 5.798436e-02 5.798436e-02
1.710000e+01 0.000000e+00 5.786185e-02 5.786185e-02
1.720000e+01 0.000000e+00 5.773996e-02 5.773996e-02
1.730000e+01 0.000000e+00 5.761870e-02 5.761870e-02
1.740000e+01 0.000000e+00 5.749805e-02 5.749805e-02
1.750000e+01 0.000000e+00 5.737801e-02 5.737801e-02
1.760000e+01 0.000000e+00 5.725859e-02 5.725859e-02
1.770000e+01 0.000000e+00 5.713977e-02 5.713977e-02
1.780000e+01 0.000000e+00 5.702155e-02 5.702155e-02
1.790000e+01 0.000000e+00 5.690393e-02 5.690393e-02
1.800000e+01 0.000000e+00 5.678690e-02 5.678690e-02
1.810000e+01 0.000000e+00 5.667046e-02 5.667046e-02
1.820000e+01 0.000000e+00 5.655461e-02 5.655461e-02
1.830000e+01 0.000000e+00 5.643934e-02 5.643934e-02
1.840000e+01 0.000000e+00 5.632465e-02 5.632465e-02
1.850000e+01 0.000000e+00 5.621054e-02 5.621054e-02
1.860000e+01 0.000000e+00 5.609699e-02 5.609699e-02
1.870000e+01 0.000000e+00 5.598402e-02 5.598402e-02
1.880000e+01 0.000000e+00 5.587160e-02 5.587160e-02
1.890000e+01 0.000000e+00 5.575974e-02 5.575974e-02
1.900000e+01 0.000000e+00 5.564844e-02 5.564844e-02
1.910000e+01 0.000000e+00 5.553768e-02 5.553768e-02
1.920000e+01 0.000000e+00 5.542748e-02 5.542748e-02
1.930000e+01 0.000000e+00 5.531781e-02 5.531781e-02
1.940000e+01 0.000000e+00 5.520869e-02 5.520869e-02
1.950000e+01 0.000000e+00 5.510010e-02 5.510010e-02
1.960000e+01 0.000000e+00 5.499203e-02 5.499203e-02
1.970000e+01 0.000000e+00 5.488450e-02 5.488450e-02
1.980000e+01 0.000000e+00 5.477749e-02 5.477749e-02
1.990000e+01 0.000000e+00 5.467100e-02 5.467100e-02
2.000000e+01 0.000000e+00 5.456502e-02 5.456502e-02
2.010000e+01 0.000000e+00 5.445956e-02 5.445956e-02
2.020000e+01 0.000000e+00 5.435460e-02 5.435460e-02
2.030000e+01 0.000000e+00 5.425015e-02 5.425015e-02
2.040000e+01 0.000000e+00 5.414619e-02 5.414619e-02
2.050000e+01 0.000000e+00 5.404274e-02 5.404274e-02
2.060000e+01 0.000000e+00 5.393977e-02 5.393977e-02
2.070000e+01 0.000000e+00 5.383730e-02 5.383730e-02
2.080000e+01 0.000000e+00 5.373531e-02 5.373531e-02
2.090000e+01 0.000000e+00 5.363381e-02 5.363381e-02
2.100000e+01 0.000000e+00 5.353278e-02 5.353278e-02
2.110000e+01 0.000000e+00 5.343223e-02 5.343223e-02
2.120000e+01 0.000000e+00 5.333216e-02 5.333216e-02
2.130000e+01 0.000000e+00 5.323255e-02 5.323255e-02
2.140000e+01 0.000000e+00 5.313342e-02 5.313342e-02
2.150000e+01 0.000000e+00 5.303474e-02 5.303474e-02
2.160000e+01 0.000000e+00 5.293653e-02 5.293653e-02
2.170000e+01 0.000000e+00 5.283877e-02 5.283877e-02
2.180000e+01 0.000000e+00 5.274147e-02 5.274147e-02
2.190000e+01 0.000000e+00 5.264462e-02 5.264462e-02
2.200000e+01 0.000000e+00 5.254821e-02 5.254821e-02
2.210000e+01 0.000000e+00 5.245226e-02 5.245226e-02
2.220000e+01 0.000000e+00 5.235674e-02 5.235674e-02
2.230000e+01 0.000000e+00 5.226166e-02 5.226166e-02
2.240000e+01 0.000000e+00 5.216702e-02 5.216702e-02
2.250000e+01 0.000000e+00 5.207281e-02 5.207281e-02
2.260000e+01 0.000000e+00 5.197902e-02 5.197902e-02
2.270000e+01 0.000000e+00 5.188567e-02 5.188567e-02
2.280000e+01 0.000000e+00 5.179274e-02 5.179274e-02
2.290000e+01 0.000000e+00 5.170023e-02 5.170023e-02
2.300000e+01 0.000000e+00 5.160813e-02 5.160813e-02
2.310000e+01 0.000000e+00 5.151646e-02 5.151646e-02
2.320000e+01 0.000000e+00 5.142519e-02 5.142519e-02
2.330000e+01 0.000000e+00 5.133433e-02 5.133433e-02
2.340000e+01 0.000000e+00 5.124389e-02 5.124389e-02
2.350000e+01 0.000000e+00 5.115384e-02 5.115384e-02
2.360000e+01 0.000000e+00 5.106420e-02 5.106420e-02
2.370000e+01 0.000000e+00 5.097495e-02 5.097495e-02
2.380000e+01 0.000000e+00 5.088610e-02 5.088610e-02
2.390000e+01 0.000000e+00 5.079764e-02 5.079764e-02
2.400000e+01 0.000000e+00 5.070958e-02 5.070958e-02
2.410000e+01 0.000000e+00 5.062190e-02 5.062190e-02
2.420000e+01 0.000000e+00 5.053460e-02 5.053460e-02
2.430000e+01 0.000000e+00 5.044769e-02 5.044769e-02
2.440000e+01 0.000000e+00 5.036116e-02 5.036116e-02
2.450000e+01 0.000000e+00 5.027500e-02 5.027500e-02
2.460000e+01 0.000000e+00 5.018922e-02 5.018922e-02
2.470000e+01 0.000000e+00 5.010381e-02 5.010381e-02
2.480000e+01 0.000000e+00 5.001876e-02 5.001876e-02
2.490000e+01 0.000000e+00 4.993409e-02 4.993409e-02
2.500000e+01 0.000000e+00 4.984978e-02 4.984978e-02
2.510000e+01 0.000000e+00 4.976583e-02 4.976583e-02
2.520000e+01 0.000000e+00 4.968225e-02 4.968225e-02
2.530000e+01 0.000000e+00 4.959902e-02 4.959902e-02
2.540000e+01 0.000000e+00 4.951615e-02 4.951615e-02
2.550000e+01 0.000000e+00 4.943363e-02 4.943363e-02
2.560000e+01 0.000000e+00 4.935146e-02 4.935146e-02
2.570000e+01 0.000000e+00 4.926964e-02 4.926964e-02
2.580000e+01 0.000000e+00 4.918816e-02 4.918816e-02
2.590000e+01 0.000000e+00 4.910703e-02 4.910703e-02
2.600000e+01 0.000000e+00 4.902625e-02 4.902625e-02
2.610000e+01 0.000000e+00 4.894580e-02 4.894580e-02
2.620000e+01 0.000000e+00 4.886569e-02 4.886569e-02
2.630000e+01 0.000000e+00 4.878591e-02 4.878591e-02
2.640000e+01 0.000000e+00 4.870646e-02 4.870646e-02
2.650000e+01 0.000000e+00 4.862735e-02 4.862735e-02
2.660000e+01 0.000000e+00 4.854856e-02 4.854856e-02
2.670000e+01 0.000000e+00 4.847010e-02 4.847010e-02
2.680000e+01 0.000000e+00 4.839197e-02 4.839197e-02
2.690000e+01 0.000000e+00 4.831415e-02 4.831415e-02
2.700000e+01 0.000000e+00 4.823666e-02 4.823666e-02
2.710000e+01 0.000000e+00 4.815948e-02 4.815948e-02
2.720000e+01 0.000000e+00 4.808262e-02 4.808262e-02
2.730000e+01 0.000000e+00 4.800607e-02 4.800607e-02
2.740000e+01 0.000000e+00 4.792983e-02 4.792983e-02
2.750000e+01 0.000000e+00 4.785390e-02 4.785390e-02
2.760000e+01 0.000000e+00 4.777828e-02 4.777828e-02
2.770000e+01 0.000000e+00 4.770296e-02 4.770296e-02
2.780000e+01 0.000000e+00 4.762795e-02 4.762795e-02
2.790000e+01 0.000000e+00 4.755323e-02 4.755323e-02
2.800000e+01 0.000000e+00 4.747882e-02 4.747882e-02
2.810000e+01 0.000000e+00 4.740470e-02 4.740470e-02
2.820000e+01 0.000000e+00 4.733088e-02 4.733088e-02
2.830000e+01 0.000000e+00 4.725735e-02 4.725735e-02
2.840000e+01 0.000000e+00 4.718411e-02 4.718411e-02
2.850000e+01 0.000000e+00 4.711116e-02 4.711116e-02
2.860000e+01 0.000000e+00 4.703850e-02 4.703850e-02
2.870000e+01 0.000000e+00 4.696613e-02 4.696613e-02
2.880000e+01 0.000000e+00 4.689404e-02 4.689404e-02
2.890000e+01 0.000000e+00 4.682223e-02 4.682223e-02
2.900000e+01 0.000000e+00 4.675071e-02 4.675071e-02
2.910000e+01 0.000000e+00 4.667946e-02 4.667946e-02
2.920000e+01 0.000000e+00 4.660850e-02 4.660850e-02
2.930000e+01 0.000000e+00 4.653781e-02 4.653781e-02
2.940000e+01 0.000000e+00 4.646739e-02 4.646739e-02
2.950000e+01 0.000000e+00 4.639725e-02 4.639725e-02
2.960000e+01 0.000000e+00 4.632738e-02 4.632738e-02
2.970000e+01 0.000000e+00 4.625778e-02 4.625778e-02
2.980000e+01 0.000000e+00 4.618845e-02 4.618845e-02
2.990000e+01 0.000000e+00 4.611938e-02 4.611938e-02
3.000000e+01 0.000000e+00 4.605058e-02 4.605058e-02
3.010000e+01 0.000000e+00 4.598204e-02 4.598204e-02
3.020000e+01 0.000000e+00 4.591377e-02 4.591377e-02
3.030000e+01 0.000000e+00 4.584575e-02 4.584575e-02
3.040000e+01 0.000000e+00 4.577800e-02 4.577800e-02
3.050000e+01 0.000000e+00 4.571050e-02 4.571050e-02
3.060000e+01 0.000000e+00 4.564326e-02 4.564326e-02
3.070000e+01 0.000000e+00 4.557627e-02 4.557627e-02
3.080000e+01 0.000000e+00 4.550953e-02 4.550953e-02
3.090000e+01 0.000000e+00 4.544305e-02 4.544305e-02
3.100000e+01 0.000000e+00 4.537681e-02 4.537681e-02
3.110000e+01 0.000000e+00 4.531083e-02 4.531083e-02
3.120000e+01 0.000000e+00 4.524509e-02 4.524509e-02
3.130000e+01 0.000000e+00 4.517960e-02 4.517960e-02
3.140000e+01 0.000000e+00 4.511435e-02 4.511435e-02
3.150000e+01 0.000000e+00 4.504934e-02 4.504934e-02
3.160000e+01 0.000000e+00 4.498457e-02 4.498457e-02
3.170000e+01 0.000000e+00 4.492005e-02 4.492005e-02
3.180000e+01 0.000000e+00 4.485576e-02 4.485576e-02
3.190000e+01 0.000000e+00 4.479170e-02 4.479170e-02
3.200000e+01 0.000000e+00 4.472788e-02 4.472788e-02
3.210000e+01 0.000000e+00 4.466430e-02 4.466430e-02
3.220000e+01 0.000000e+00 4.460095e-02 4.460095e-02
3.230000e+01 0.000000e+00 4.453783e-02 4.453783e-02
3.240000e+01 0.000000e+00 4.447493e-02 4.447493e-02
3.250000e+01 0.000000e+00 4.441227e-02 4.441227e-02
3.260000e+01 0.000000e+00 4.434983e-02 4.434983e-02
3.270000e+01 0.000000e+00 4.428762e-02 4.428762e-02
3.280000e+01 0.000000e+00 4.422563e-02 4.422563e-02
3.290000e+01 0.000000e+00 4.416387e-02 4.416387e-02
3.300000e+01 0.000000e+00 4.410232e-02 4.410232e-02
3.310000e+01 0.000000e+00 4.404100e-02 4.404100e-02
3.320000e+01 0.000000e+00 4.397990e-02 4.397990e-02
3.330000e+01 0.000000e+00 4.391902e-02 4.391902e-02
3.340000e+01 0.000000e+00 4.385836e-02 4.385836e-02
3.350000e+01 0.000000e+00 4.379791e-02 4.379791e-02
3.360000e+01 0.000000e+00 4.373767e-02 4.373767e-02
3.370000e+01 0.000000e+00 4.367765e-02 4.367765e-02
3.380000e+01 0.000000e+00 4.361785e-02 4.361785e-02
3.390000e+01 0.000000e+00 4.355825e-02 4.355825e-02
3.400000e+01 0.000000e+00 4.349886e-02 4.349886e-02
3.410000e+01 0.000000e+00 4.343968e-02 4.343968e-02
3.420000e+01 0.000000e+00 4.338071e-02 4.338071e-02
3.430000e+01 0.000000e+00 4.332195e-02 4.332195e-02
3.440000e+01 0.000000e+00 4.326339e-02 4.326339e-02
3.450000e+01 0.000000e+00 4.320504e-02 4.320504e-02
3.460000e+01 0.000000e+00 4.314688e-02 4.314688e-02
3.470000e+01 0.000000e+00 4.308893e-02 4.308893e-02
3.480000e+01 0.000000e+00 4.303118e-02 4.303118e-02
3.490000e+01 0.000000e+00 4.297363e-02 4.297363e-02
3.500000e+01 0.000000e+00 4.291628e-02 4.291628e-02
3.510000e+01 0.000000e+00 4.285912e-02 4.285912e-02
3.520000e+01 0.000000e+00 4.280216e-02 4.280216e-02
3.530000e+01 0.000000e+00 4.274540e-02 4.274540e-02
3.540000e+01 0.000000e+00 4.268883e-02 4.268883e-02
3.550000e+01 0.000000e+00 4.263245e-02 4.263245e-02
3.560000e+01 0.000000e+00 4.257626e-02 4.257626e-02
3.570000e+01 0.000000e+00 4.252027e-02 4.252027e-02
3.580000e+01 0.000000e+00 4.246446e-02 4.246446e-02
3.590000e+01 0.000000e+00 4.240884e-02 4.240884e-02
3.600000e+01 0.000000e+00 4.235341e-02 4.235341e-02
3.610000e+01 0.000000e+00 4.229816e-02 4.229816e-02
3.620000e+01 0.000000e+00 4.224310e-02 4.224310e-02
3.630000e+01 0.000000e+00 4.218823e-02 4.218823e-02
3.640000e+01 0.000000e+00 4.213354e-02 4.213354e-02
3.650000e+01 0.000000e+00 4.207902e-02 4.207902e-02
3.660000e+01 0.000000e+00 4.202469e-02 4.202469e-02
3.670000e+01 0.000000e+00 4.197054e-02 4.197054e-02
3.680000e+01 0.000000e+00 4.191657e-02 4.191657e-02
3.690000e+01 0.000000e+00 4.186278e-02 4.186278e-02
3.700000e+01 0.000000e+00 4.180917e-02 4.180917e-02
3.710000e+01 0.000000e+00 4.175573e-02 4.175573e-02
3.720000e+01 0.000000e+00 4.170247e-02 4.170247e-02
3.730000e+01 0.000000e+00 4.164938e-02 4.164938e-02
3.740000e+01 0.000000e+00 4.159647e-02 4.159647e-02
3.750000e+01 0.000000e+00 4.154373e-02 4.154373e-02
3.760000e+01 0.000000e+00 4.149116e-02 4.149116e-02
3.770000e+01 0.000000e+00 4.143876e-02 4.143876e-02
3.780000e+01 0.000000e+00 4.138654e-02 4.138654e-02
3.790000e+01 0.000000e+00 4.133448e-02 4.133448e-02
3.800000e+01 0.000000e+00 4.128259e-02 4.128259e-02
3.810000e+01 0.000000e+00 4.123087e-02 4.123087e-02
3.820000e+01 0.000000e+00 4.117932e-02 4.117932e-02
3.830000e+01 0.000000e+00 4.112793e-02 4.112793e-02
3.840000e+01 0.000000e+00 4.107671e-02 4.107671e-02
3.850000e+01 0.000000e+00 4.102565e-02 4.102565e-02
3.860000e+01 0.000000e+00 4.097475e-02 4.097475e-02
3.870000e+01 0.000000e+00 4.092402e-02 4.092402e-02
3.880000e+01 0.000000e+00 4.087345e-02 4.087345e-02
3.890000e+01 0.000000e+00 4.082304e-02 4.082304e-02
3.900000e+01 0.000000e+00 4.077279e-02 4.077279e-02
3.910000e+01 0.000000e+00 4.072269e-02 4.072269e-02
3.920000e+01 0.000000e+00 4.067276e-02 4.067276e-02
3.930000e+01 0.000000e+00 4.062298e-02 4.062298e-02
3.940000e+01 0.000000e+00 4.057336e-02 4.057336e-02
3.950000e+01 0.000000e+00 4.052390e-02 4.052390e-02
3.960000e+01 0.000000e+00 4.047459e-02 4.047459e-02
3.970000e+01 0.000000e+00 4.042544e-02 4.042544e-02
3.980000e+01 0.000000e+00 4.037644e-02 4.037644e-02
3.990000e+01 0.000000e+00 4.032759e-02 4.032759e-02
4.000000e+01 0.000000e+00 4.027889e-02 4.027889e-02
4.010000e+01 0.000000e+00 4.023035e-02 4.023035e-02
4.020000e+01 0.000000e+00 4.018195e-02 4.018195e-02
4.030000e+01 0.000000e+00 4.013370e-02 4.013370e-02
4.040000e+01 0.000000e+00 4.008561e-02 4.008561e-02
4.050000e+01 0.000000e+00 4.003766e-02 4.003766e-02
4.060000e+01 0.000000e+00 3.998986e-02 3.998986e-02
4.070000e+01 0.000000e+00 3.994220e-02 3.994220e-02
4.080000e+01 0.000000e+00 3.989469e-02 3.989469e-02
4.090000e+01 0.000000e+00 3.984733e-02 3.984733e-02
4.100000e+01 0.000000e+00 3.980011e-02 3.980011e-02
4.110000e+01 0.000000e+00 3.975303e-02 3.975303e-02
4.120000e+01 0.000000e+00 3.970609e-02 3.970609e-02
4.130000e+01 0.000000e+00 3.965930e-02 3.965930e-02
4.140000e+01 0.000000e+00 3.961265e-02 3.961265e-02
4.150000e+01 0.000000e+00 3.956614e-02 3.956614e-02
4.160000e+01 0.000000e+00 3.951977e-02 3.951977e-02
4.170000e+01 0.000000e+00 3.947354e-02 3.947354e-02
4.180000e+01 0.000000e+00 3.942744e-02 3.942744e-02
4.190000e+01 0.000000e+00 3.938149e-02 3.938149e-02
4.200000e+01 0.000000e+00 3.933567e-02 3.933567e-02
4.210000e+01 0.000000e+00 3.928998e-02 3.928998e-02
4.220000e+01 0.000000e+00 3.924444e-02 3.924444e-02
4.230000e+01 0.000000e+00 3.919903e-02 3.919903e-02
4.240000e+01 0.000000e+00 3.915375e-02 3.915375e-02
4.250000e+01 0.000000e+00 3.910861e-02 3.910861e-02
4.260000e+01 0.000000e+00 3.906360e-02 3.906360e-02
4.270000e+01 0.000000e+00 3.901873e-02 3.901873e-02
4.280000e+01 0.000000e+00 3.897399e-02 3.897399e-02
4.290000e+01 0.000000e+00 3.892937e-02 3.892937e-02
4.300000e+01 0.000000e+00 3.888489e-02 3.888489e-02
4.310000e+01 0.000000e+00 3.884054e-02 3.884054e-02
4.320000e+01 0.000000e+00 3.879632e-02 3.879632e-02
4.330000e+01 0.000000e+00 3.875223e-02 3.875223e-02
4.340000e+01 0.000000e+00 3.870826e-02 3.870826e-02
4.350000e+01 0.000000e+00 3.866442e-02 3.866442e-02
4.360000e+01 0.000000e+00 3.862071e-02 3.862071e-02
4.370000e+01 0.000000e+00 3.857713e-02 3.857713e-02
4.380000e+01 0.000000e+00 3.853367e-02 3.853367e-02
4.390000e+01 0.000000e+00 3.849033e-02 3.849033e-02
4.400000e+01 0.000000e+00 3.844712e-02 3.844712e-02
4.410000e+01 0.000000e+00 3.840404e-02 3.840404e-02
4.420000e+01 0.000000e+00 3.836107e-02 3.836107e-02
4.430000e+01 0.000000e+00 3.831823e-02 3.831823e-02
4.440000e+01 0.000000e+00 3.827551e-02 3.827551e-02
4.450000e+01 0.000000e+00 3.823291e-02 3.823291e-02
4.460000e+01 0.000000e+00 3.819043e-02 3.819043e-02
4.470000e+01 0.000000e+00 3.814807e-02 3.814807e-02
4.480000e+01 0.000000e+00 3.810583e-02 3.810583e-02
4.490000e+01 0.000000e+00 3.806371e-02 3.806371e-02
4.500000e+01 0.000000e+00 3.802171e-02 3.802171e-02
4.510000e+01 0.000000e+00 3.797982e-02 3.797982e-02
4.520000e+01 0.000000e+00 3.793805e-02 3.793805e-02
4.530000e+01 0.000000e+00 3.789640e-02 3.789640e-02
4.540000e+01 0.000000e+00 3.785486e-02 3.785486e-02
4.550000e+01 0.000000e+00 3.781344e-02 3.781344e-02
4.560000e+01 0.000000e+00 3.777213e-02 3.777213e-02
4.570000e+01 0.000000e+00 3.773094e-02 3.773094e-02
4.580000e+01 0.000000e+00 3.768985e-02 3.768985e-02
4.590000e+01 0.000000e+00 3.764889e-02 3.764889e-02
4.600000e+01 0.000000e+00 3.760803e-02 3.760803e-02
4.610000e+01 0.000000e+00 3.756728e-02 3.756728e-02
4.620000e+01 0.000000e+00 3.752665e-02 3.752665e-02
4.630000e+01 0.000000e+00 3.748613e-02 3.748613e-02
4.640000e+01 0.000000e+00 3.744572e-02 3.744572e-02
4.650000e+01 0.000000e+00 3.740541e-02 3.740541e-02
4.660000e+01 0.000000e+00 3.736522e-02 3.736522e-02
4.670000e+01 0.000000e+00 3.732514e-02 3.732514e-02
4.680000e+01 0.000000e+00 3.728516e-02 3.728516e-02
4.690000e+01 0.000000e+00 3.724530e-02 3.724530e-02
4.700000e+01 0.000000e+00 3.720554e-02 3.720554e-02
4.710000e+01 0.000000e+00 3.716588e-02 3.716588e-02
4.720000e+01 0.000000e+00 3.712634e-02 3.712634e-02
4.730000e+01 0.000000e+00 3.708689e-02 3.708689e-02
4.740000e+01 0.000000e+00 3.704756e-02 3.704756e-02
4.750000e+01 0.000000e+00 3.700833e-02 3.700833e-02
4.760000e+01 0.000000e+00 3.696920e-02 3.696920e-02
4.770000e+01 0.000000e+00 3.693018e-02 3.693018e-02
4.780000e+01 0.000000e+00 3.689126e-02 3.689126e-02
4.790000e+01 0.000000e+00 3.685245e-02 3.685245e-02
4.800000e+01 0.000000e+00 3.681373e-02 3.681373e-02
4.810000e+01 0.000000e+00 3.677512e-02 3.677512e-02
4.820000e+01 0.000000e+00 3.673661e-02 3.673661e-02
4.830000e+01 0.000000e+00 3.669820e-02 3.669820e-02
4.840000e+01 0.000000e+00 3.665989e-02 3.665989e-02
4.850000e+01 0.000000e+00 3.662168e-02 3.662168e-02
4.860000e+01 0.000000e+00 3.658357e-02 3.658357e-02
4.870000e+01 0.000000e+00 3.654556e-02 3.654556e-02
4.880000e+01 0.000000e+00 3.650765e-02 3.650765e-02
4.890000e+01 0.000000e+00 3.646984e-02 3.646984e-02
4.900000e+01 0.000000e+00 3.643212e-02 3.643212e-02
4.910000e+01 0.000000e+00 3.639451e-02 3.639451e-02
4.920000e+01 0.000000e+00 3.635699e-02 3.635699e-02
4.930000e+01 0.000000e+00 3.631956e-02 3.631956e-02
4.940000e+01 0.000000e+00 3.628224e-02 3.628224e-02
4.950000e+01 0.000000e+00 3.624500e-02 3.624500e-02
4.960000e+01 0.000000e+00 3.620787e-02 3.620787e-02
4.970000e+01 0.000000e+00 3.617083e-02 3.617083e-02
4.980000e+01 0.000000e+00 3.613388e-02 3.613388e-02
4.990000e+01 0.000000e+00 3.609703e-02 3.609703e-02
5.000000e+01 0.000000e+00 3.606027e-02 3.606027e-02
5.010000e+01 0.000000e+00 3.602360e-02 3.602360e-02
5.020000e+01 0.000000e+00 3.598702e-02 3.598702e-02
5.030000e+01 0.000000e+00 3.595054e-02 3.595054e-02
5.040000e+01 0.000000e+00 3.591415e-02 3.591415e-02
5.050000e+01 0.000000e+00 3.587785e-02 3.587785e-02
5.060000e+01 0.000000e+00 3.584164e-02 3.584164e-02
5.070000e+01 0.000000e+00 3.580552e-02 3.580552e-02
5.080000e+01 0.000000e+00 3.576949e-02 3.576949e-02
5.090000e+01 0.000000e+00 3.573355e-02 3.573355e-02
5.100000e+01 0.000000e+00 3.569770e-02 3.569770e-02
5.110000e+01 0.000000e+00 3.566194e-02 3.566194e-02
5.120000e+01 0.000000e+00 3.562626e-02 3.562626e-02
5.130000e+01 0.000000e+00 3.559067e-02 3.559067e-02
5.140000e+01 0.000000e+00 3.555518e-02 3.555518e-02
5.150000e+01 0.000000e+00 3.551976e-02 3.551976e-02
5.160000e+01 0.000000e+00 3.548444e-02 3.548444e-02
5.170000e+01 0.000000e+00 3.544920e-02 3.544920e-02
5.180000e+01 0.000000e+00 3.541404e-02 3.541404e-02
5.190000e+01 0.000000e+00 3.537898e-02 3.537898e-02
5.200000e+01 0.000000e+00 3.534399e-02 3.534399e-02
5.210000e+01 0.000000e+00 3.530910e-02 3.530910e-02
5.220000e+01 0.000000e+00 3.527428e-02 3.527428e-02
5.230000e+01 0.000000e+00 3.523956e-02 3.523956e-02
5.240000e+01 0.000000e+00 3.520491e-02 3.520491e-02
5.250000e+01 0.000000e+00 3.517035e-02 3.517035e-02
5.260000e+01 0.000000e+00 3.513587e-02 3.513587e-02
5.270000e+01 0.000000e+00 3.510148e-02 3.510148e-02
5.280000e+01 0.000000e+00 3.506717e-02 3.506717e-02
5.290000e+01 0.000000e+00 3.503294e-02 3.503294e-02
5.300000e+01 0.000000e+00 3.499879e-02 3.499879e-02
5.310000e+01 0.000000e+00 3.496472e-02 3.496472e-02
5.320000e+01 0.000000e+00 3.493073e-02 3.493073e-02
5.330000e+01 0.000000e+00 3.489683e-02 3.489683e-02
5.340000e+01 0.000000e+00 3.486300e-02 3.486300e-02
5.350000e+01 0.000000e+00 3.482926e-02 3.482926e-02
5.360000e+01 0.000000e+00 3.479559e-02 3.479559e-02
5.370000e+01 0.000000e+00 3.476200e-02 3.476200e-02
5.380000e+01 0.000000e+00 3.472849e-02 3.472849e-02
5.390000e+01 0.000000e+00 3.469506e-02 3.469506e-02
5.400000e+01 0.000000e+00 3.466171e-02 3.466171e-02
5.410000e+01 0.000000e+00 3.462844e-02 3.462844e-02
5.420000e+01 0.000000e+00 3.459524e-02 3.459524e-02
5.430000e+01 0.000000e+00 3.456212e-02 3.456212e-02
5.440000e+01 0.000000e+00 3.452907e-02 3.452907e-02
5.450000e+01 0.000000e+00 3.449610e-02 3.449610e-02
5.460000e+01 0.000000e+00 3.446321e-02 3.446321e-02
5.470000e+01 0.000000e+00 3.443039e-02 3.443039e-02
5.480000e+01 0.000000e+00 3.439765e-02 3.439765e-02
5.490000e+01 0.000000e+00 3.436499e-02 3.436499e-02
5.500000e+01 0.000000e+00 3.433240e-02 3.433240e-02
5.510000e+01 0.000000e+00 3.429988e-02 3.429988e-02
5.520000e+01 0.000000e+00 3.426744e-02 3.426744e-02
5.530000e+01 0.000000e+00 3.423507e-02 3.423507e-02
5.540000e+01 0.000000e+00 3.420277e-02 3.420277e-02
5.550000e+01 0.000000e+00 3.417055e-02 3.417055e-02
5.560000e+01 0.000000e+00 3.413839e-02 3.413839e-02
5.570000e+01 0.000000e+00 3.410631e-02 3.410631e-02
5.580000e+01 0.000000e+00 3.407431e-02 3.407431e-02
5.590000e+01 0.000000e+00 3.404237e-02 3.404237e-02
5.600000e+01 0.000000e+00 3.401050e-02 3.401050e-02
5.610000e+01 0.000000e+00 3.397871e-02 3.397871e-02
5.620000e+01 0.000000e+00 3.394698e-02 3.394698e-02
5.630000e+01 0.000000e+00 3.391533e-02 3.391533e-02
5.640000e+01 0.000000e+00 3.388375e-02 3.388375e-02
5.650000e+01 0.000000e+00 3.385223e-02 3.385223e-02
5.660000e+01 0.000000e+00 3.382078e-02 3.382078e-02
5.670000e+01 0.000000e+00 3.378941e-02 3.378941e-02
5.680000e+01 0.000000e+00 3.375810e-02 3.375810e-02
5.690000e+01 0.000000e+00 3.372686e-02 3.372686e-02
5.700000e+01 0.000000e+00 3.369569e-02 3.369569e-02
5.710000e+01 0.000000e+00 3.366458e-02 3.366458e-02
5.720000e+01 0.000000e+00 3.363355e-02 3.363355e-02
5.730000e+01 0.000000e+00 3.360258e-02 3.360258e-02
5.740000e+01 0.000000e+00 3.357167e-02 3.357167e-02
5.750000e+01 0.000000e+00 3.354084e-02 3.354084e-02
5.760000e+01 0.000000e+00 3.351007e-02 3.351007e-02
5.770000e+01 0.000000e+00 3.347937e-02 3.347937e-02
5.780000e+01 0.000000e+00 3.344873e-02 3.344873e-02
5.790000e+01 0.000000e+00 3.341816e-02 3.341816e-02
5.800000e+01 0.000000e+00 3.338766e-02 3.338766e-02
5.810000e+01 0.000000e+00 3.335722e-02 3.335722e-02
5.820000e+01 0.000000e+00 3.332685e-02 3.332685e-02
5.830000e+01 0.000000e+00 3.329654e-02 3.329654e-02
5.840000e+01 0.000000e+00 3.326629e-02 3.326629e-02
5.850000e+01 0.000000e+00 3.323611e-02 3.323611e-02
5.860000e+01 0.000000e+00 3.320599e-02 3.320599e-02
5.870000e+01 0.000000e+00 3.317594e-02 3.317594e-02
5.880000e+01 0.000000e+00 3.314595e-02 3.314595e-02
5.890000e+01 0.000000e+00 3.311602e-02 3.311602e-02
5.900000e+01 0.000000e+00 3.308615e-02 3.308615e-02
5.910000e+01 0.000000e+00 3.305635e-02 3.305635e-02
5.920000e+01 0.000000e+00 3.302661e-02 3.302661e-02
5.930000e+01 0.000000e+00 3.299693e-02 3.299693e-02
5.940000e+01 0.000000e+00 3.296731e-02 3.296731e-02
5.950000e+01 0.000000e+00 3.293776e-02 3.293776e-02
5.960000e+01 0.000000e+00 3.290826e-02 3.290826e-02
5.970000e+01 0.000000e+00 3.287883e-02 3.287883e-02
5.980000e+01 0.000000e+00 3.284946e-02 3.284946e-02
5.990000e+01 0.000000e+00 3.282015e-02 3.282015e-02
6.000000e+01 0.000000e+00 3.279089e-02 3.279089e-02
6.010000e+01 0.000000e+00 3.276170e-02 3.276170e-02
6.020000e+01 0.000000e+00 3.273257e-02 3.273257e-02
6.030000e+01 0.000000e+00 3.270350e-02 3.270350e-02
6.040000e+01 0.000000e+00 3.267448e-02 3.267448e-02
6.050000e+01 0.000000e+00 3.264553e-02 3.264553e-02
6.060000e+01 0.000000e+00 3.261663e-02 3.261663e-02
6.070000e+01 0.000000e+00 3.258780e-02 3.258780e-02
6.080000e+01 0.000000e+00 3.255902e-02 3.255902e-02
6.090000e+01 0.000000e+00 3.253030e-02 3.253030e-02
6.100000e+01 0.000000e+00 3.250164e-02 3.250164e-02
6.110000e+01 0.000000e+00 3.247303e-02 3.247303e-02
6.120000e+01 0.000000e+00 3.244449e-02 3.244449e-02
6.130000e+01 0.000000e+00 3.241600e-02 3.241600e-02
6.140000e+01 0.000000e+00 3.238756e-02 3.238756e-02
6.150000e+01 0.000000e+00 3.235919e-02 3.235919e-02
6.160000e+01 0.000000e+00 3.233087e-02 3.233087e-02
6.170000e+01 0.000000e+00 3.230260e-02 3.230260e-02
6.180000e+01 0.000000e+00 3.227439e-02 3.227439e-02
6.190000e+01 0.000000e+00 3.224624e-02 3.224624e-02
6.200000e+01 0.000000e+00 3.221814e-02 3.221814e-02
6.210000e+01 0.000000e+00 3.219010e-02 3.219010e-02
6.220000e+01 0.000000e+00 3.216211e-02 3.216211e-02
6.230000e+01 0.000000e+00 3.213418e-02 3.213418e-02
6.240000e+01 0.000000e+00 3.210630e-02 3.210630e-02
6.250000e+01 0.000000e+00 3.207847e-02 3.207847e-02
6.260000e+01 0.000000e+00 3.205070e-02 3.205070e-02
6.270000e+01 0.000000e+00 3.202298e-02 3.202298e-02
6.280000e+01 0.000000e+00 3.199532e-02 3.199532e-02
6.290000e+01 0.000000e+00 3.196771e-02 3.196771e-02
6.300000e+01 0.000000e+00 3.194015e-02 3.194015e-02
6.310000e+01 0.000000e+00 3.191265e-02 3.191265e-02
6.320000e+01 0.000000e+00 3.188519e-02 3.188519e-02
6.330000e+01 0.000000e+00 3.185779e-02 3.185779e-02
6.340000e+01 0.000000e+00 3.183045e-02 3.183045e-02
6.350000e+01 0.000000e+00 3.180315e-02 3.180315e-02
6.360000e+01 0.000000e+00 3.177591e-02 3.177591e-02
6.370000e+01 0.000000e+00 3.174872e-02 3.174872e-02
6.380000e+01 0.000000e+00 3.172158e-02 3.172158e-02
6.390000e+01 0.000000e+00 3.169449e-02 3.169449e-02
6.400000e+01 0.000000e+00 3.166746e-02 3.166746e-02
6.410000e+01 0.000000e+00 3.164047e-02 3.164047e-02
6.420000e+01 0.000000e+00 3.161354e-02 3.161354e-02
6.430000e+01 0.000000e+00 3.158665e-02 3.158665e-02
6.440000e+01 0.000000e+00 3.155982e-02 3.155982e-02
6.450000e+01 0.000000e+00 3.153304e-02 3.153304e-02
6.460000e+01 0.000000e+00 3.150630e-02 3.150630e-02
6.470000e+01 0.000000e+00 3.147962e-02 3.147962e-02
6.480000e+01 0.000000e+00 3.145299e-02 3.145299e-02
6.490000e+01 0.000000e+00 3.142640e-02 3.142640e-02
6.500000e+01 0.000000e+00 3.139987e-02 3.139987e-02
6.510000e+01 0.000000e+00 3.137338e-02 3.137338e-02
6.520000e+01 0.000000e+00 3.134694e-02 3.134694e-02
6.530000e+01 0.000000e+00 3.132055e-02 3.132055e-02
6.540000e+01 0.000000e+00 3.129421e-02 3.129421e-02
6.550000e+01 0.000000e+00 3.126792e-02 3.126792e-02
6.560000e+01 0.000000e+00 3.124167e-02 3.124167e-02
6.570000e+01 0.000000e+00 3.121548e-02 3.121548e-02
6.580000e+01 0.000000e+00 3.118933e-02 3.118933e-02
6.590000e+01 0.000000e+00 3.116322e-02 3.116322e-02
6.600000e+01 0.000000e+00 3.113717e-02 3.113717e-02
6.610000e+01 0.000000e+00 3.111116e-02 3.111116e-02
6.620000e+01 0.000000e+00 3.108520e-02 3.108520e-02
6.630000e+01 0.000000e+00 3.105928e-02 3.105928e-02
6.640000e+01 0.000000e+00 3.103341e-02 3.103341e-02
6.650000e+01 0.000000e+00 3.100759e-02 3.100759e-02
6.660000e+01 0.000000e+00 3.098181e-02 3.098181e-02
6.670000e+01 0.000000e+00 3.095608e-02 3.095608e-02
6.680000e+01 0.000000e+00 3.093040e-02 3.093040e-02
6.690000e+01 0.000000e+00 3.090476e-02 3.090476e-02
6.700000e+01 0.000000e+00 3.087917e-02 3.087917e-02
6.710000e+01 0.000000e+00 3.085362e-02 3.085362e-02
6.720000e+01 0.000000e+00 3.082811e-02 3.082811e-02
6.730000e+01 0.000000e+00 3.080266e-02 3.080266e-02
6.740000e+01 0.000000e+00 3.077724e-02 3.077724e-02
6.750000e+01 0.000000e+00 3.075187e-02 3.075187e-02
6.760000e+01 0.000000e+00 3.072655e-02 3.072655e-02
6.770000e+01 0.000000e+00 3.070127e-02 3.070127e-02
6.780000e+01 0.000000e+00 3.067603e-02 3.067603e-02
6.790000e+01 0.000000e+00 3.065083e-02 3.065083e-02
6.800000e+01 0.000000e+00 3.062568e-02 3.062568e-02
6.810000e+01 0.000000e+00 3.060058e-02 3.060058e-02
6.820000e+01 0.000000e+00 3.057551e-02 3.057551e-02
6.830000e+01 0.000000e+00 3.055049e-02 3.055049e-02
6.840000e+01 0.000000e+00 3.052551e-02 3.052551e-02
6.850000e+01 0.000000e+00 3.050057e-02 3.050057e-02
6.860000e+01 0.000000e+00 3.047568e-02 3.047568e-02
6.870000e+01 0.000000e+00 3.045083e-02 3.045083e-02
6.880000e+01 0.000000e+00 3.042602e-02 3.042602e-02
6.890000e+01 0.000000e+00 3.040125e-02 3.040125e-02
6.900000e+01 0.000000e+00 3.037653e-02 3.037653e-02
6.910000e+01 0.000000e+00 3.035185e-02 3.035185e-02
6.920000e+01 0.000000e+00 3.032720e-02 3.032720e-02
6.930000e+01 0.000000e+00 3.030260e-02 3.030260e-02
6.940000e+01 0.000000e+00 3.027805e-02 3.027805e-02
6.950000e+01 0.000000e+00 3.025353e-02 3.025353e-02
6.960000e+01 0.000000e+00 3.022905e-02 3.022905e-02
6.970000e+01 0.000000e+00 3.020462e-02 3.020462e-02
6.980000e+01 0.000000e+00 3.018022e-02 3.018022e-02
6.990000e+01 0.000000e+00 3.015587e-02 3.015587e-02
7.000000e+01 0.000000e+00 3.013155e-02 3.013155e-02
7.010000e+01 0.000000e+00 3.010728e-02 3.010728e-02
7.020000e+01 0.000000e+00 3.008305e-02 3.008305e-02
7.030000e+01 0.000000e+00 3.005885e-02 3.005885e-02
7.040000e+01 0.000000e+00 3.003470e-02 3.003470e-02
7.050000e+01 0.000000e+00 3.001059e-02 3.001059e-02
7.060000e+01 0.000000e+00 2.998651e-02 2.998651e-02
7.070000e+01 0.000000e+00 2.996248e-02 2.996248e-02
7.080000e+01 0.000000e+00 2.993849e-02 2.993849e-02
7.090000e+01 0.000000e+00 2.991453e-02 2.991453e-02
7.100000e+01 0.000000e+00 2.989061e-02 2.989061e-02
7.110000e+01 0.000000e+00 2.986674e-02 2.986674e-02
7.120000e+01 0.000000e+00 2.984290e-02 2.984290e-02
7.130000e+01 0.000000e+00 2.981909e-02 2.981909e-02
7.140000e+01 0.000000e+00 2.979533e-02 2.979533e-02
7.150000e+01 0.000000e+00 2.977161e-02 2.977161e-02
7.160000e+01 0.000000e+00 2.974792e-02 2.974792e-02
7.170000e+01 0.000000e+00 2.972427e-02 2.972427e-02
7.180000e+01 0.000000e+00 2.970066e-02 2.970066e-02
7.190000e+01 0.000000e+00 2.967709e-02 2.967709e-02
7.200000e+01 0.000000e+00 2.965355e-02 2.965355e-02
7.210000e+01 0.000000e+00 2.963006e-02 2.963006e-02
7.220000e+01 0.000000e+00 2.960660e-02 2.960660e-02
7.230000e+01 0.000000e+00 2.958317e-02 2.958317e-02
7.240000e+01 0.000000e+00 2.955979e-02 2.955979e-02
7.250000e+01 0.000000e+00 2.953644e-02 2.953644e-02
7.260000e+01 0.000000e+00 2.951312e-02 2.951312e-02
7.270000e+01 0.000000e+00 2.948985e-02 2.948985e-02
7.280000e+01 0.000000e+00 2.946661e-02 2.946661e-02
7.290000e+01 0.000000e+00 2.944341e-02 2.944341e-02
7.300000e+01 0.000000e+00 2.942024e-02 2.942024e-02
7.310000e+01 0.000000e+00 2.939711e-02 2.939711e-02
7.320000e+01 0.000000e+00 2.937401e-02 2.937401e-02
7.330000e+01 0.000000e+00 2.935095e-02 2.935095e-02
7.340000e+01 0.000000e+00 2.932793e-02 2.932793e-02
7.350000e+01 0.000000e+00 2.930495e-02 2.930495e-02
7.360000e+01 0.000000e+00 2.928199e-02 2.928199e-02
7.370000e+01 0.000000e+00 2.925908e-02 2.925908e-02
7.380000e+01 0.000000e+00 2.923620e-02 2.923620e-02
7.390000e+01 0.000000e+00 2.921335e-02 2.921335e-02
7.400000e+01 0.000000e+00 2.919054e-02 2.919054e-02
7.410000e+01 0.000000e+00 2.916777e-02 2.916777e-02
7.420000e+01 0.000000e+00 2.914503e-02 2.914503e-02
7.430000e+01 0.000000e+00 2.912232e-02 2.912232e-02
7.440000e+01 0.000000e+00 2.909965e-02 2.909965e-02
7.450000e+01 0.000000e+00 2.907701e-02 2.907701e-02
7.460000e+01 0.000000e+00 2.905441e-02 2.905441e-02
7.470000e+01 0.000000e+00 2.903184e-02 2.903184e-02
7.480000e+01 0.000000e+00 2.900931e-02 2.900931e-02
7.490000e+01 0.000000e+00 2.898680e-02 2.898680e-02
7.500000e+01 0.000000e+00 2.896434e-02 2.896434e-02
7.510000e+01 0.000000e+00 2.894190e-02 2.894190e-02
7.520000e+01 0.000000e+00 2.891950e-02 2.891950e-02
7.530000e+01 0.000000e+00 2.889713e-02 2.889713e-02
7.540000e+01 0.000000e+00 2.887480e-02 2.887480e-02
7.550000e+01 0.000000e+00 2.885249e-02 2.885249e-02
7.560000e+01 0.000000e+00 2.883023e-02 2.883023e-02
7.570000e+01 0.000000e+00 2.880799e-02 2.880799e-02
7.580000e+01 0.000000e+00 2.878579e-02 2.878579e-02
7.590000e+01 0.000000e+00 2.876361e-02 2.876361e-02
7.600000e+01 0.000000e+00 2.874148e-02 2.874148e-02
7.610000e+01 0.000000e+00 2.871937e-02 2.871937e-02
7.620000e+01 0.000000e+00 2.869730e-02 2.869730e-02
7.630000e+01 0.000000e+00 2.867525e-02 2.867525e-02
7.640000e+01 0.000000e+00 2.865324e-02 2.865324e-02
7.650000e+01 0.000000e+00 2.863127e-02 2.863127e-02
7.660000e+01 0.000000e+00 2.860932e-02 2.860932e-02
7.670000e+01 0.000000e+00 2.858741e-02 2.858741e-02
7.680000e+01 0.000000e+00 2.856553e-02 2.856553e-02
7.690000e+01 0.000000e+00 2.854368e-02 2.854368e-02
7.700000e+01 0.000000e+00 2.852186e-02 2.852186e-02
7.710000e+01 0.000000e+00 2.850008e-02 2.850008e-02
7.720000e+01 0.000000e+00 2.847832e-02 2.847832e-02
7.730000e+01 0.000000e+00 2.845660e-02 2.845660e-02
7.740000e+01 0.000000e+00 2.843491e-02 2.843491e-02
7.750000e+01 0.000000e+00 2.841325e-02 2.841325e-02
7.760000e+01 0.000000e+00 2.839162e-02 2.839162e-02
7.770000e+01 0.000000e+00 2.837003e-02 2.837003e-02
7.780000e+01 0.000000e+00 2.834846e-02 2.834846e-02
7.790000e+01 0.000000e+00 2.832692e-02 2.832692e-02
7.800000e+01 0.000000e+00 2.830541e-02 2.830541e-02
7.810000e+01 0.000000e+00 2.828394e-02 2.828394e-02
7.820000e+01 0.000000e+00 2.826249e-02 2.826249e-02
7.830000e+01 0.000000e+00 2.824108e-02 2.824108e-02
7.840000e+01 0.000000e+00 2.821969e-02 2.821969e-02
7.850000e+01 0.000000e+00 2.819834e-02 2.819834e-02
7.860000e+01 0.000000e+00 2.817701e-02 2.817701e-02
7.870000e+01 0.000000e+00 2.815571e-02 2.815571e-02
7.880000e+01 0.000000e+00 2.813445e-02 2.813445e-02
7.890000e+01 0.000000e+00 2.811321e-02 2.811321e-02
7.900000e+01 0.000000e+00 2.809200e-02 2.809200e-02
7.910000e+01 0.000000e+00 2.807083e-02 2.807083e-02
7.920000e+01 0.000000e+00 2.804968e-02 2.804968e-02
7.930000e+01 0.000000e+00 2.802856e-02 2.802856e-02
7.940000e+01 0.000000e+00 2.800747e-02 2.800747e-02
7.950000e+01 0.000000e+00 2.798640e-02 2.798640e-02
7.960000e+01 0.000000e+00 2.796537e-02 2.796537e-02
7.970000e+01 0.000000e+00 2.794437e-02 2.794437e-02
7.980000e+01 0.000000e+00 2.792339e-02 2.792339e-02
7.990000e+01 0.000000e+00 2.790244e-02 2.790244e-02
8.000000e+01 0.000000e+00 2.788152e-02 2.788152e-02
8.010000e+01 0.000000e+00 2.786063e-02 2.786063e-02
8.020000e+01 0.000000e+00 2.783977e-02 2.783977e-02
8.030000e+01 0.000000e+00 2.781893e-02 2.781893e-02
8.040000e+01 0.000000e+00 2.779813e-02 2.779813e-02
8.050000e+01 0.000000e+00 2.777735e-02 2.777735e-02
8.060000e+01 0.000000e+00 2.775660e-02 2.775660e-02
8.070000e+01 0.000000e+00 2.773588e-02 2.773588e-02
8.080000e+01 0.000000e+00 2.771518e-02 2.771518e-02
8.090000e+01 0.000000e+00 2.769451e-02 2.769451e-02
8.100000e+01 0.000000e+00 2.767388e-02 2.767388e-02
8.110000e+01 0.000000e+00 2.765326e-02 2.765326e-02
8.120000e+01 0.000000e+00 2.763268e-02 2.763268e-02
8.130000e+01 0.000000e+00 2.761212e-02 2.761212e-02
8.140000e+01 0.000000e+00 2.759159e-02 2.759159e-02
8.150000e+01 0.000000e+00 2.757109e-02 2.757109e-02
8.160000e+01 0.000000e+00 2.755061e-02 2.755061e-02
8.170000e+01 0.000000e+00 2.753016e-02 2.753016e-02
8.180000e+01 0.000000e+00 2.750974e-02 2.750974e-02
8.190000e+01 0.000000e+00 2.748934e-02 2.748934e-02
8.200000e+01 0.000000e+00 2.746897e-02 2.746897e-02
8.210000e+01 0.000000e+00 2.744863e-02 2.744863e-02
8.220000e+01 0.000000e+00 2.742831e-02 2.742831e-02
8.230000e+01 0.000000e+00 2.740802e-02 2.740802e-02
8.240000e+01 0.000000e+00 2.738775e-02 2.738775e-02
8.250000e+01 0.000000e+00 2.736751e-02 2.736751e-02
8.260000e+01 0.000000e+00 2.734730e-02 2.734730e-02
8.270000e+01 0.000000e+00 2.732711e-02 2.732711e-02
8.280000e+01 0.000000e+00 2.730695e-02 2.730695e-02
8.290000e+01 0.000000e+00 2.728681e-02 2.728681e-02
8.300000e+01 0.000000e+00 2.726670e-02 2.726670e-02
8.310000e+01 0.000000e+00 2.724662e-02 2.724662e-02
8.320000e+01 0.000000e+00 2.722656e-02 2.722656e-02
8.330000e+01 0.000000e+00 2.720653e-02 2.720653e-02
8.340000e+01 0.000000e+00 2.718652e-02 2.718652e-02
8.350000e+01 0.000000e+00 2.716654e-02 2.716654e-02
8.360000e+01 0.000000e+00 2.714659e-02 2.714659e-02
8.370000e+01 0.000000e+00 2.712666e-02 2.712666e-02
8.380000e+01 0.000000e+00 2.710675e-02 2.710675e-02
8.390000e+01 0.000000e+00 2.708687e-02 2.708687e-02
8.400000e+01 0.000000e+00 2.706702e-02 2.706702e-02
8.410000e+01 0.000000e+00 2.704719e-02 2.704719e-02
8.420000e+01 0.000000e+00 2.702738e-02 2.702738e-02
8.430000e+01 0.000000e+00 2.700761e-02 2.700761e-02
8.440000e+01 0.000000e+00 2.698785e-02 2.698785e-02
8.450000e+01 0.000000e+00 2.696812e-02 2.696812e-02
8.460000e+01 0.000000e+00 2.694842e-02 2.694842e-02
8.470000e+01 0.000000e+00 2.692874e-02 2.692874e-02
8.480000e+01 0.000000e+00 2.690909e-02 2.690909e-02
8.490000e+01 0.000000e+00 2.688946e-02 2.688946e-02
8.500000e+01 0.000000e+00 2.686985e-02 2.686985e-02
8.510000e+01 0.000000e+00 2.685027e-02 2.685027e-02
8.520000e+01 0.000000e+00 2.683071e-02 2.683071e-02
8.530000e+01 0.000000e+00 2.681118e-02 2.681118e-02
8.540000e+01 0.000000e+00 2.679167e-02 2.679167e-02
8.550000e+01 0.000000e+00 2.677218e-02 2.677218e-02
8.560000e+01 0.000000e+00 2.675272e-02 2.675272e-02
8.570000e+01 0.000000e+00 2.673328e-02 2.673328e-02
8.580000e+01 0.000000e+00 2.671387e-02 2.671387e-02
8.590000e+01 0.000000e+00 2.669448e-02 2.669448e-02
8.600000e+01 0.000000e+00 2.667511e-02 2.667511e-02
8.610000e+01 0.000000e+00 2.665577e-02 2.665577e-02
8.620000e+01 0.000000e+00 2.663645e-02 2.663645e-02
8.630000e+01 0.000000e+00 2.661716e-02 2.661716e-02
8.640000e+01 0.000000e+00 2.659789e-02 2.659789e-02
8.650000e+01 0.000000e+00 2.657864e-02 2.657864e-02
8.660000e+01 0.000000e+00 2.655941e-02 2.655941e-02
8.670000e+01 0.000000e+00 2.654021e-02 2.654021e-02
8.680000e+01 0.000000e+00 2.652103e-02 2.652103e-02
8.690000e+01 0.000000e+00 2.650187e-02 2.650187e-02
8.700000e+01 0.000000e+00 2.648274e-02 2.648274e-02
8.710000e+01 0.000000e+00 2.646363e-02 2.646363e-02
8.720000e+01 0.000000e+00 2.644454e-02 2.644454e-02
8.730000e+01 0.000000e+00 2.642548e-02 2.642548e-02
8.740000e+01 0.000000e+00 2.640643e-02 2.640643e-02
8.750000e+01 0.000000e+00 2.638741e-02 2.638741e-02
8.760000e+01 0.000000e+00 2.636842e-02 2.636842e-02
8.770000e+01 0.000000e+00 2.634944e-02 2.634944e-02
8.780000e+01 0.000000e+00 2.633049e-02 2.633049e-02
8.790000e+01 0.000000e+00 2.631156e-02 2.631156e-02
8.800000e+01 0.000000e+00 2.629265e-02 2.629265e-02
8.810000e+01 0.000000e+00 2.627377e-02 2.627377e-02
8.820000e+01 0.000000e+00 2.625491e-02 2.625491e-02
8.830000e+01 0.000000e+00 2.623606e-02 2.623606e-02
8.840000e+01 0.000000e+00 2.621725e-02 2.621725e-02
8.850000e+01 0.000000e+00 2.619845e-02 2.619845e-02
8.860000e+01 0.000000e+00 2.617968e-02 2.617968e-02
8.870000e+01 0.000000e+00 2.616092e-02 2.616092e-02
8.880000e+01 0.000000e+00 2.614219e-02 2.614219e-02
8.890000e+01 0.000000e+00 2.612348e-02 2.612348e-02
8.900000e+01 0.000000e+00 2.610480e-02 2.610480e-02
8.910000e+01 0.000000e+00 2.608613e-02 2.608613e-02
8.920000e+01 0.000000e+00 2.606749e-02 2.606749e-02
8.930000e+01 0.000000e+00 2.604886e-02 2.604886e-02
8.940000e+01 0.000000e+00 2.603026e-02 2.603026e-02
8.950000e+01 0.000000e+00 2.601168e-02 2.601168e-02
8.960000e+01 0.000000e+00 2.599312e-02 2.599312e-02
8.970000e+01 0.000000e+00 2.597458e-02 2.597458e-02
8.980000e+01 0.000000e+00 2.595606e-02 2.595606e-02
8.990000e+01 0.000000e+00 2.593756e-02 2.593756e-02
9.000000e+01 0.000000e+00 2.591909e-02 2.591909e-02
9.010000e+01 0.000000e+00 2.590063e-02 2.590063e-02
9.020000e+01 0.000000e+00 2.588220e-02 2.588220e-02
9.030000e+01 0.000000e+00 2.586379e-02 2.586379e-02
9.040000e+01 0.000000e+00 2.584539e-02 2.584539e-02
9.050000e+01 0.000000e+00 2.582702e-02 2.582702e-02
9.060000e+01 0.000000e+00 2.580867e-02 2.580867e-02
9.070000e+01 0.000000e+00 2.579034e-02 2.579034e-02
9.080000e+01 0.000000e+00 2.577203e-02 2.577203e-02
9.090000e+01 0.000000e+00 2.575374e-02 2.575374e-02
9.100000e+01 0.000000e+00 2.573547e-02 2.573547e-02
9.110000e+01 0.000000e+00 2.571722e-02 2.571722e-02
9.120000e+01 0.000000e+00 2.569900e-02 2.569900e-02
9.130000e+01 0.000000e+00 2.568079e-02 2.568079e-02
9.140000e+01 0.000000e+00 2.566260e-02 2.566260e-02
9.150000e+01 0.000000e+00 2.564444e-02 2.564444e-02
9.160000e+01 0.000000e+00 2.562629e-02 2.562629e-02
9.170000e+01 0.000000e+00 2.560816e-02 2.560816e-02
9.180000e+01 0.000000e+00 2.559006e-02 2.559006e-02
9.190000e+01 0.000000e+00 2.557197e-02 2.557197e-02
9.200000e+01 0.000000e+00 2.555391e-02 2.555391e-02
9.210000e+01 0.000000e+00 2.553586e-02 2.553586e-02
9.220000e+01 0.000000e+00 2.551784e-02 2.551784e-02
9.230000e+01 0.000000e+00 2.549984e-02 2.549984e-02
9.240000e+01 0.000000e+00 2.548185e-02 2.548185e-02
9.250000e+01 0.000000e+00 2.546389e-02 2.546389e-02
9.260000e+01 0.000000e+00 2.544594e-02 2.544594e-02
9.270000e+01 0.000000e+00 2.542802e-02 2.542802e-02
9.280000e+01 0.000000e+00 2.541011e-02 2.541011e-02
9.290000e+01 0.000000e+00 2.539222e-02 2.539222e-02
9.300000e+01 0.000000e+00 2.537436e-02 2.537436e-02
9.310000e+01 0.000000e+00 2.535651e-02 2.535651e-02
9.320000e+01 0.000000e+00 2.533868e-02 2.533868e-02
9.330000e+01 0.000000e+00 2.532087e-02 2.532087e-02
9.340000e+01 0.000000e+00 2.530308e-02 2.530308e-02
9.350000e+01 0.000000e+00 2.528531e-02 2.528531e-02
9.360000e+01 0.000000e+00 2.526756e-02 2.526756e-02
9.370000e+01 0.000000e+00 2.524983e-02 2.524983e-02
9.380000e+01 0.000000e+00 2.523211e-02 2.523211e-02
9.390000e+01 0.000000e+00 2.521442e-02 2.521442e-02
9.400000e+01 0.000000e+00 2.519674e-02 2.519674e-02
9.410000e+01 0.000000e+00 2.517909e-02 2.517909e-02
9.420000e+01 0.000000e+00 2.516145e-02 2.516145e-02
9.430000e+01 0.000000e+00 2.514383e-02 2.514383e-02
9.440000e+01 0.000000e+00 2.512623e-02 2.512623e-02
9.450000e+01 0.000000e+00 2.510865e-02 2.510865e-02
9.460000e+01 0.000000e+00 2.509109e-02 2.509109e-02
9.470000e+01 0.000000e+00 2.507354e-02 2.507354e-02
9.480000e+01 0.000000e+00 2.505602e-02 2.505602e-02
9.490000e+01 0.000000e+00 2.503851e-02 2.503851e-02
9.500000e+01 0.000000e+00 2.502102e-02 2.502102e-02
9.510000e+01 0.000000e+00 2.500355e-02 2.500355e-02
9.520000e+01 0.000000e+00 2.498610e-02 2.498610e-02
9.530000e+01 0.000000e+00 2.496866e-02 2.496866e-02
9.540000e+01 0.000000e+00 2.495125e-02 2.495125e-02
9.550000e+01 0.000000e+00 2.493385e-02 2.493385e-02
9.560000e+01 0.000000e+00 2.491647e-02 2.491647e-02
9.570000e+01 0.000000e+00 2.489911e-02 2.489911e-02
9.580000e+01 0.000000e+00 2.488177e-02 2.488177e-02
9.590000e+01 0.000000e+00 2.486444e-02 2.486444e-02
9.600000e+01 0.000000e+00 2.484713e-02 2.484713e-02
9.610000e+01 0.000000e+00 2.482985e-02 2.482985e-02
9.620000e+01 0.000000e+00 2.481258e-02 2.481258e-02
9.630000e+01 0.000000e+00 2.479532e-02 2.479532e-02
9.640000e+01 0.000000e+00 2.477809e-02 2.477809e-02
9.650000e+01 0.000000e+00 2.476087e-02 2.476087e-02
9.660000e+01 0.000000e+00 2.474367e-02 2.474367e-02
9.670000e+01 0.000000e+00 2.472649e-02 2.472649e-02
9.680000e+01 0.000000e+00 2.470932e-02 2.470932e-02
9.690000e+01 0.000000e+00 2.469218e-02 2.469218e-02
9.700000e+01 0.000000e+00 2.467505e-02 2.467505e-02
9.710000e+01 0.000000e+00 2.465794e-02 2.465794e-02
9.720000e+01 0.000000e+00 2.464084e-02 2.464084e-02
9.730000e+01 0.000000e+00 2.462376e-02 2.462376e-02
9.740000e+01 0.000000e+00 2.460670e-02 2.460670e-02
9.750000e+01 0.000000e+00 2.458966e-02 2.458966e-02
9.760000e+01 0.000000e+00 2.457263e-02 2.457263e-02
9.770000e+01 0.000000e+00 2.455562e-02 2.455562e-02
9.780000e+01 0.000000e+00 2.453863e-02 2.453863e-02
9.790000e+01 0.000000e+00 2.452166e-02 2.452166e-02
9.800000e+01 0.000000e+00 2.450470e-02 2.450470e-02
9.810000e+01 0.000000e+00 2.448776e-02 2.448776e-02
9.820000e+01 0.000000e+00 2.447083e-02 2.447083e-02
9.830000e+01 0.000000e+00 2.445393e-02 2.445393e-02
9.840000e+01 0.000000e+00 2.443704e-02 2.443704e-02
9.850000e+01 0.000000e+00 2.442016e-02 2.442016e-02
9.860000e+01 0.000000e+00 2.440331e-02 2.440331e-02
9.870000e+01 0.000000e+00 2.438647e-02 2.438647e-02
9.880000e+01 0.000000e+00 2.436964e-02 2.436964e-02
9.890000e+01 0.000000e+00 2.435284e-02 2.435284e-02
9.900000e+01 0.000000e+00 2.433605e-02 2.433605e-02
9.910000e+01 0.000000e+00 2.431927e-02 2.431927e-02
9.920000e+01 0.000000e+00 2.430252e-02 2.430252e-02
9.930000e+01 0.000000e+00 2.428578e-02 2.428578e-02
9.940000e+01 0.000000e+00 2.426906e-02 2.426906e-02
9.950000e+01 0.000000e+00 2.425235e-02 2.425235e-02
9.960000e+01 0.000000e+00 2.423566e-02 2.423566e-02
9.970000e+01 0.000000e+00 2.421899e-02 2.421899e-02
9.980000e+01 0.000000e+00 2.420233e-02 2.420233e-02
9.990000e+01 0.000000e+00 2.418569e-02 2.418569e-02
1.000000e+02 0.000000e+00 2.416907e-02 2.416907e-02
