# # chi(t) for Pe = 900, beta = 0.1, bridge_width = 1.0
# # Columns: time, chi, I_T (signed), I_|T| (unsigned)
0.000000e+00 0.000000e+00 7.671023e-02 7.671023e-02
1.000000e-01 1.728000e-04 7.978790e-02 7.980169e-02
2.000000e-01 1.205000e-04 8.007881e-02 8.008846e-02
3.000000e-01 3.680000e-05 8.007094e-02 8.007389e-02
4.000000e-01 0.000000e+00 8.007794e-02 8.007794e-02
5.000000e-01 0.000000e+00 7.991349e-02 7.991349e-02
6.000000e-01 0.000000e+00 8.007075e-02 8.007075e-02
7.000000e-01 0.000000e+00 8.008029e-02 8.008029e-02
8.000000e-01 0.000000e+00 8.008924e-02 8.008924e-02
9.000000e-01 0.000000e+00 8.009774e-02 8.009774e-02
1.000000e+00 0.000000e+00 8.010598e-02 8.010598e-02
1.100000e+00 1.000000e-06 8.011414e-02 8.011422e-02
1.200000e+00 4.700000e-06 8.012242e-02 8.012280e-02
1.300000e+00 1.350000e-05 8.013096e-02 8.013204e-02
1.400000e+00 2.950000e-05 8.013987e-02 8.014224e-02
1.500000e+00 5.430000e-05 8.014923e-02 8.015358e-02
1.600000e+00 8.690000e-05 8.015906e-02 8.016602e-02
1.700000e+00 1.238000e-04 8.016935e-02 8.017928e-02
1.800000e+00 1.599000e-04 8.018007e-02 8.019290e-02
1.900000e+00 1.909000e-04 8.019118e-02 8.020649e-02
2.000000e+00 2.142000e-04 8.020259e-02 8.021977e-02
2.100000e+00 2.286000e-04 8.021422e-02 8.023256e-02
2.200000e+00 2.341000e-04 8.022599e-02 8.024478e-02
2.300000e+00 2.314000e-04 8.023781e-02 8.025638e-02
2.400000e+00 2.215000e-04 8.024958e-02 8.026735e-02
2.500000e+00 2.056000e-04 8.026121e-02 8.027772e-02
2.600000e+00 1.851000e-04 8.027263e-02 8.028749e-02
2.700000e+00 1.615000e-04 8.028374e-02 8.029670e-02
2.800000e+00 1.359000e-04 8.029447e-02 8.030538e-02
2.900000e+00 1.098000e-04 8.030474e-02 8.031356e-02
3.000000e+00 8.430000e-05 8.031450e-02 8.032127e-02
3.100000e+00 3.821000e-04 8.032368e-02 8.035438e-02
3.200000e+00 1.232400e-03 8.033222e-02 8.043134e-02
3.300000e+00 2.318000e-03 8.034008e-02 8.052673e-02
3.400000e+00 3.633900e-03 8.034721e-02 8.064024e-02
3.500000e+00 5.099500e-03 8.035357e-02 8.076543e-02
3.600000e+00 6.641400e-03 8.035913e-02 8.089639e-02
3.700000e+00 8.246900e-03 8.036385e-02 8.103212e-02
3.800000e+00 9.959000e-03 8.036772e-02 8.117616e-02
3.900000e+00 1.168260e-02 8.037072e-02 8.132075e-02
4.000000e+00 1.340160e-02 8.037281e-02 8.146457e-02
4.100000e+00 1.517180e-02 8.037400e-02 8.161220e-02
4.200000e+00 1.696790e-02 8.037426e-02 8.176159e-02
4.300000e+00 1.873040e-02 8.037360e-02 8.190776e-02
4.400000e+00 2.050910e-02 8.037199e-02 8.205486e-02
4.500000e+00 2.230910e-02 8.036945e-02 8.220333e-02
4.600000e+00 2.405810e-02 8.036597e-02 8.234709e-02
4.700000e+00 2.582570e-02 8.036155e-02 8.249196e-02
4.800000e+00 2.758600e-02 8.035620e-02 8.263579e-02
4.900000e+00 2.928570e-02 8.034990e-02 8.277400e-02
5.000000e+00 3.103000e-02 8.034269e-02 8.291555e-02
5.100000e+00 3.272390e-02 8.033455e-02 8.305234e-02
5.200000e+00 3.438570e-02 8.032549e-02 8.318589e-02
5.300000e+00 3.606580e-02 8.031554e-02 8.332056e-02
5.400000e+00 3.767740e-02 8.030469e-02 8.344883e-02
5.500000e+00 3.931080e-02 8.029295e-02 8.357849e-02
5.600000e+00 4.090040e-02 8.028035e-02 8.370387e-02
5.700000e+00 4.245960e-02 8.026688e-02 8.382610e-02
5.800000e+00 4.402310e-02 8.025256e-02 8.394822e-02
5.900000e+00 4.551720e-02 8.023741e-02 8.406375e-02
6.000000e+00 4.705420e-02 8.022144e-02 8.418258e-02
6.100000e+00 4.854680e-02 8.020465e-02 8.429700e-02
6.200000e+00 5.003950e-02 8.018707e-02 8.441096e-02
6.300000e+00 5.150030e-02 8.016871e-02 8.452160e-02
6.400000e+00 5.293150e-02 8.014959e-02 8.462914e-02
6.500000e+00 5.435900e-02 8.012971e-02 8.473586e-02
6.600000e+00 5.573310e-02 8.010909e-02 8.483733e-02
6.700000e+00 5.712610e-02 8.008775e-02 8.494004e-02
6.800000e+00 5.845300e-02 8.006570e-02 8.503633e-02
6.900000e+00 5.980500e-02 8.004296e-02 8.513442e-02
7.000000e+00 6.109780e-02 8.001953e-02 8.522670e-02
7.100000e+00 6.239890e-02 7.999545e-02 8.531928e-02
7.200000e+00 6.365740e-02 7.997071e-02 8.540753e-02
7.300000e+00 6.491120e-02 7.994533e-02 8.549491e-02
7.400000e+00 6.613550e-02 7.991933e-02 8.557915e-02
7.500000e+00 6.734510e-02 7.989272e-02 8.566161e-02
7.600000e+00 6.853540e-02 7.986552e-02 8.574187e-02
7.700000e+00 6.970380e-02 7.983773e-02 8.581969e-02
7.800000e+00 7.086040e-02 7.980937e-02 8.589600e-02
7.900000e+00 7.199030e-02 7.978046e-02 8.596943e-02
8.000000e+00 7.311380e-02 7.975101e-02 8.604186e-02
8.100000e+00 7.420780e-02 7.972102e-02 8.611114e-02
8.200000e+00 7.529870e-02 7.969052e-02 8.617973e-02
8.300000e+00 7.635890e-02 7.965950e-02 8.624509e-02
8.400000e+00 7.741780e-02 7.962800e-02 8.630993e-02
8.500000e+00 7.844660e-02 7.959601e-02 8.637157e-02
8.600000e+00 7.947410e-02 7.956356e-02 8.643272e-02
8.700000e+00 8.048760e-02 7.953064e-02 8.649220e-02
8.800000e+00 8.150630e-02 7.949728e-02 8.655180e-02
8.900000e+00 8.249900e-02 7.946349e-02 8.660861e-02
9.000000e+00 8.348680e-02 7.942927e-02 8.666462e-02
9.100000e+00 8.445260e-02 7.939463e-02 8.671821e-02
9.200000e+00 8.541020e-02 7.935960e-02 8.677070e-02
9.300000e+00 8.635060e-02 7.932417e-02 8.682123e-02
9.400000e+00 8.727880e-02 7.928836e-02 8.687030e-02
9.500000e+00 8.819520e-02 7.925218e-02 8.691793e-02
9.600000e+00 8.909480e-02 7.921564e-02 8.696366e-02
9.700000e+00 8.998860e-02 7.917875e-02 8.700853e-02
9.800000e+00 9.086040e-02 7.914152e-02 8.705101e-02
9.900000e+00 9.173280e-02 7.910396e-02 8.709327e-02
1.000000e+01 9.257740e-02 7.906607e-02 8.713258e-02
1.010000e+01 9.342970e-02 7.902787e-02 8.717235e-02
1.020000e+01 9.424780e-02 7.898936e-02 8.720858e-02
1.030000e+01 9.508100e-02 7.895055e-02 8.724599e-02
1.040000e+01 9.587870e-02 7.891146e-02 8.727973e-02
1.050000e+01 9.668850e-02 7.887208e-02 8.731438e-02
1.060000e+01 9.746950e-02 7.883244e-02 8.734601e-02
1.070000e+01 9.825380e-02 7.879253e-02 8.737772e-02
1.080000e+01 9.901890e-02 7.875236e-02 8.740734e-02
1.090000e+01 9.977840e-02 7.871195e-02 8.743620e-02
1.100000e+01 1.005284e-01 7.867130e-02 8.746390e-02
1.110000e+01 1.012639e-01 7.863041e-02 8.748999e-02
1.120000e+01 1.019995e-01 7.858929e-02 8.751587e-02
1.130000e+01 1.027116e-01 7.854796e-02 8.753925e-02
1.140000e+01 1.034418e-01 7.850641e-02 8.756421e-02
1.150000e+01 1.041507e-01 7.846466e-02 8.758689e-02
1.160000e+01 1.048704e-01 7.842270e-02 8.761044e-02
1.170000e+01 1.055667e-01 7.838055e-02 8.763152e-02
1.180000e+01 1.062633e-01 7.833822e-02 8.765245e-02
1.190000e+01 1.069474e-01 7.829570e-02 8.767199e-02
1.200000e+01 1.076216e-01 7.825300e-02 8.769038e-02
1.210000e+01 1.082941e-01 7.821014e-02 8.770845e-02
1.220000e+01 1.089464e-01 7.816712e-02 8.772437e-02
1.230000e+01 1.096078e-01 7.812393e-02 8.774103e-02
1.240000e+01 1.102450e-01 7.808059e-02 8.775516e-02
1.250000e+01 1.108896e-01 7.803711e-02 8.776988e-02
1.260000e+01 1.115169e-01 7.799349e-02 8.778274e-02
1.270000e+01 1.121405e-01 7.794973e-02 8.779511e-02
1.280000e+01 1.127582e-01 7.790584e-02 8.780677e-02
1.290000e+01 1.133613e-01 7.786182e-02 8.781685e-02
1.300000e+01 1.139700e-01 7.781768e-02 8.782736e-02
1.310000e+01 1.145570e-01 7.777343e-02 8.783562e-02
1.320000e+01 1.151530e-01 7.772906e-02 8.784463e-02
1.330000e+01 1.157319e-01 7.768459e-02 8.785185e-02
1.340000e+01 1.163081e-01 7.764002e-02 8.785869e-02
1.350000e+01 1.168791e-01 7.759534e-02 8.786492e-02
1.360000e+01 1.174361e-01 7.755058e-02 8.786965e-02
1.370000e+01 1.179996e-01 7.750572e-02 8.787492e-02
1.380000e+01 1.185437e-01 7.746077e-02 8.787818e-02
1.390000e+01 1.190939e-01 7.741575e-02 8.788196e-02
1.400000e+01 1.196313e-01 7.737065e-02 8.788437e-02
1.410000e+01 1.201630e-01 7.732547e-02 8.788613e-02
1.420000e+01 1.206937e-01 7.728022e-02 8.788772e-02
1.430000e+01 1.212168e-01 7.723490e-02 8.788846e-02
1.440000e+01 1.217524e-01 7.718952e-02 8.789039e-02
1.450000e+01 1.222705e-01 7.714408e-02 8.789050e-02
1.460000e+01 1.227887e-01 7.709859e-02 8.789055e-02
1.470000e+01 1.233006e-01 7.705304e-02 8.788992e-02
1.480000e+01 1.238011e-01 7.700744e-02 8.788808e-02
1.490000e+01 1.243071e-01 7.696179e-02 8.788673e-02
1.500000e+01 1.247969e-01 7.691610e-02 8.788371e-02
1.510000e+01 1.252905e-01 7.687037e-02 8.788102e-02
1.520000e+01 1.257749e-01 7.682460e-02 8.787736e-02
1.530000e+01 1.262514e-01 7.677879e-02 8.787287e-02
1.540000e+01 1.267306e-01 7.673296e-02 8.786860e-02
1.550000e+01 1.271946e-01 7.668709e-02 8.786276e-02
1.560000e+01 1.276645e-01 7.664120e-02 8.785749e-02
1.570000e+01 1.281237e-01 7.659529e-02 8.785110e-02
1.580000e+01 1.285772e-01 7.654936e-02 8.784411e-02
1.590000e+01 1.290318e-01 7.650341e-02 8.783720e-02
1.600000e+01 1.294722e-01 7.645744e-02 8.782884e-02
1.610000e+01 1.299192e-01 7.641147e-02 8.782112e-02
1.620000e+01 1.303554e-01 7.636548e-02 8.781229e-02
1.630000e+01 1.307865e-01 7.631949e-02 8.780293e-02
1.640000e+01 1.312186e-01 7.627349e-02 8.779365e-02
1.650000e+01 1.316375e-01 7.622749e-02 8.778302e-02
1.660000e+01 1.320623e-01 7.618149e-02 8.777299e-02
1.670000e+01 1.324774e-01 7.613548e-02 8.776196e-02
1.680000e+01 1.328869e-01 7.608949e-02 8.775036e-02
1.690000e+01 1.332982e-01 7.604350e-02 8.773894e-02
1.700000e+01 1.336972e-01 7.599751e-02 8.772627e-02
1.710000e+01 1.341005e-01 7.595154e-02 8.771404e-02
1.720000e+01 1.344973e-01 7.590558e-02 8.770115e-02
1.730000e+01 1.348947e-01 7.585964e-02 8.768833e-02
1.740000e+01 1.352958e-01 7.581371e-02 8.767588e-02
1.750000e+01 1.356850e-01 7.576780e-02 8.766225e-02
1.760000e+01 1.360761e-01 7.572190e-02 8.764881e-02
1.770000e+01 1.364621e-01 7.567604e-02 8.763487e-02
1.780000e+01 1.368387e-01 7.563019e-02 8.761999e-02
1.790000e+01 1.372215e-01 7.558437e-02 8.760576e-02
1.800000e+01 1.375931e-01 7.553857e-02 8.759041e-02
1.810000e+01 1.379635e-01 7.549281e-02 8.757496e-02
1.820000e+01 1.383323e-01 7.544707e-02 8.755935e-02
1.830000e+01 1.386902e-01 7.540136e-02 8.754268e-02
1.840000e+01 1.390545e-01 7.535569e-02 8.752667e-02
1.850000e+01 1.394098e-01 7.531005e-02 8.750977e-02
1.860000e+01 1.397602e-01 7.526445e-02 8.749241e-02
1.870000e+01 1.401128e-01 7.521888e-02 8.747529e-02
1.880000e+01 1.404553e-01 7.517335e-02 8.745718e-02
1.890000e+01 1.407997e-01 7.512787e-02 8.743929e-02
1.900000e+01 1.411397e-01 7.508242e-02 8.742099e-02
1.910000e+01 1.414708e-01 7.503701e-02 8.740181e-02
1.920000e+01 1.418083e-01 7.499165e-02 8.738334e-02
1.930000e+01 1.421363e-01 7.494633e-02 8.736392e-02
1.940000e+01 1.424615e-01 7.490106e-02 8.734425e-02
1.950000e+01 1.427872e-01 7.485584e-02 8.732469e-02
1.960000e+01 1.431036e-01 7.481067e-02 8.730421e-02
1.970000e+01 1.434229e-01 7.476554e-02 8.728408e-02
1.980000e+01 1.437373e-01 7.472047e-02 8.726349e-02
1.990000e+01 1.440438e-01 7.467545e-02 8.724215e-02
2.000000e+01 1.443561e-01 7.463049e-02 8.722144e-02
2.010000e+01 1.446596e-01 7.458558e-02 8.719987e-02
2.020000e+01 1.449626e-01 7.454072e-02 8.717832e-02
2.030000e+01 1.452714e-01 7.449592e-02 8.715741e-02
2.040000e+01 1.455717e-01 7.445118e-02 8.713567e-02
2.050000e+01 1.458741e-01 7.440650e-02 8.711420e-02
2.060000e+01 1.461724e-01 7.436187e-02 8.709238e-02
2.070000e+01 1.464624e-01 7.431731e-02 8.706976e-02
2.080000e+01 1.467589e-01 7.427280e-02 8.704786e-02
2.090000e+01 1.470472e-01 7.422836e-02 8.702517e-02
2.100000e+01 1.473315e-01 7.418398e-02 8.700214e-02
2.110000e+01 1.476180e-01 7.413966e-02 8.697939e-02
2.120000e+01 1.478966e-01 7.409541e-02 8.695589e-02
2.130000e+01 1.481752e-01 7.405122e-02 8.693246e-02
2.140000e+01 1.484522e-01 7.400710e-02 8.690892e-02
2.150000e+01 1.487214e-01 7.396304e-02 8.688465e-02
2.160000e+01 1.489944e-01 7.391905e-02 8.686083e-02
2.170000e+01 1.492622e-01 7.387512e-02 8.683653e-02
2.180000e+01 1.495235e-01 7.383127e-02 8.681165e-02
2.190000e+01 1.497898e-01 7.378748e-02 8.678734e-02
2.200000e+01 1.500487e-01 7.374376e-02 8.676234e-02
2.210000e+01 1.503045e-01 7.370011e-02 8.673709e-02
2.220000e+01 1.505621e-01 7.365653e-02 8.671208e-02
2.230000e+01 1.508125e-01 7.361302e-02 8.668642e-02
2.240000e+01 1.510629e-01 7.356959e-02 8.666082e-02
2.250000e+01 1.513120e-01 7.352622e-02 8.663516e-02
2.260000e+01 1.515542e-01 7.348293e-02 8.660887e-02
2.270000e+01 1.517991e-01 7.343971e-02 8.658292e-02
2.280000e+01 1.520402e-01 7.339656e-02 8.655665e-02
2.290000e+01 1.522745e-01 7.335349e-02 8.652977e-02
2.300000e+01 1.525140e-01 7.331050e-02 8.650349e-02
2.310000e+01 1.527472e-01 7.326758e-02 8.647665e-02
2.320000e+01 1.529811e-01 7.322474e-02 8.644994e-02
2.330000e+01 1.532195e-01 7.318197e-02 8.642377e-02
2.340000e+01 1.534513e-01 7.313928e-02 8.639702e-02
2.350000e+01 1.536809e-01 7.309667e-02 8.637010e-02
2.360000e+01 1.539117e-01 7.305413e-02 8.634339e-02
2.370000e+01 1.541361e-01 7.301168e-02 8.631610e-02
2.380000e+01 1.543603e-01 7.296930e-02 8.628888e-02
2.390000e+01 1.545838e-01 7.292700e-02 8.626166e-02
2.400000e+01 1.548010e-01 7.288479e-02 8.623388e-02
2.410000e+01 1.550200e-01 7.284265e-02 8.620635e-02
2.420000e+01 1.552363e-01 7.280059e-02 8.617865e-02
2.430000e+01 1.554467e-01 7.275861e-02 8.615040e-02
2.440000e+01 1.556604e-01 7.271671e-02 8.612259e-02
2.450000e+01 1.558699e-01 7.267490e-02 8.609443e-02
2.460000e+01 1.560735e-01 7.263317e-02 8.606575e-02
2.470000e+01 1.562821e-01 7.259151e-02 8.603766e-02
2.480000e+01 1.564850e-01 7.254994e-02 8.600907e-02
2.490000e+01 1.566834e-01 7.250846e-02 8.598011e-02
2.500000e+01 1.568855e-01 7.246705e-02 8.595162e-02
2.510000e+01 1.570820e-01 7.242573e-02 8.592263e-02
2.520000e+01 1.572754e-01 7.238449e-02 8.589342e-02
2.530000e+01 1.574712e-01 7.234334e-02 8.586454e-02
2.540000e+01 1.576616e-01 7.230227e-02 8.583518e-02
2.550000e+01 1.578500e-01 7.226128e-02 8.580571e-02
2.560000e+01 1.580397e-01 7.222038e-02 8.577647e-02
2.570000e+01 1.582240e-01 7.217956e-02 8.574676e-02
2.580000e+01 1.584075e-01 7.213883e-02 8.571705e-02
2.590000e+01 1.585913e-01 7.209818e-02 8.568746e-02
2.600000e+01 1.587698e-01 7.205762e-02 8.565743e-02
2.610000e+01 1.589538e-01 7.201714e-02 8.562804e-02
2.620000e+01 1.591372e-01 7.197674e-02 8.559868e-02
2.630000e+01 1.593156e-01 7.193643e-02 8.556889e-02
2.640000e+01 1.594947e-01 7.189621e-02 8.553927e-02
2.650000e+01 1.596725e-01 7.185607e-02 8.550960e-02
2.660000e+01 1.598452e-01 7.181601e-02 8.547951e-02
2.670000e+01 1.600194e-01 7.177605e-02 8.544965e-02
2.680000e+01 1.601917e-01 7.173616e-02 8.541969e-02
2.690000e+01 1.603591e-01 7.169637e-02 8.538932e-02
2.700000e+01 1.605284e-01 7.165666e-02 8.535924e-02
2.710000e+01 1.606954e-01 7.161703e-02 8.532901e-02
2.720000e+01 1.608576e-01 7.157750e-02 8.529839e-02
2.730000e+01 1.610221e-01 7.153805e-02 8.526809e-02
2.740000e+01 1.611839e-01 7.149869e-02 8.523761e-02
2.750000e+01 1.613410e-01 7.145941e-02 8.520675e-02
2.760000e+01 1.615008e-01 7.142022e-02 8.517625e-02
2.770000e+01 1.616576e-01 7.138112e-02 8.514554e-02
2.780000e+01 1.618098e-01 7.134210e-02 8.511446e-02
2.790000e+01 1.619649e-01 7.130318e-02 8.508376e-02
2.800000e+01 1.621169e-01 7.126433e-02 8.505284e-02
2.810000e+01 1.622644e-01 7.122558e-02 8.502155e-02
2.820000e+01 1.624149e-01 7.118691e-02 8.499066e-02
2.830000e+01 1.625622e-01 7.114833e-02 8.495954e-02
2.840000e+01 1.627051e-01 7.110984e-02 8.492807e-02
2.850000e+01 1.628510e-01 7.107143e-02 8.489699e-02
2.860000e+01 1.629937e-01 7.103311e-02 8.486569e-02
2.870000e+01 1.631322e-01 7.099488e-02 8.483404e-02
2.880000e+01 1.632735e-01 7.095673e-02 8.480278e-02
2.890000e+01 1.634158e-01 7.091867e-02 8.477171e-02
2.900000e+01 1.635548e-01 7.088070e-02 8.474040e-02
2.910000e+01 1.636965e-01 7.084282e-02 8.470945e-02
2.920000e+01 1.638353e-01 7.080502e-02 8.467831e-02
2.930000e+01 1.639700e-01 7.076730e-02 8.464685e-02
2.940000e+01 1.641071e-01 7.072968e-02 8.461572e-02
2.950000e+01 1.642417e-01 7.069214e-02 8.458442e-02
2.960000e+01 1.643722e-01 7.065468e-02 8.455282e-02
2.970000e+01 1.645049e-01 7.061731e-02 8.452151e-02
2.980000e+01 1.646353e-01 7.058003e-02 8.449008e-02
2.990000e+01 1.647618e-01 7.054284e-02 8.445835e-02
3.000000e+01 1.648900e-01 7.050572e-02 8.442687e-02
3.010000e+01 1.650165e-01 7.046870e-02 8.439532e-02
3.020000e+01 1.651390e-01 7.043176e-02 8.436346e-02
3.030000e+01 1.652629e-01 7.039491e-02 8.433183e-02
3.040000e+01 1.653854e-01 7.035814e-02 8.430016e-02
3.050000e+01 1.655042e-01 7.032146e-02 8.426820e-02
3.060000e+01 1.656237e-01 7.028486e-02 8.423641e-02
3.070000e+01 1.657425e-01 7.024835e-02 8.420464e-02
3.080000e+01 1.658576e-01 7.021192e-02 8.417259e-02
3.090000e+01 1.659729e-01 7.017558e-02 8.414064e-02
3.100000e+01 1.660880e-01 7.013933e-02 8.410878e-02
3.110000e+01 1.661995e-01 7.010316e-02 8.407665e-02
3.120000e+01 1.663105e-01 7.006707e-02 8.404457e-02
3.130000e+01 1.664221e-01 7.003107e-02 8.401263e-02
3.140000e+01 1.665301e-01 6.999516e-02 8.398043e-02
3.150000e+01 1.666370e-01 6.995933e-02 8.394821e-02
3.160000e+01 1.667463e-01 6.992358e-02 8.391632e-02
3.170000e+01 1.668554e-01 6.988792e-02 8.388450e-02
3.180000e+01 1.669626e-01 6.985235e-02 8.385259e-02
3.190000e+01 1.670717e-01 6.981685e-02 8.382096e-02
3.200000e+01 1.671774e-01 6.978145e-02 8.378908e-02
3.210000e+01 1.672804e-01 6.974612e-02 8.375703e-02
3.220000e+01 1.673862e-01 6.971088e-02 8.372535e-02
3.230000e+01 1.674886e-01 6.967572e-02 8.369342e-02
3.240000e+01 1.675877e-01 6.964065e-02 8.366125e-02
3.250000e+01 1.676901e-01 6.960566e-02 8.362950e-02
3.260000e+01 1.677893e-01 6.957075e-02 8.359752e-02
3.270000e+01 1.678853e-01 6.953593e-02 8.356532e-02
3.280000e+01 1.679836e-01 6.950119e-02 8.353344e-02
3.290000e+01 1.680797e-01 6.946653e-02 8.350143e-02
3.300000e+01 1.681727e-01 6.943196e-02 8.346920e-02
3.310000e+01 1.682670e-01 6.939746e-02 8.343719e-02
3.320000e+01 1.683601e-01 6.936305e-02 8.340516e-02
3.330000e+01 1.684502e-01 6.932872e-02 8.337291e-02
3.340000e+01 1.685405e-01 6.929448e-02 8.334077e-02
3.350000e+01 1.686307e-01 6.926031e-02 8.330873e-02
3.360000e+01 1.687179e-01 6.922623e-02 8.327646e-02
3.370000e+01 1.688044e-01 6.919223e-02 8.324421e-02
3.380000e+01 1.688918e-01 6.915831e-02 8.321216e-02
3.390000e+01 1.689762e-01 6.912447e-02 8.317989e-02
3.400000e+01 1.690587e-01 6.909071e-02 8.314753e-02
3.410000e+01 1.691434e-01 6.905703e-02 8.311546e-02
3.420000e+01 1.692251e-01 6.902343e-02 8.308320e-02
3.430000e+01 1.693051e-01 6.898991e-02 8.305085e-02
3.440000e+01 1.693910e-01 6.895647e-02 8.301918e-02
3.450000e+01 1.694741e-01 6.892311e-02 8.298732e-02
3.460000e+01 1.695544e-01 6.888983e-02 8.295526e-02
3.470000e+01 1.696364e-01 6.885663e-02 8.292347e-02
3.480000e+01 1.697169e-01 6.882351e-02 8.289162e-02
3.490000e+01 1.697945e-01 6.879047e-02 8.285957e-02
3.500000e+01 1.698728e-01 6.875750e-02 8.282767e-02
3.510000e+01 1.699507e-01 6.872461e-02 8.279582e-02
3.520000e+01 1.700259e-01 6.869180e-02 8.276379e-02
3.530000e+01 1.701003e-01 6.865907e-02 8.273178e-02
3.540000e+01 1.701758e-01 6.862642e-02 8.269995e-02
3.550000e+01 1.702485e-01 6.859384e-02 8.266794e-02
3.560000e+01 1.703193e-01 6.856134e-02 8.263582e-02
3.570000e+01 1.703923e-01 6.852892e-02 8.260401e-02
3.580000e+01 1.704627e-01 6.849658e-02 8.257203e-02
3.590000e+01 1.705305e-01 6.846431e-02 8.253987e-02
3.600000e+01 1.706005e-01 6.843212e-02 8.250803e-02
3.610000e+01 1.706686e-01 6.840000e-02 8.247608e-02
3.620000e+01 1.707341e-01 6.836796e-02 8.244396e-02
3.630000e+01 1.708006e-01 6.833600e-02 8.241202e-02
3.640000e+01 1.708664e-01 6.830411e-02 8.238010e-02
3.650000e+01 1.709298e-01 6.827230e-02 8.234802e-02
3.660000e+01 1.709926e-01 6.824056e-02 8.231598e-02
3.670000e+01 1.710563e-01 6.820889e-02 8.228411e-02
3.680000e+01 1.711175e-01 6.817730e-02 8.225207e-02
3.690000e+01 1.711768e-01 6.814579e-02 8.221993e-02
3.700000e+01 1.712413e-01 6.811434e-02 8.218839e-02
3.710000e+01 1.713041e-01 6.808297e-02 8.215676e-02
3.720000e+01 1.713644e-01 6.805168e-02 8.212498e-02
3.730000e+01 1.714267e-01 6.802045e-02 8.209346e-02
3.740000e+01 1.714874e-01 6.798930e-02 8.206188e-02
3.750000e+01 1.715457e-01 6.795822e-02 8.203014e-02
3.760000e+01 1.716044e-01 6.792721e-02 8.199852e-02
3.770000e+01 1.716631e-01 6.789628e-02 8.196698e-02
3.780000e+01 1.717195e-01 6.786541e-02 8.193530e-02
3.790000e+01 1.717746e-01 6.783462e-02 8.190357e-02
3.800000e+01 1.718314e-01 6.780389e-02 8.187209e-02
3.810000e+01 1.718858e-01 6.777324e-02 8.184045e-02
3.820000e+01 1.719379e-01 6.774266e-02 8.180867e-02
3.830000e+01 1.719923e-01 6.771214e-02 8.177719e-02
3.840000e+01 1.720449e-01 6.768170e-02 8.174561e-02
3.850000e+01 1.720952e-01 6.765132e-02 8.171389e-02
3.860000e+01 1.721461e-01 6.762102e-02 8.168231e-02
3.870000e+01 1.721969e-01 6.759078e-02 8.165079e-02
3.880000e+01 1.722454e-01 6.756061e-02 8.161913e-02
3.890000e+01 1.722929e-01 6.753051e-02 8.158745e-02
3.900000e+01 1.723419e-01 6.750047e-02 8.155598e-02
3.910000e+01 1.723887e-01 6.747050e-02 8.152438e-02
3.920000e+01 1.724333e-01 6.744060e-02 8.149265e-02
3.930000e+01 1.724801e-01 6.741077e-02 8.146120e-02
3.940000e+01 1.725252e-01 6.738100e-02 8.142967e-02
3.950000e+01 1.725682e-01 6.735130e-02 8.139800e-02
3.960000e+01 1.726141e-01 6.732166e-02 8.136670e-02
3.970000e+01 1.726609e-01 6.729209e-02 8.133557e-02
3.980000e+01 1.727057e-01 6.726259e-02 8.130430e-02
3.990000e+01 1.727492e-01 6.723315e-02 8.127299e-02
4.000000e+01 1.727944e-01 6.720377e-02 8.124192e-02
4.010000e+01 1.728375e-01 6.717446e-02 8.121072e-02
4.020000e+01 1.728786e-01 6.714521e-02 8.117940e-02
4.030000e+01 1.729214e-01 6.711603e-02 8.114830e-02
4.040000e+01 1.729629e-01 6.708691e-02 8.111718e-02
4.050000e+01 1.730025e-01 6.705785e-02 8.108592e-02
4.060000e+01 1.730420e-01 6.702886e-02 8.105473e-02
4.070000e+01 1.730820e-01 6.699993e-02 8.102367e-02
4.080000e+01 1.731201e-01 6.697106e-02 8.099249e-02
4.090000e+01 1.731564e-01 6.694225e-02 8.096120e-02
4.100000e+01 1.731950e-01 6.691350e-02 8.093021e-02
4.110000e+01 1.732316e-01 6.688482e-02 8.089910e-02
4.120000e+01 1.732664e-01 6.685619e-02 8.086788e-02
4.130000e+01 1.733018e-01 6.682763e-02 8.083679e-02
4.140000e+01 1.733371e-01 6.679913e-02 8.080576e-02
4.150000e+01 1.733705e-01 6.677068e-02 8.077461e-02
4.160000e+01 1.734027e-01 6.674230e-02 8.074343e-02
4.170000e+01 1.734366e-01 6.671397e-02 8.071247e-02
4.180000e+01 1.734687e-01 6.668570e-02 8.068140e-02
4.190000e+01 1.734989e-01 6.665749e-02 8.065022e-02
4.200000e+01 1.735304e-01 6.662934e-02 8.061923e-02
4.210000e+01 1.735612e-01 6.660125e-02 8.058824e-02
4.220000e+01 1.735933e-01 6.657322e-02 8.055745e-02
4.230000e+01 1.736248e-01 6.654524e-02 8.052666e-02
4.240000e+01 1.736574e-01 6.651732e-02 8.049605e-02
4.250000e+01 1.736882e-01 6.648945e-02 8.046533e-02
4.260000e+01 1.737172e-01 6.646164e-02 8.043450e-02
4.270000e+01 1.737480e-01 6.643389e-02 8.040390e-02
4.280000e+01 1.737775e-01 6.640619e-02 8.037326e-02
4.290000e+01 1.738053e-01 6.637855e-02 8.034250e-02
4.300000e+01 1.738329e-01 6.635096e-02 8.031180e-02
4.310000e+01 1.738613e-01 6.632343e-02 8.028122e-02
4.320000e+01 1.738879e-01 6.629595e-02 8.025055e-02
4.330000e+01 1.739128e-01 6.626852e-02 8.021977e-02
4.340000e+01 1.739396e-01 6.624115e-02 8.018924e-02
4.350000e+01 1.739651e-01 6.621383e-02 8.015864e-02
4.360000e+01 1.739889e-01 6.618656e-02 8.012793e-02
4.370000e+01 1.740126e-01 6.615935e-02 8.009729e-02
4.380000e+01 1.740370e-01 6.613218e-02 8.006676e-02
4.390000e+01 1.740597e-01 6.610507e-02 8.003614e-02
4.400000e+01 1.740808e-01 6.607801e-02 8.000542e-02
4.410000e+01 1.741037e-01 6.605100e-02 7.997493e-02
4.420000e+01 1.741254e-01 6.602404e-02 7.994438e-02
4.430000e+01 1.741454e-01 6.599713e-02 7.991374e-02
4.440000e+01 1.741653e-01 6.597027e-02 7.988314e-02
4.450000e+01 1.741859e-01 6.594346e-02 7.985267e-02
4.460000e+01 1.742050e-01 6.591669e-02 7.982210e-02
4.470000e+01 1.742242e-01 6.588998e-02 7.979161e-02
4.480000e+01 1.742463e-01 6.586331e-02 7.976144e-02
4.490000e+01 1.742672e-01 6.583669e-02 7.973123e-02
4.500000e+01 1.742866e-01 6.581012e-02 7.970093e-02
4.510000e+01 1.743057e-01 6.578360e-02 7.967064e-02
4.520000e+01 1.743256e-01 6.575712e-02 7.964050e-02
4.530000e+01 1.743441e-01 6.573069e-02 7.961027e-02
4.540000e+01 1.743610e-01 6.570430e-02 7.957994e-02
4.550000e+01 1.743792e-01 6.567796e-02 7.954979e-02
4.560000e+01 1.743967e-01 6.565167e-02 7.951963e-02
4.570000e+01 1.744127e-01 6.562542e-02 7.948937e-02
4.580000e+01 1.744279e-01 6.559922e-02 7.945910e-02
4.590000e+01 1.744445e-01 6.557306e-02 7.942901e-02
4.600000e+01 1.744596e-01 6.554694e-02 7.939883e-02
4.610000e+01 1.744732e-01 6.552087e-02 7.936855e-02
4.620000e+01 1.744876e-01 6.549484e-02 7.933841e-02
4.630000e+01 1.745019e-01 6.546885e-02 7.930829e-02
4.640000e+01 1.745146e-01 6.544290e-02 7.927809e-02
4.650000e+01 1.745261e-01 6.541700e-02 7.924782e-02
4.660000e+01 1.745395e-01 6.539114e-02 7.921777e-02
4.670000e+01 1.745515e-01 6.536532e-02 7.918764e-02
4.680000e+01 1.745621e-01 6.533954e-02 7.915742e-02
4.690000e+01 1.745727e-01 6.531380e-02 7.912726e-02
4.700000e+01 1.745839e-01 6.528810e-02 7.909719e-02
4.710000e+01 1.745937e-01 6.526244e-02 7.906704e-02
4.720000e+01 1.746034e-01 6.523681e-02 7.903693e-02
4.730000e+01 1.746159e-01 6.521123e-02 7.900713e-02
4.740000e+01 1.746277e-01 6.518569e-02 7.897731e-02
4.750000e+01 1.746381e-01 6.516018e-02 7.894740e-02
4.760000e+01 1.746477e-01 6.513471e-02 7.891746e-02
4.770000e+01 1.746587e-01 6.510928e-02 7.888770e-02
4.780000e+01 1.746684e-01 6.508388e-02 7.885785e-02
4.790000e+01 1.746767e-01 6.505852e-02 7.882792e-02
4.800000e+01 1.746855e-01 6.503320e-02 7.879808e-02
4.810000e+01 1.746944e-01 6.500791e-02 7.876829e-02
4.820000e+01 1.747020e-01 6.498266e-02 7.873842e-02
4.830000e+01 1.747083e-01 6.495744e-02 7.870846e-02
4.840000e+01 1.747162e-01 6.493225e-02 7.867870e-02
4.850000e+01 1.747232e-01 6.490710e-02 7.864889e-02
4.860000e+01 1.747288e-01 6.488199e-02 7.861899e-02
4.870000e+01 1.747339e-01 6.485690e-02 7.858908e-02
4.880000e+01 1.747402e-01 6.483185e-02 7.855933e-02
4.890000e+01 1.747452e-01 6.480684e-02 7.852949e-02
4.900000e+01 1.747490e-01 6.478185e-02 7.849957e-02
4.910000e+01 1.747532e-01 6.475689e-02 7.846973e-02
4.920000e+01 1.747577e-01 6.473197e-02 7.843995e-02
4.930000e+01 1.747608e-01 6.470708e-02 7.841009e-02
4.940000e+01 1.747628e-01 6.468222e-02 7.838015e-02
4.950000e+01 1.747661e-01 6.465738e-02 7.835038e-02
4.960000e+01 1.747688e-01 6.463258e-02 7.832057e-02
4.970000e+01 1.747717e-01 6.460781e-02 7.829082e-02
4.980000e+01 1.747748e-01 6.458306e-02 7.826114e-02
4.990000e+01 1.747795e-01 6.455835e-02 7.823163e-02
5.000000e+01 1.747829e-01 6.453366e-02 7.820203e-02
5.010000e+01 1.747851e-01 6.450900e-02 7.817236e-02
5.020000e+01 1.747874e-01 6.448436e-02 7.814273e-02
5.030000e+01 1.747903e-01 6.445976e-02 7.811318e-02
5.040000e+01 1.747920e-01 6.443518e-02 7.808356e-02
5.050000e+01 1.747926e-01 6.441063e-02 7.805386e-02
5.060000e+01 1.747939e-01 6.438610e-02 7.802426e-02
5.070000e+01 1.747951e-01 6.436160e-02 7.799469e-02
5.080000e+01 1.747952e-01 6.433712e-02 7.796504e-02
5.090000e+01 1.747942e-01 6.431267e-02 7.793531e-02
5.100000e+01 1.747946e-01 6.428824e-02 7.790574e-02
5.110000e+01 1.747942e-01 6.426384e-02 7.787614e-02
5.120000e+01 1.747927e-01 6.423946e-02 7.784645e-02
5.130000e+01 1.747904e-01 6.421510e-02 7.781672e-02
5.140000e+01 1.747896e-01 6.419077e-02 7.778715e-02
5.150000e+01 1.747877e-01 6.416646e-02 7.775751e-02
5.160000e+01 1.747846e-01 6.414217e-02 7.772780e-02
5.170000e+01 1.747814e-01 6.411790e-02 7.769809e-02
5.180000e+01 1.747791e-01 6.409366e-02 7.766849e-02
5.190000e+01 1.747757e-01 6.406943e-02 7.763881e-02
5.200000e+01 1.747712e-01 6.404523e-02 7.760905e-02
5.210000e+01 1.747670e-01 6.402104e-02 7.757936e-02
5.220000e+01 1.747654e-01 6.399688e-02 7.754992e-02
5.230000e+01 1.747629e-01 6.397273e-02 7.752043e-02
5.240000e+01 1.747594e-01 6.394861e-02 7.749087e-02
5.250000e+01 1.747568e-01 6.392450e-02 7.746140e-02
5.260000e+01 1.747539e-01 6.390041e-02 7.743195e-02
5.270000e+01 1.747501e-01 6.387634e-02 7.740241e-02
5.280000e+01 1.747451e-01 6.385228e-02 7.737281e-02
5.290000e+01 1.747415e-01 6.382825e-02 7.734334e-02
5.300000e+01 1.747373e-01 6.380423e-02 7.731384e-02
5.310000e+01 1.747320e-01 6.378022e-02 7.728426e-02
5.320000e+01 1.747258e-01 6.375624e-02 7.725461e-02
5.330000e+01 1.747212e-01 6.373226e-02 7.722513e-02
5.340000e+01 1.747156e-01 6.370831e-02 7.719558e-02
5.350000e+01 1.747090e-01 6.368436e-02 7.716595e-02
5.360000e+01 1.747018e-01 6.366044e-02 7.713628e-02
5.370000e+01 1.746959e-01 6.363652e-02 7.710676e-02
5.380000e+01 1.746890e-01 6.361262e-02 7.707716e-02
5.390000e+01 1.746812e-01 6.358874e-02 7.704749e-02
5.400000e+01 1.746730e-01 6.356486e-02 7.701779e-02
5.410000e+01 1.746658e-01 6.354100e-02 7.698822e-02
5.420000e+01 1.746577e-01 6.351716e-02 7.695857e-02
5.430000e+01 1.746487e-01 6.349332e-02 7.692884e-02
5.440000e+01 1.746395e-01 6.346950e-02 7.689912e-02
5.450000e+01 1.746311e-01 6.344568e-02 7.686949e-02
5.460000e+01 1.746227e-01 6.342188e-02 7.683986e-02
5.470000e+01 1.746148e-01 6.339809e-02 7.681030e-02
5.480000e+01 1.746068e-01 6.337431e-02 7.678075e-02
5.490000e+01 1.745996e-01 6.335053e-02 7.675127e-02
5.500000e+01 1.745914e-01 6.332677e-02 7.672172e-02
5.510000e+01 1.745823e-01 6.330301e-02 7.669210e-02
5.520000e+01 1.745734e-01 6.327927e-02 7.666250e-02
5.530000e+01 1.745650e-01 6.325553e-02 7.663297e-02
5.540000e+01 1.745557e-01 6.323180e-02 7.660335e-02
5.550000e+01 1.745455e-01 6.320808e-02 7.657367e-02
5.560000e+01 1.745355e-01 6.318436e-02 7.654402e-02
5.570000e+01 1.745261e-01 6.316066e-02 7.651442e-02
5.580000e+01 1.745157e-01 6.313695e-02 7.648474e-02
5.590000e+01 1.745044e-01 6.311326e-02 7.645499e-02
5.600000e+01 1.744934e-01 6.308957e-02 7.642528e-02
5.610000e+01 1.744829e-01 6.306588e-02 7.639561e-02
5.620000e+01 1.744715e-01 6.304220e-02 7.636587e-02
5.630000e+01 1.744592e-01 6.301853e-02 7.633606e-02
5.640000e+01 1.744472e-01 6.299486e-02 7.630628e-02
5.650000e+01 1.744357e-01 6.297119e-02 7.627655e-02
5.660000e+01 1.744233e-01 6.294753e-02 7.624674e-02
5.670000e+01 1.744101e-01 6.292387e-02 7.621686e-02
5.680000e+01 1.743971e-01 6.290022e-02 7.618701e-02
5.690000e+01 1.743846e-01 6.287656e-02 7.615721e-02
5.700000e+01 1.743713e-01 6.285291e-02 7.612734e-02
5.710000e+01 1.743593e-01 6.282927e-02 7.609759e-02
5.720000e+01 1.743474e-01 6.280562e-02 7.606785e-02
5.730000e+01 1.743361e-01 6.278197e-02 7.603817e-02
5.740000e+01 1.743240e-01 6.275833e-02 7.600842e-02
5.750000e+01 1.743111e-01 6.273469e-02 7.597860e-02
5.760000e+01 1.742981e-01 6.271105e-02 7.594877e-02
5.770000e+01 1.742859e-01 6.268740e-02 7.591902e-02
5.780000e+01 1.742729e-01 6.266376e-02 7.588919e-02
5.790000e+01 1.742591e-01 6.264012e-02 7.585929e-02
5.800000e+01 1.742450e-01 6.261647e-02 7.582936e-02
5.810000e+01 1.742320e-01 6.259283e-02 7.579953e-02
5.820000e+01 1.742181e-01 6.256918e-02 7.576962e-02
5.830000e+01 1.742034e-01 6.254553e-02 7.573964e-02
5.840000e+01 1.741883e-01 6.252188e-02 7.570961e-02
5.850000e+01 1.741744e-01 6.249822e-02 7.567969e-02
5.860000e+01 1.741597e-01 6.247457e-02 7.564970e-02
5.870000e+01 1.741443e-01 6.245091e-02 7.561963e-02
5.880000e+01 1.741281e-01 6.242724e-02 7.558949e-02
5.890000e+01 1.741133e-01 6.240357e-02 7.555949e-02
5.900000e+01 1.740979e-01 6.237990e-02 7.552941e-02
5.910000e+01 1.740816e-01 6.235623e-02 7.549926e-02
5.920000e+01 1.740647e-01 6.233255e-02 7.546904e-02
5.930000e+01 1.740489e-01 6.230886e-02 7.543892e-02
5.940000e+01 1.740326e-01 6.228517e-02 7.540875e-02
5.950000e+01 1.740174e-01 6.226147e-02 7.537867e-02
5.960000e+01 1.740018e-01 6.223777e-02 7.534855e-02
5.970000e+01 1.739869e-01 6.221406e-02 7.531849e-02
5.980000e+01 1.739720e-01 6.219034e-02 7.528842e-02
5.990000e+01 1.739564e-01 6.216662e-02 7.525828e-02
6.000000e+01 1.739400e-01 6.214289e-02 7.522806e-02
6.010000e+01 1.739240e-01 6.211915e-02 7.519786e-02
6.020000e+01 1.739084e-01 6.209541e-02 7.516770e-02
6.030000e+01 1.738921e-01 6.207165e-02 7.513747e-02
6.040000e+01 1.738751e-01 6.204789e-02 7.510716e-02
6.050000e+01 1.738579e-01 6.202412e-02 7.507682e-02
6.060000e+01 1.738416e-01 6.200034e-02 7.504656e-02
6.070000e+01 1.738247e-01 6.197656e-02 7.501623e-02
6.080000e+01 1.738070e-01 6.195276e-02 7.498582e-02
6.090000e+01 1.737887e-01 6.192895e-02 7.495534e-02
6.100000e+01 1.737718e-01 6.190513e-02 7.492498e-02
6.110000e+01 1.737542e-01 6.188130e-02 7.489454e-02
6.120000e+01 1.737359e-01 6.185747e-02 7.486404e-02
6.130000e+01 1.737170e-01 6.183362e-02 7.483346e-02
6.140000e+01 1.736989e-01 6.180976e-02 7.480295e-02
6.150000e+01 1.736807e-01 6.178588e-02 7.477241e-02
6.160000e+01 1.736619e-01 6.176200e-02 7.474181e-02
6.170000e+01 1.736425e-01 6.173811e-02 7.471113e-02
6.180000e+01 1.736232e-01 6.171420e-02 7.468046e-02
6.190000e+01 1.736059e-01 6.169028e-02 7.464995e-02
6.200000e+01 1.735885e-01 6.166635e-02 7.461942e-02
6.210000e+01 1.735705e-01 6.164240e-02 7.458882e-02
6.220000e+01 1.735519e-01 6.161844e-02 7.455816e-02
6.230000e+01 1.735346e-01 6.159447e-02 7.452759e-02
6.240000e+01 1.735167e-01 6.157049e-02 7.449695e-02
6.250000e+01 1.734981e-01 6.154649e-02 7.446624e-02
6.260000e+01 1.734789e-01 6.152247e-02 7.443546e-02
6.270000e+01 1.734605e-01 6.149845e-02 7.440473e-02
6.280000e+01 1.734421e-01 6.147441e-02 7.437399e-02
6.290000e+01 1.734230e-01 6.145035e-02 7.434317e-02
6.300000e+01 1.734033e-01 6.142628e-02 7.431228e-02
6.310000e+01 1.733838e-01 6.140219e-02 7.428138e-02
6.320000e+01 1.733648e-01 6.137809e-02 7.425052e-02
6.330000e+01 1.733453e-01 6.135398e-02 7.421959e-02
6.340000e+01 1.733252e-01 6.132984e-02 7.418859e-02
6.350000e+01 1.733044e-01 6.130569e-02 7.415752e-02
6.360000e+01 1.732850e-01 6.128153e-02 7.412655e-02
6.370000e+01 1.732650e-01 6.125735e-02 7.409551e-02
6.380000e+01 1.732445e-01 6.123315e-02 7.406440e-02
6.390000e+01 1.732233e-01 6.120894e-02 7.403322e-02
6.400000e+01 1.732026e-01 6.118470e-02 7.400205e-02
6.410000e+01 1.731822e-01 6.116045e-02 7.397090e-02
6.420000e+01 1.731613e-01 6.113619e-02 7.393968e-02
6.430000e+01 1.731413e-01 6.111190e-02 7.390852e-02
6.440000e+01 1.731212e-01 6.108760e-02 7.387733e-02
6.450000e+01 1.731023e-01 6.106328e-02 7.384623e-02
6.460000e+01 1.730828e-01 6.103894e-02 7.381505e-02
6.470000e+01 1.730627e-01 6.101458e-02 7.378381e-02
6.480000e+01 1.730421e-01 6.099021e-02 7.375249e-02
6.490000e+01 1.730220e-01 6.096581e-02 7.372120e-02
6.500000e+01 1.730021e-01 6.094140e-02 7.368991e-02
6.510000e+01 1.729817e-01 6.091697e-02 7.365855e-02
6.520000e+01 1.729607e-01 6.089251e-02 7.362711e-02
6.530000e+01 1.729393e-01 6.086804e-02 7.359562e-02
6.540000e+01 1.729191e-01 6.084355e-02 7.356420e-02
6.550000e+01 1.728984e-01 6.081903e-02 7.353272e-02
6.560000e+01 1.728771e-01 6.079450e-02 7.350117e-02
6.570000e+01 1.728552e-01 6.076995e-02 7.346954e-02
6.580000e+01 1.728338e-01 6.074538e-02 7.343793e-02
6.590000e+01 1.728127e-01 6.072078e-02 7.340633e-02
6.600000e+01 1.727911e-01 6.069617e-02 7.337466e-02
6.610000e+01 1.727690e-01 6.067153e-02 7.334291e-02
6.620000e+01 1.727463e-01 6.064688e-02 7.331110e-02
6.630000e+01 1.727249e-01 6.062220e-02 7.327937e-02
6.640000e+01 1.727030e-01 6.059750e-02 7.324757e-02
6.650000e+01 1.726806e-01 6.057278e-02 7.321571e-02
6.660000e+01 1.726577e-01 6.054804e-02 7.318378e-02
6.670000e+01 1.726366e-01 6.052327e-02 7.315198e-02
6.680000e+01 1.726162e-01 6.049849e-02 7.312022e-02
6.690000e+01 1.725953e-01 6.047368e-02 7.308839e-02
6.700000e+01 1.725739e-01 6.044885e-02 7.305649e-02
6.710000e+01 1.725521e-01 6.042399e-02 7.302452e-02
6.720000e+01 1.725308e-01 6.039912e-02 7.299259e-02
6.730000e+01 1.725097e-01 6.037422e-02 7.296064e-02
6.740000e+01 1.724881e-01 6.034930e-02 7.292861e-02
6.750000e+01 1.724659e-01 6.032435e-02 7.289652e-02
6.760000e+01 1.724433e-01 6.029939e-02 7.286436e-02
6.770000e+01 1.724219e-01 6.027440e-02 7.283228e-02
6.780000e+01 1.724001e-01 6.024938e-02 7.280013e-02
6.790000e+01 1.723777e-01 6.022434e-02 7.276791e-02
6.800000e+01 1.723549e-01 6.019928e-02 7.273562e-02
6.810000e+01 1.723321e-01 6.017420e-02 7.270331e-02
6.820000e+01 1.723100e-01 6.014909e-02 7.267103e-02
6.830000e+01 1.722874e-01 6.012396e-02 7.263869e-02
6.840000e+01 1.722644e-01 6.009880e-02 7.260628e-02
6.850000e+01 1.722409e-01 6.007362e-02 7.257380e-02
6.860000e+01 1.722179e-01 6.004841e-02 7.254133e-02
6.870000e+01 1.721952e-01 6.002319e-02 7.250886e-02
6.880000e+01 1.721720e-01 5.999793e-02 7.247632e-02
6.890000e+01 1.721483e-01 5.997265e-02 7.244372e-02
6.900000e+01 1.721248e-01 5.994735e-02 7.241109e-02
6.910000e+01 1.721032e-01 5.992202e-02 7.237861e-02
6.920000e+01 1.720815e-01 5.989667e-02 7.234610e-02
6.930000e+01 1.720594e-01 5.987129e-02 7.231351e-02
6.940000e+01 1.720368e-01 5.984589e-02 7.228086e-02
6.950000e+01 1.720138e-01 5.982046e-02 7.224814e-02
6.960000e+01 1.719919e-01 5.979501e-02 7.221550e-02
6.970000e+01 1.719697e-01 5.976954e-02 7.218278e-02
6.980000e+01 1.719470e-01 5.974403e-02 7.215001e-02
6.990000e+01 1.719238e-01 5.971851e-02 7.211716e-02
7.000000e+01 1.719004e-01 5.969295e-02 7.208427e-02
7.010000e+01 1.718780e-01 5.966737e-02 7.205143e-02
7.020000e+01 1.718551e-01 5.964177e-02 7.201853e-02
7.030000e+01 1.718319e-01 5.961614e-02 7.198555e-02
7.040000e+01 1.718082e-01 5.959049e-02 7.195252e-02
7.050000e+01 1.717844e-01 5.956481e-02 7.191945e-02
7.060000e+01 1.717614e-01 5.953910e-02 7.188642e-02
7.070000e+01 1.717381e-01 5.951337e-02 7.185332e-02
7.080000e+01 1.717142e-01 5.948761e-02 7.182016e-02
7.090000e+01 1.716900e-01 5.946183e-02 7.178693e-02
7.100000e+01 1.716659e-01 5.943602e-02 7.175368e-02
7.110000e+01 1.716424e-01 5.941018e-02 7.172045e-02
7.120000e+01 1.716185e-01 5.938432e-02 7.168717e-02
7.130000e+01 1.715942e-01 5.935844e-02 7.165381e-02
7.140000e+01 1.715706e-01 5.933252e-02 7.162050e-02
7.150000e+01 1.715476e-01 5.930658e-02 7.158720e-02
7.160000e+01 1.715253e-01 5.928062e-02 7.155392e-02
7.170000e+01 1.715025e-01 5.925462e-02 7.152059e-02
7.180000e+01 1.714794e-01 5.922861e-02 7.148718e-02
7.190000e+01 1.714558e-01 5.920256e-02 7.145372e-02
7.200000e+01 1.714324e-01 5.917649e-02 7.142023e-02
7.210000e+01 1.714095e-01 5.915039e-02 7.138676e-02
7.220000e+01 1.713863e-01 5.912427e-02 7.135324e-02
7.230000e+01 1.713627e-01 5.909812e-02 7.131964e-02
7.240000e+01 1.713387e-01 5.907194e-02 7.128599e-02
7.250000e+01 1.713147e-01 5.904574e-02 7.125231e-02
7.260000e+01 1.712914e-01 5.901951e-02 7.121865e-02
7.270000e+01 1.712678e-01 5.899325e-02 7.118494e-02
7.280000e+01 1.712437e-01 5.896697e-02 7.115116e-02
7.290000e+01 1.712193e-01 5.894066e-02 7.111732e-02
7.300000e+01 1.711948e-01 5.891432e-02 7.108344e-02
7.310000e+01 1.711711e-01 5.888796e-02 7.104960e-02
7.320000e+01 1.711470e-01 5.886157e-02 7.101570e-02
7.330000e+01 1.711226e-01 5.883516e-02 7.098173e-02
7.340000e+01 1.710978e-01 5.880872e-02 7.094771e-02
7.350000e+01 1.710727e-01 5.878225e-02 7.091363e-02
7.360000e+01 1.710486e-01 5.875575e-02 7.087961e-02
7.370000e+01 1.710245e-01 5.872923e-02 7.084556e-02
7.380000e+01 1.710012e-01 5.870269e-02 7.081154e-02
7.390000e+01 1.709776e-01 5.867611e-02 7.077747e-02
7.400000e+01 1.709536e-01 5.864951e-02 7.074334e-02
7.410000e+01 1.709305e-01 5.862288e-02 7.070926e-02
7.420000e+01 1.709073e-01 5.859623e-02 7.067512e-02
7.430000e+01 1.708836e-01 5.856955e-02 7.064093e-02
7.440000e+01 1.708596e-01 5.854285e-02 7.060668e-02
7.450000e+01 1.708353e-01 5.851611e-02 7.057237e-02
7.460000e+01 1.708116e-01 5.848936e-02 7.053807e-02
7.470000e+01 1.707879e-01 5.846257e-02 7.050376e-02
7.480000e+01 1.707639e-01 5.843576e-02 7.046939e-02
7.490000e+01 1.707396e-01 5.840892e-02 7.043496e-02
7.500000e+01 1.707149e-01 5.838206e-02 7.040047e-02
7.510000e+01 1.706905e-01 5.835517e-02 7.036597e-02
7.520000e+01 1.706665e-01 5.832825e-02 7.033148e-02
7.530000e+01 1.706422e-01 5.830131e-02 7.029694e-02
7.540000e+01 1.706176e-01 5.827434e-02 7.026233e-02
7.550000e+01 1.705926e-01 5.824735e-02 7.022767e-02
7.560000e+01 1.705674e-01 5.822033e-02 7.019296e-02
7.570000e+01 1.705431e-01 5.819328e-02 7.015830e-02
7.580000e+01 1.705185e-01 5.816621e-02 7.012358e-02
7.590000e+01 1.704936e-01 5.813912e-02 7.008881e-02
7.600000e+01 1.704683e-01 5.811199e-02 7.005397e-02
7.610000e+01 1.704439e-01 5.808484e-02 7.001919e-02
7.620000e+01 1.704205e-01 5.805767e-02 6.998445e-02
7.630000e+01 1.703971e-01 5.803047e-02 6.994969e-02
7.640000e+01 1.703734e-01 5.800324e-02 6.991488e-02
7.650000e+01 1.703493e-01 5.797599e-02 6.988000e-02
7.660000e+01 1.703249e-01 5.794872e-02 6.984507e-02
7.670000e+01 1.703007e-01 5.792141e-02 6.981013e-02
7.680000e+01 1.702770e-01 5.789409e-02 6.977520e-02
7.690000e+01 1.702530e-01 5.786674e-02 6.974021e-02
7.700000e+01 1.702286e-01 5.783936e-02 6.970518e-02
7.710000e+01 1.702040e-01 5.781196e-02 6.967008e-02
7.720000e+01 1.701790e-01 5.778453e-02 6.963494e-02
7.730000e+01 1.701549e-01 5.775708e-02 6.959983e-02
7.740000e+01 1.701306e-01 5.772960e-02 6.956468e-02
7.750000e+01 1.701060e-01 5.770210e-02 6.952948e-02
7.760000e+01 1.700811e-01 5.767457e-02 6.949423e-02
7.770000e+01 1.700559e-01 5.764702e-02 6.945892e-02
7.780000e+01 1.700308e-01 5.761945e-02 6.942360e-02
7.790000e+01 1.700063e-01 5.759185e-02 6.938830e-02
7.800000e+01 1.699814e-01 5.756423e-02 6.935294e-02
7.810000e+01 1.699563e-01 5.753658e-02 6.931753e-02
7.820000e+01 1.699308e-01 5.750891e-02 6.928206e-02
7.830000e+01 1.699050e-01 5.748121e-02 6.924655e-02
7.840000e+01 1.698807e-01 5.745349e-02 6.921113e-02
7.850000e+01 1.698571e-01 5.742575e-02 6.917574e-02
7.860000e+01 1.698332e-01 5.739798e-02 6.914029e-02
7.870000e+01 1.698089e-01 5.737019e-02 6.910480e-02
7.880000e+01 1.697844e-01 5.734237e-02 6.906925e-02
7.890000e+01 1.697598e-01 5.731454e-02 6.903368e-02
7.900000e+01 1.697359e-01 5.728667e-02 6.899813e-02
7.910000e+01 1.697117e-01 5.725879e-02 6.896254e-02
7.920000e+01 1.696872e-01 5.723088e-02 6.892689e-02
7.930000e+01 1.696624e-01 5.720295e-02 6.889120e-02
7.940000e+01 1.696374e-01 5.717499e-02 6.885545e-02
7.950000e+01 1.696127e-01 5.714702e-02 6.881971e-02
7.960000e+01 1.695883e-01 5.711902e-02 6.878397e-02
7.970000e+01 1.695636e-01 5.709099e-02 6.874818e-02
7.980000e+01 1.695386e-01 5.706295e-02 6.871234e-02
7.990000e+01 1.695133e-01 5.703488e-02 6.867645e-02
8.000000e+01 1.694877e-01 5.700679e-02 6.864052e-02
8.010000e+01 1.694629e-01 5.697868e-02 6.860461e-02
8.020000e+01 1.694380e-01 5.695054e-02 6.856868e-02
8.030000e+01 1.694128e-01 5.692238e-02 6.853270e-02
8.040000e+01 1.693873e-01 5.689420e-02 6.849667e-02
8.050000e+01 1.693616e-01 5.686600e-02 6.846060e-02
8.060000e+01 1.693355e-01 5.683778e-02 6.842448e-02
8.070000e+01 1.693109e-01 5.680954e-02 6.838844e-02
8.080000e+01 1.692869e-01 5.678127e-02 6.835244e-02
8.090000e+01 1.692627e-01 5.675298e-02 6.831640e-02
8.100000e+01 1.692381e-01 5.672468e-02 6.828031e-02
8.110000e+01 1.692133e-01 5.669635e-02 6.824417e-02
8.120000e+01 1.691884e-01 5.666800e-02 6.820800e-02
8.130000e+01 1.691643e-01 5.663962e-02 6.817187e-02
8.140000e+01 1.691398e-01 5.661123e-02 6.813569e-02
8.150000e+01 1.691151e-01 5.658282e-02 6.809947e-02
8.160000e+01 1.690901e-01 5.655439e-02 6.806320e-02
8.170000e+01 1.690649e-01 5.652593e-02 6.802689e-02
8.180000e+01 1.690397e-01 5.649746e-02 6.799056e-02
8.190000e+01 1.690150e-01 5.646896e-02 6.795425e-02
8.200000e+01 1.689901e-01 5.644045e-02 6.791791e-02
8.210000e+01 1.689650e-01 5.641192e-02 6.788152e-02
8.220000e+01 1.689396e-01 5.638336e-02 6.784508e-02
8.230000e+01 1.689139e-01 5.635479e-02 6.780860e-02
8.240000e+01 1.688882e-01 5.632620e-02 6.777211e-02
8.250000e+01 1.688632e-01 5.629759e-02 6.773564e-02
8.260000e+01 1.688378e-01 5.626895e-02 6.769913e-02
8.270000e+01 1.688122e-01 5.624030e-02 6.766257e-02
8.280000e+01 1.687864e-01 5.621163e-02 6.762598e-02
8.290000e+01 1.687603e-01 5.618295e-02 6.758934e-02
8.300000e+01 1.687344e-01 5.615424e-02 6.755271e-02
8.310000e+01 1.687103e-01 5.612551e-02 6.751619e-02
8.320000e+01 1.686859e-01 5.609677e-02 6.747963e-02
8.330000e+01 1.686613e-01 5.606801e-02 6.744303e-02
8.340000e+01 1.686363e-01 5.603923e-02 6.740640e-02
8.350000e+01 1.686112e-01 5.601043e-02 6.736972e-02
8.360000e+01 1.685859e-01 5.598161e-02 6.733301e-02
8.370000e+01 1.685614e-01 5.595278e-02 6.729634e-02
8.380000e+01 1.685366e-01 5.592393e-02 6.725963e-02
8.390000e+01 1.685115e-01 5.589506e-02 6.722289e-02
8.400000e+01 1.684862e-01 5.586617e-02 6.718610e-02
8.410000e+01 1.684606e-01 5.583727e-02 6.714928e-02
8.420000e+01 1.684348e-01 5.580835e-02 6.711241e-02
8.430000e+01 1.684098e-01 5.577941e-02 6.707560e-02
8.440000e+01 1.683846e-01 5.575046e-02 6.703875e-02
8.450000e+01 1.683591e-01 5.572149e-02 6.700186e-02
8.460000e+01 1.683334e-01 5.569250e-02 6.696493e-02
8.470000e+01 1.683074e-01 5.566350e-02 6.692797e-02
8.480000e+01 1.682812e-01 5.563448e-02 6.689097e-02
8.490000e+01 1.682555e-01 5.560544e-02 6.685400e-02
8.500000e+01 1.682299e-01 5.557639e-02 6.681701e-02
8.510000e+01 1.682041e-01 5.554732e-02 6.677999e-02
8.520000e+01 1.681780e-01 5.551824e-02 6.674293e-02
8.530000e+01 1.681518e-01 5.548914e-02 6.670585e-02
8.540000e+01 1.681265e-01 5.546003e-02 6.666883e-02
8.550000e+01 1.681015e-01 5.543090e-02 6.663181e-02
8.560000e+01 1.680768e-01 5.540176e-02 6.659480e-02
8.570000e+01 1.680519e-01 5.537260e-02 6.655776e-02
8.580000e+01 1.680267e-01 5.534343e-02 6.652069e-02
8.590000e+01 1.680013e-01 5.531425e-02 6.648357e-02
8.600000e+01 1.679757e-01 5.528505e-02 6.644643e-02
8.610000e+01 1.679498e-01 5.525583e-02 6.640925e-02
8.620000e+01 1.679247e-01 5.522660e-02 6.637212e-02
8.630000e+01 1.678994e-01 5.519736e-02 6.633496e-02
8.640000e+01 1.678739e-01 5.516810e-02 6.629777e-02
8.650000e+01 1.678481e-01 5.513883e-02 6.626054e-02
8.660000e+01 1.678220e-01 5.510955e-02 6.622328e-02
8.670000e+01 1.677957e-01 5.508026e-02 6.618598e-02
8.680000e+01 1.677698e-01 5.505095e-02 6.614870e-02
8.690000e+01 1.677441e-01 5.502163e-02 6.611143e-02
8.700000e+01 1.677182e-01 5.499229e-02 6.607412e-02
8.710000e+01 1.676920e-01 5.496294e-02 6.603678e-02
8.720000e+01 1.676656e-01 5.493358e-02 6.599941e-02
8.730000e+01 1.676389e-01 5.490421e-02 6.596201e-02
8.740000e+01 1.676121e-01 5.487483e-02 6.592459e-02
8.750000e+01 1.675860e-01 5.484543e-02 6.588720e-02
8.760000e+01 1.675599e-01 5.481603e-02 6.584982e-02
8.770000e+01 1.675346e-01 5.478661e-02 6.581248e-02
8.780000e+01 1.675091e-01 5.475718e-02 6.577511e-02
8.790000e+01 1.674834e-01 5.472773e-02 6.573771e-02
8.800000e+01 1.674574e-01 5.469828e-02 6.570028e-02
8.810000e+01 1.674317e-01 5.466882e-02 6.566286e-02
8.820000e+01 1.674062e-01 5.463934e-02 6.562545e-02
8.830000e+01 1.673806e-01 5.460985e-02 6.558801e-02
8.840000e+01 1.673547e-01 5.458036e-02 6.555055e-02
8.850000e+01 1.673286e-01 5.455085e-02 6.551306e-02
8.860000e+01 1.673022e-01 5.452133e-02 6.547554e-02
8.870000e+01 1.672757e-01 5.449181e-02 6.543799e-02
8.880000e+01 1.672496e-01 5.446227e-02 6.540047e-02
8.890000e+01 1.672236e-01 5.443272e-02 6.536295e-02
8.900000e+01 1.671974e-01 5.440316e-02 6.532540e-02
8.910000e+01 1.671709e-01 5.437360e-02 6.528782e-02
8.920000e+01 1.671442e-01 5.434402e-02 6.525022e-02
8.930000e+01 1.671173e-01 5.431444e-02 6.521259e-02
8.940000e+01 1.670901e-01 5.428484e-02 6.517493e-02
8.950000e+01 1.670637e-01 5.425524e-02 6.513732e-02
8.960000e+01 1.670371e-01 5.422563e-02 6.509969e-02
8.970000e+01 1.670103e-01 5.419601e-02 6.506204e-02
8.980000e+01 1.669832e-01 5.416638e-02 6.502436e-02
8.990000e+01 1.669564e-01 5.413674e-02 6.498669e-02
9.000000e+01 1.669302e-01 5.410710e-02 6.494906e-02
9.010000e+01 1.669038e-01 5.407745e-02 6.491141e-02
9.020000e+01 1.668781e-01 5.404779e-02 6.487381e-02
9.030000e+01 1.668522e-01 5.401812e-02 6.483618e-02
9.040000e+01 1.668261e-01 5.398844e-02 6.479853e-02
9.050000e+01 1.667997e-01 5.395876e-02 6.476085e-02
9.060000e+01 1.667731e-01 5.392907e-02 6.472315e-02
9.070000e+01 1.667463e-01 5.389937e-02 6.468543e-02
9.080000e+01 1.667194e-01 5.386967e-02 6.464770e-02
9.090000e+01 1.666932e-01 5.383996e-02 6.461001e-02
9.100000e+01 1.666667e-01 5.381025e-02 6.457229e-02
9.110000e+01 1.666399e-01 5.378052e-02 6.453456e-02
9.120000e+01 1.666130e-01 5.375079e-02 6.449680e-02
9.130000e+01 1.665859e-01 5.372106e-02 6.445902e-02
9.140000e+01 1.665585e-01 5.369132e-02 6.442122e-02
9.150000e+01 1.665310e-01 5.366157e-02 6.438341e-02
9.160000e+01 1.665042e-01 5.363182e-02 6.434564e-02
9.170000e+01 1.664771e-01 5.360206e-02 6.430785e-02
9.180000e+01 1.664498e-01 5.357230e-02 6.427004e-02
9.190000e+01 1.664223e-01 5.354253e-02 6.423221e-02
9.200000e+01 1.663946e-01 5.351276e-02 6.419436e-02
9.210000e+01 1.663667e-01 5.348298e-02 6.415649e-02
9.220000e+01 1.663393e-01 5.345320e-02 6.411865e-02
9.230000e+01 1.663131e-01 5.342341e-02 6.408091e-02
9.240000e+01 1.662867e-01 5.339362e-02 6.404315e-02
9.250000e+01 1.662601e-01 5.336383e-02 6.400536e-02
9.260000e+01 1.662332e-01 5.333403e-02 6.396756e-02
9.270000e+01 1.662062e-01 5.330423e-02 6.392975e-02
9.280000e+01 1.661790e-01 5.327442e-02 6.389191e-02
9.290000e+01 1.661515e-01 5.324461e-02 6.385406e-02
9.300000e+01 1.661245e-01 5.321480e-02 6.381623e-02
9.310000e+01 1.660975e-01 5.318498e-02 6.377842e-02
9.320000e+01 1.660703e-01 5.315516e-02 6.374058e-02
9.330000e+01 1.660430e-01 5.312534e-02 6.370273e-02
9.340000e+01 1.660154e-01 5.309551e-02 6.366486e-02
9.350000e+01 1.659876e-01 5.306568e-02 6.362697e-02
9.360000e+01 1.659596e-01 5.303585e-02 6.358907e-02
9.370000e+01 1.659317e-01 5.300602e-02 6.355117e-02
9.380000e+01 1.659042e-01 5.297619e-02 6.351331e-02
9.390000e+01 1.658764e-01 5.294635e-02 6.347543e-02
9.400000e+01 1.658485e-01 5.291651e-02 6.343753e-02
9.410000e+01 1.658204e-01 5.288667e-02 6.339962e-02
9.420000e+01 1.657920e-01 5.285683e-02 6.336169e-02
9.430000e+01 1.657635e-01 5.282698e-02 6.332375e-02
9.440000e+01 1.657347e-01 5.279714e-02 6.328579e-02
9.450000e+01 1.657077e-01 5.276729e-02 6.324797e-02
9.460000e+01 1.656806e-01 5.273745e-02 6.321014e-02
9.470000e+01 1.656533e-01 5.270760e-02 6.317230e-02
9.480000e+01 1.656258e-01 5.267775e-02 6.313444e-02
9.490000e+01 1.655981e-01 5.264790e-02 6.309658e-02
9.500000e+01 1.655702e-01 5.261805e-02 6.305870e-02
9.510000e+01 1.655421e-01 5.258820e-02 6.302080e-02
9.520000e+01 1.655141e-01 5.255836e-02 6.298292e-02
9.530000e+01 1.654865e-01 5.252851e-02 6.294506e-02
9.540000e+01 1.654586e-01 5.249866e-02 6.290720e-02
9.550000e+01 1.654305e-01 5.246881e-02 6.286932e-02
9.560000e+01 1.654023e-01 5.243896e-02 6.283142e-02
9.570000e+01 1.653738e-01 5.240912e-02 6.279352e-02
9.580000e+01 1.653452e-01 5.237927e-02 6.275561e-02
9.590000e+01 1.653163e-01 5.234943e-02 6.271768e-02
9.600000e+01 1.652878e-01 5.231958e-02 6.267979e-02
9.610000e+01 1.652594e-01 5.228974e-02 6.264190e-02
9.620000e+01 1.652308e-01 5.225990e-02 6.260401e-02
9.630000e+01 1.652020e-01 5.223006e-02 6.256610e-02
9.640000e+01 1.651730e-01 5.220022e-02 6.252819e-02
9.650000e+01 1.651438e-01 5.217039e-02 6.249026e-02
9.660000e+01 1.651143e-01 5.214055e-02 6.245233e-02
9.670000e+01 1.650851e-01 5.211072e-02 6.241441e-02
9.680000e+01 1.650572e-01 5.208089e-02 6.237660e-02
9.690000e+01 1.650292e-01 5.205106e-02 6.233878e-02
9.700000e+01 1.650010e-01 5.202124e-02 6.230096e-02
9.710000e+01 1.649726e-01 5.199142e-02 6.226312e-02
9.720000e+01 1.649440e-01 5.196160e-02 6.222528e-02
9.730000e+01 1.649152e-01 5.193178e-02 6.218743e-02
9.740000e+01 1.648862e-01 5.190197e-02 6.214957e-02
9.750000e+01 1.648570e-01 5.187216e-02 6.211170e-02
9.760000e+01 1.648284e-01 5.184235e-02 6.207389e-02
9.770000e+01 1.647996e-01 5.181255e-02 6.203607e-02
9.780000e+01 1.647706e-01 5.178275e-02 6.199824e-02
9.790000e+01 1.647414e-01 5.175295e-02 6.196040e-02
9.800000e+01 1.647121e-01 5.172316e-02 6.192255e-02
9.810000e+01 1.646825e-01 5.169337e-02 6.188470e-02
9.820000e+01 1.646528e-01 5.166359e-02 6.184684e-02
9.830000e+01 1.646228e-01 5.163381e-02 6.180898e-02
9.840000e+01 1.645935e-01 5.160404e-02 6.177117e-02
9.850000e+01 1.645639e-01 5.157427e-02 6.173335e-02
9.860000e+01 1.645342e-01 5.154450e-02 6.169552e-02
9.870000e+01 1.645043e-01 5.151474e-02 6.165769e-02
9.880000e+01 1.644742e-01 5.148498e-02 6.161986e-02
9.890000e+01 1.644439e-01 5.145523e-02 6.158202e-02
9.900000e+01 1.644143e-01 5.142549e-02 6.154424e-02
9.910000e+01 1.643848e-01 5.139575e-02 6.150647e-02
9.920000e+01 1.643557e-01 5.136601e-02 6.146875e-02
9.930000e+01 1.643266e-01 5.133628e-02 6.143103e-02
9.940000e+01 1.642972e-01 5.130656e-02 6.139331e-02
9.950000e+01 1.642677e-01 5.127684e-02 6.135558e-02
9.960000e+01 1.642380e-01 5.124713e-02 6.131785e-02
9.970000e+01 1.642081e-01 5.121742e-02 6.128011e-02
9.980000e+01 1.641780e-01 5.118772e-02 6.124237e-02
9.990000e+01 1.641477e-01 5.115803e-02 6.120463e-02
1.000000e+02 1.641176e-01 5.112834e-02 6.116691e-02
