# # chi(t) for Pe = 150, beta = 0.1, bridge_width = 1.0
# # Columns: time, chi, I_T (signed), I_|T| (unsigned)
0.000000e+00 0.000000e+00 7.671023e-02 7.671023e-02
1.000000e-01 8.100000e-06 7.988025e-02 7.988089e-02
2.000000e-01 0.000000e+00 8.004485e-02 8.004485e-02
3.000000e-01 0.000000e+00 8.004246e-02 8.004246e-02
4.000000e-01 0.000000e+00 8.005043e-02 8.005043e-02
5.000000e-01 0.000000e+00 8.005910e-02 8.005910e-02
6.000000e-01 1.600000e-06 8.006943e-02 8.006956e-02
7.000000e-01 1.090000e-05 8.008013e-02 8.008101e-02
8.000000e-01 2.860000e-05 8.009132e-02 8.009361e-02
9.000000e-01 4.350000e-05 8.010279e-02 8.010627e-02
1.000000e+00 4.750000e-05 8.011417e-02 8.011798e-02
1.100000e+00 4.120000e-05 8.012511e-02 8.012841e-02
1.200000e+00 2.890000e-05 8.013534e-02 8.013766e-02
1.300000e+00 1.560000e-05 8.014471e-02 8.014597e-02
1.400000e+00 5.200000e-06 8.015318e-02 8.015360e-02
1.500000e+00 2.000000e-07 8.016074e-02 8.016075e-02
1.600000e+00 0.000000e+00 8.016742e-02 8.016742e-02
1.700000e+00 0.000000e+00 8.017326e-02 8.017326e-02
1.800000e+00 0.000000e+00 8.017830e-02 8.017830e-02
1.900000e+00 0.000000e+00 8.018258e-02 8.018258e-02
2.000000e+00 0.000000e+00 8.018611e-02 8.018611e-02
2.100000e+00 0.000000e+00 8.018892e-02 8.018892e-02
2.200000e+00 0.000000e+00 8.019101e-02 8.019101e-02
2.300000e+00 0.000000e+00 8.019236e-02 8.019236e-02
2.400000e+00 0.000000e+00 8.019299e-02 8.019299e-02
2.500000e+00 0.000000e+00 8.019286e-02 8.019286e-02
2.600000e+00 0.000000e+00 8.019197e-02 8.019197e-02
2.700000e+00 0.000000e+00 8.019029e-02 8.019029e-02
2.800000e+00 0.000000e+00 8.018780e-02 8.018780e-02
2.900000e+00 0.000000e+00 8.018447e-02 8.018447e-02
3.000000e+00 0.000000e+00 8.018029e-02 8.018029e-02
3.100000e+00 0.000000e+00 8.017522e-02 8.017522e-02
3.200000e+00 0.000000e+00 8.016923e-02 8.016923e-02
3.300000e+00 0.000000e+00 8.016232e-02 8.016232e-02
3.400000e+00 0.000000e+00 8.015444e-02 8.015444e-02
3.500000e+00 0.000000e+00 8.014557e-02 8.014557e-02
3.600000e+00 0.000000e+00 8.013569e-02 8.013569e-02
3.700000e+00 0.000000e+00 8.012478e-02 8.012478e-02
3.800000e+00 0.000000e+00 8.011282e-02 8.011282e-02
3.900000e+00 0.000000e+00 8.009978e-02 8.009978e-02
4.000000e+00 0.000000e+00 8.008565e-02 8.008565e-02
4.100000e+00 0.000000e+00 8.007040e-02 8.007040e-02
4.200000e+00 0.000000e+00 8.005403e-02 8.005403e-02
4.300000e+00 0.000000e+00 8.003651e-02 8.003651e-02
4.400000e+00 0.000000e+00 8.001783e-02 8.001783e-02
4.500000e+00 0.000000e+00 7.999798e-02 7.999798e-02
4.600000e+00 0.000000e+00 7.997695e-02 7.997695e-02
4.700000e+00 0.000000e+00 7.995472e-02 7.995472e-02
4.800000e+00 0.000000e+00 7.993128e-02 7.993128e-02
4.900000e+00 0.000000e+00 7.990664e-02 7.990664e-02
5.000000e+00 0.000000e+00 7.988077e-02 7.988077e-02
5.100000e+00 0.000000e+00 7.985369e-02 7.985369e-02
5.200000e+00 0.000000e+00 7.982537e-02 7.982537e-02
5.300000e+00 0.000000e+00 7.979583e-02 7.979583e-02
5.400000e+00 0.000000e+00 7.976506e-02 7.976506e-02
5.500000e+00 0.000000e+00 7.973306e-02 7.973306e-02
5.600000e+00 0.000000e+00 7.969983e-02 7.969983e-02
5.700000e+00 0.000000e+00 7.966538e-02 7.966538e-02
5.800000e+00 0.000000e+00 7.962970e-02 7.962970e-02
5.900000e+00 0.000000e+00 7.959281e-02 7.959281e-02
6.000000e+00 0.000000e+00 7.955471e-02 7.955471e-02
6.100000e+00 0.000000e+00 7.951541e-02 7.951541e-02
6.200000e+00 0.000000e+00 7.947491e-02 7.947491e-02
6.300000e+00 0.000000e+00 7.943324e-02 7.943324e-02
6.400000e+00 0.000000e+00 7.939039e-02 7.939039e-02
6.500000e+00 0.000000e+00 7.934638e-02 7.934638e-02
6.600000e+00 0.000000e+00 7.930122e-02 7.930122e-02
6.700000e+00 0.000000e+00 7.925492e-02 7.925492e-02
6.800000e+00 0.000000e+00 7.920751e-02 7.920751e-02
6.900000e+00 0.000000e+00 7.915898e-02 7.915898e-02
7.000000e+00 0.000000e+00 7.910937e-02 7.910937e-02
7.100000e+00 0.000000e+00 7.905867e-02 7.905867e-02
7.200000e+00 0.000000e+00 7.900692e-02 7.900692e-02
7.300000e+00 0.000000e+00 7.895412e-02 7.895412e-02
7.400000e+00 0.000000e+00 7.890029e-02 7.890029e-02
7.500000e+00 0.000000e+00 7.884546e-02 7.884546e-02
7.600000e+00 0.000000e+00 7.878963e-02 7.878963e-02
7.700000e+00 0.000000e+00 7.873283e-02 7.873283e-02
7.800000e+00 0.000000e+00 7.867507e-02 7.867507e-02
7.900000e+00 0.000000e+00 7.861637e-02 7.861637e-02
8.000000e+00 0.000000e+00 7.855676e-02 7.855676e-02
8.100000e+00 0.000000e+00 7.849624e-02 7.849624e-02
8.200000e+00 0.000000e+00 7.843485e-02 7.843485e-02
8.300000e+00 0.000000e+00 7.837259e-02 7.837259e-02
8.400000e+00 0.000000e+00 7.830949e-02 7.830949e-02
8.500000e+00 0.000000e+00 7.824557e-02 7.824557e-02
8.600000e+00 0.000000e+00 7.818084e-02 7.818084e-02
8.700000e+00 0.000000e+00 7.811532e-02 7.811532e-02
8.800000e+00 0.000000e+00 7.804905e-02 7.804905e-02
8.900000e+00 0.000000e+00 7.798202e-02 7.798202e-02
9.000000e+00 0.000000e+00 7.791427e-02 7.791427e-02
9.100000e+00 0.000000e+00 7.784581e-02 7.784581e-02
9.200000e+00 0.000000e+00 7.777666e-02 7.777666e-02
9.300000e+00 0.000000e+00 7.770683e-02 7.770683e-02
9.400000e+00 0.000000e+00 7.763636e-02 7.763636e-02
9.500000e+00 0.000000e+00 7.756525e-02 7.756525e-02
9.600000e+00 0.000000e+00 7.749352e-02 7.749352e-02
9.700000e+00 0.000000e+00 7.742120e-02 7.742120e-02
9.800000e+00 0.000000e+00 7.734829e-02 7.734829e-02
9.900000e+00 0.000000e+00 7.727482e-02 7.727482e-02
1.000000e+01 0.000000e+00 7.720080e-02 7.720080e-02
1.010000e+01 0.000000e+00 7.712626e-02 7.712626e-02
1.020000e+01 0.000000e+00 7.705120e-02 7.705120e-02
1.030000e+01 0.000000e+00 7.697565e-02 7.697565e-02
1.040000e+01 0.000000e+00 7.689961e-02 7.689961e-02
1.050000e+01 0.000000e+00 7.682312e-02 7.682312e-02
1.060000e+01 0.000000e+00 7.674617e-02 7.674617e-02
1.070000e+01 0.000000e+00 7.666880e-02 7.666880e-02
1.080000e+01 0.000000e+00 7.659100e-02 7.659100e-02
1.090000e+01 0.000000e+00 7.651280e-02 7.651280e-02
1.100000e+01 0.000000e+00 7.643422e-02 7.643422e-02
1.110000e+01 0.000000e+00 7.635526e-02 7.635526e-02
1.120000e+01 0.000000e+00 7.627594e-02 7.627594e-02
1.130000e+01 0.000000e+00 7.619628e-02 7.619628e-02
1.140000e+01 0.000000e+00 7.611628e-02 7.611628e-02
1.150000e+01 0.000000e+00 7.603596e-02 7.603596e-02
1.160000e+01 0.000000e+00 7.595534e-02 7.595534e-02
1.170000e+01 0.000000e+00 7.587442e-02 7.587442e-02
1.180000e+01 0.000000e+00 7.579322e-02 7.579322e-02
1.190000e+01 0.000000e+00 7.571175e-02 7.571175e-02
1.200000e+01 0.000000e+00 7.563003e-02 7.563003e-02
1.210000e+01 0.000000e+00 7.554806e-02 7.554806e-02
1.220000e+01 0.000000e+00 7.546586e-02 7.546586e-02
1.230000e+01 0.000000e+00 7.538344e-02 7.538344e-02
1.240000e+01 0.000000e+00 7.530081e-02 7.530081e-02
1.250000e+01 0.000000e+00 7.521798e-02 7.521798e-02
1.260000e+01 0.000000e+00 7.513496e-02 7.513496e-02
1.270000e+01 0.000000e+00 7.505176e-02 7.505176e-02
1.280000e+01 0.000000e+00 7.496839e-02 7.496839e-02
1.290000e+01 0.000000e+00 7.488486e-02 7.488486e-02
1.300000e+01 0.000000e+00 7.480118e-02 7.480118e-02
1.310000e+01 0.000000e+00 7.471736e-02 7.471736e-02
1.320000e+01 0.000000e+00 7.463341e-02 7.463341e-02
1.330000e+01 0.000000e+00 7.454933e-02 7.454933e-02
1.340000e+01 0.000000e+00 7.446514e-02 7.446514e-02
1.350000e+01 0.000000e+00 7.438084e-02 7.438084e-02
1.360000e+01 0.000000e+00 7.429644e-02 7.429644e-02
1.370000e+01 0.000000e+00 7.421195e-02 7.421195e-02
1.380000e+01 0.000000e+00 7.412738e-02 7.412738e-02
1.390000e+01 0.000000e+00 7.404273e-02 7.404273e-02
1.400000e+01 0.000000e+00 7.395801e-02 7.395801e-02
1.410000e+01 0.000000e+00 7.387323e-02 7.387323e-02
1.420000e+01 0.000000e+00 7.378839e-02 7.378839e-02
1.430000e+01 0.000000e+00 7.370351e-02 7.370351e-02
1.440000e+01 0.000000e+00 7.361858e-02 7.361858e-02
1.450000e+01 0.000000e+00 7.353362e-02 7.353362e-02
1.460000e+01 0.000000e+00 7.344863e-02 7.344863e-02
1.470000e+01 0.000000e+00 7.336361e-02 7.336361e-02
1.480000e+01 0.000000e+00 7.327858e-02 7.327858e-02
1.490000e+01 0.000000e+00 7.319354e-02 7.319354e-02
1.500000e+01 0.000000e+00 7.310849e-02 7.310849e-02
1.510000e+01 0.000000e+00 7.302344e-02 7.302344e-02
1.520000e+01 0.000000e+00 7.293840e-02 7.293840e-02
1.530000e+01 0.000000e+00 7.285337e-02 7.285337e-02
1.540000e+01 0.000000e+00 7.276835e-02 7.276835e-02
1.550000e+01 0.000000e+00 7.268335e-02 7.268335e-02
1.560000e+01 0.000000e+00 7.259838e-02 7.259838e-02
1.570000e+01 0.000000e+00 7.251344e-02 7.251344e-02
1.580000e+01 0.000000e+00 7.242853e-02 7.242853e-02
1.590000e+01 0.000000e+00 7.234365e-02 7.234365e-02
1.600000e+01 0.000000e+00 7.225882e-02 7.225882e-02
1.610000e+01 0.000000e+00 7.217404e-02 7.217404e-02
1.620000e+01 0.000000e+00 7.208931e-02 7.208931e-02
1.630000e+01 0.000000e+00 7.200463e-02 7.200463e-02
1.640000e+01 0.000000e+00 7.192001e-02 7.192001e-02
1.650000e+01 0.000000e+00 7.183545e-02 7.183545e-02
1.660000e+01 0.000000e+00 7.175095e-02 7.175095e-02
1.670000e+01 0.000000e+00 7.166652e-02 7.166652e-02
1.680000e+01 0.000000e+00 7.158217e-02 7.158217e-02
1.690000e+01 0.000000e+00 7.149789e-02 7.149789e-02
1.700000e+01 0.000000e+00 7.141368e-02 7.141368e-02
1.710000e+01 0.000000e+00 7.132956e-02 7.132956e-02
1.720000e+01 0.000000e+00 7.124552e-02 7.124552e-02
1.730000e+01 0.000000e+00 7.116156e-02 7.116156e-02
1.740000e+01 0.000000e+00 7.107770e-02 7.107770e-02
1.750000e+01 0.000000e+00 7.099392e-02 7.099392e-02
1.760000e+01 0.000000e+00 7.091024e-02 7.091024e-02
1.770000e+01 0.000000e+00 7.082665e-02 7.082665e-02
1.780000e+01 0.000000e+00 7.074316e-02 7.074316e-02
1.790000e+01 0.000000e+00 7.065977e-02 7.065977e-02
1.800000e+01 0.000000e+00 7.057648e-02 7.057648e-02
1.810000e+01 0.000000e+00 7.049329e-02 7.049329e-02
1.820000e+01 0.000000e+00 7.041021e-02 7.041021e-02
1.830000e+01 0.000000e+00 7.032725e-02 7.032725e-02
1.840000e+01 0.000000e+00 7.024439e-02 7.024439e-02
1.850000e+01 0.000000e+00 7.016164e-02 7.016164e-02
1.860000e+01 0.000000e+00 7.007901e-02 7.007901e-02
1.870000e+01 0.000000e+00 6.999650e-02 6.999650e-02
1.880000e+01 0.000000e+00 6.991410e-02 6.991410e-02
1.890000e+01 0.000000e+00 6.983182e-02 6.983182e-02
1.900000e+01 0.000000e+00 6.974967e-02 6.974967e-02
1.910000e+01 0.000000e+00 6.966763e-02 6.966763e-02
1.920000e+01 0.000000e+00 6.958572e-02 6.958572e-02
1.930000e+01 0.000000e+00 6.950394e-02 6.950394e-02
1.940000e+01 0.000000e+00 6.942228e-02 6.942228e-02
1.950000e+01 0.000000e+00 6.934075e-02 6.934075e-02
1.960000e+01 0.000000e+00 6.925934e-02 6.925934e-02
1.970000e+01 0.000000e+00 6.917807e-02 6.917807e-02
1.980000e+01 0.000000e+00 6.909693e-02 6.909693e-02
1.990000e+01 0.000000e+00 6.901592e-02 6.901592e-02
2.000000e+01 0.000000e+00 6.893504e-02 6.893504e-02
2.010000e+01 0.000000e+00 6.885429e-02 6.885429e-02
2.020000e+01 0.000000e+00 6.877368e-02 6.877368e-02
2.030000e+01 0.000000e+00 6.869320e-02 6.869320e-02
2.040000e+01 0.000000e+00 6.861286e-02 6.861286e-02
2.050000e+01 0.000000e+00 6.853265e-02 6.853265e-02
2.060000e+01 0.000000e+00 6.845258e-02 6.845258e-02
2.070000e+01 0.000000e+00 6.837265e-02 6.837265e-02
2.080000e+01 0.000000e+00 6.829286e-02 6.829286e-02
2.090000e+01 0.000000e+00 6.821320e-02 6.821320e-02
2.100000e+01 0.000000e+00 6.813368e-02 6.813368e-02
2.110000e+01 0.000000e+00 6.805431e-02 6.805431e-02
2.120000e+01 0.000000e+00 6.797507e-02 6.797507e-02
2.130000e+01 0.000000e+00 6.789598e-02 6.789598e-02
2.140000e+01 0.000000e+00 6.781702e-02 6.781702e-02
2.150000e+01 0.000000e+00 6.773821e-02 6.773821e-02
2.160000e+01 0.000000e+00 6.765954e-02 6.765954e-02
2.170000e+01 0.000000e+00 6.758102e-02 6.758102e-02
2.180000e+01 0.000000e+00 6.750264e-02 6.750264e-02
2.190000e+01 0.000000e+00 6.742440e-02 6.742440e-02
2.200000e+01 0.000000e+00 6.734631e-02 6.734631e-02
2.210000e+01 0.000000e+00 6.726836e-02 6.726836e-02
2.220000e+01 0.000000e+00 6.719056e-02 6.719056e-02
2.230000e+01 0.000000e+00 6.711291e-02 6.711291e-02
2.240000e+01 0.000000e+00 6.703539e-02 6.703539e-02
2.250000e+01 0.000000e+00 6.695803e-02 6.695803e-02
2.260000e+01 0.000000e+00 6.688081e-02 6.688081e-02
2.270000e+01 0.000000e+00 6.680373e-02 6.680373e-02
2.280000e+01 0.000000e+00 6.672681e-02 6.672681e-02
2.290000e+01 0.000000e+00 6.665003e-02 6.665003e-02
2.300000e+01 0.000000e+00 6.657339e-02 6.657339e-02
2.310000e+01 0.000000e+00 6.649691e-02 6.649691e-02
2.320000e+01 0.000000e+00 6.642057e-02 6.642057e-02
2.330000e+01 0.000000e+00 6.634437e-02 6.634437e-02
2.340000e+01 0.000000e+00 6.626833e-02 6.626833e-02
2.350000e+01 0.000000e+00 6.619243e-02 6.619243e-02
2.360000e+01 0.000000e+00 6.611668e-02 6.611668e-02
2.370000e+01 0.000000e+00 6.604108e-02 6.604108e-02
2.380000e+01 0.000000e+00 6.596562e-02 6.596562e-02
2.390000e+01 0.000000e+00 6.589032e-02 6.589032e-02
2.400000e+01 0.000000e+00 6.581516e-02 6.581516e-02
2.410000e+01 0.000000e+00 6.574014e-02 6.574014e-02
2.420000e+01 0.000000e+00 6.566528e-02 6.566528e-02
2.430000e+01 0.000000e+00 6.559056e-02 6.559056e-02
2.440000e+01 0.000000e+00 6.551599e-02 6.551599e-02
2.450000e+01 0.000000e+00 6.544156e-02 6.544156e-02
2.460000e+01 0.000000e+00 6.536728e-02 6.536728e-02
2.470000e+01 0.000000e+00 6.529315e-02 6.529315e-02
2.480000e+01 0.000000e+00 6.521916e-02 6.521916e-02
2.490000e+01 0.000000e+00 6.514532e-02 6.514532e-02
2.500000e+01 0.000000e+00 6.507163e-02 6.507163e-02
2.510000e+01 0.000000e+00 6.499808e-02 6.499808e-02
2.520000e+01 0.000000e+00 6.492468e-02 6.492468e-02
2.530000e+01 0.000000e+00 6.485143e-02 6.485143e-02
2.540000e+01 0.000000e+00 6.477832e-02 6.477832e-02
2.550000e+01 0.000000e+00 6.470535e-02 6.470535e-02
2.560000e+01 0.000000e+00 6.463254e-02 6.463254e-02
2.570000e+01 0.000000e+00 6.455987e-02 6.455987e-02
2.580000e+01 0.000000e+00 6.448734e-02 6.448734e-02
2.590000e+01 0.000000e+00 6.441496e-02 6.441496e-02
2.600000e+01 0.000000e+00 6.434273e-02 6.434273e-02
2.610000e+01 0.000000e+00 6.427064e-02 6.427064e-02
2.620000e+01 0.000000e+00 6.419870e-02 6.419870e-02
2.630000e+01 0.000000e+00 6.412690e-02 6.412690e-02
2.640000e+01 0.000000e+00 6.405524e-02 6.405524e-02
2.650000e+01 0.000000e+00 6.398373e-02 6.398373e-02
2.660000e+01 0.000000e+00 6.391236e-02 6.391236e-02
2.670000e+01 0.000000e+00 6.384114e-02 6.384114e-02
2.680000e+01 0.000000e+00 6.377006e-02 6.377006e-02
2.690000e+01 0.000000e+00 6.369912e-02 6.369912e-02
2.700000e+01 0.000000e+00 6.362832e-02 6.362832e-02
2.710000e+01 0.000000e+00 6.355767e-02 6.355767e-02
2.720000e+01 0.000000e+00 6.348715e-02 6.348715e-02
2.730000e+01 0.000000e+00 6.341678e-02 6.341678e-02
2.740000e+01 0.000000e+00 6.334655e-02 6.334655e-02
2.750000e+01 0.000000e+00 6.327646e-02 6.327646e-02
2.760000e+01 0.000000e+00 6.320651e-02 6.320651e-02
2.770000e+01 0.000000e+00 6.313671e-02 6.313671e-02
2.780000e+01 0.000000e+00 6.306704e-02 6.306704e-02
2.790000e+01 0.000000e+00 6.299751e-02 6.299751e-02
2.800000e+01 0.000000e+00 6.292811e-02 6.292811e-02
2.810000e+01 0.000000e+00 6.285886e-02 6.285886e-02
2.820000e+01 0.000000e+00 6.278975e-02 6.278975e-02
2.830000e+01 0.000000e+00 6.272077e-02 6.272077e-02
2.840000e+01 0.000000e+00 6.265193e-02 6.265193e-02
2.850000e+01 0.000000e+00 6.258323e-02 6.258323e-02
2.860000e+01 0.000000e+00 6.251467e-02 6.251467e-02
2.870000e+01 0.000000e+00 6.244624e-02 6.244624e-02
2.880000e+01 0.000000e+00 6.237795e-02 6.237795e-02
2.890000e+01 0.000000e+00 6.230980e-02 6.230980e-02
2.900000e+01 0.000000e+00 6.224179e-02 6.224179e-02
2.910000e+01 0.000000e+00 6.217391e-02 6.217391e-02
2.920000e+01 0.000000e+00 6.210616e-02 6.210616e-02
2.930000e+01 0.000000e+00 6.203855e-02 6.203855e-02
2.940000e+01 0.000000e+00 6.197108e-02 6.197108e-02
2.950000e+01 0.000000e+00 6.190374e-02 6.190374e-02
2.960000e+01 0.000000e+00 6.183653e-02 6.183653e-02
2.970000e+01 0.000000e+00 6.176946e-02 6.176946e-02
2.980000e+01 0.000000e+00 6.170252e-02 6.170252e-02
2.990000e+01 0.000000e+00 6.163572e-02 6.163572e-02
3.000000e+01 0.000000e+00 6.156905e-02 6.156905e-02
3.010000e+01 0.000000e+00 6.150251e-02 6.150251e-02
3.020000e+01 0.000000e+00 6.143610e-02 6.143610e-02
3.030000e+01 0.000000e+00 6.136983e-02 6.136983e-02
3.040000e+01 0.000000e+00 6.130369e-02 6.130369e-02
3.050000e+01 0.000000e+00 6.123768e-02 6.123768e-02
3.060000e+01 0.000000e+00 6.117180e-02 6.117180e-02
3.070000e+01 0.000000e+00 6.110605e-02 6.110605e-02
3.080000e+01 0.000000e+00 6.104044e-02 6.104044e-02
3.090000e+01 0.000000e+00 6.097495e-02 6.097495e-02
3.100000e+01 0.000000e+00 6.090960e-02 6.090960e-02
3.110000e+01 0.000000e+00 6.084437e-02 6.084437e-02
3.120000e+01 0.000000e+00 6.077928e-02 6.077928e-02
3.130000e+01 0.000000e+00 6.071431e-02 6.071431e-02
3.140000e+01 0.000000e+00 6.064947e-02 6.064947e-02
3.150000e+01 0.000000e+00 6.058476e-02 6.058476e-02
3.160000e+01 0.000000e+00 6.052018e-02 6.052018e-02
3.170000e+01 0.000000e+00 6.045573e-02 6.045573e-02
3.180000e+01 0.000000e+00 6.039140e-02 6.039140e-02
3.190000e+01 0.000000e+00 6.032721e-02 6.032721e-02
3.200000e+01 0.000000e+00 6.026313e-02 6.026313e-02
3.210000e+01 0.000000e+00 6.019919e-02 6.019919e-02
3.220000e+01 0.000000e+00 6.013537e-02 6.013537e-02
3.230000e+01 0.000000e+00 6.007167e-02 6.007167e-02
3.240000e+01 0.000000e+00 6.000811e-02 6.000811e-02
3.250000e+01 0.000000e+00 5.994466e-02 5.994466e-02
3.260000e+01 0.000000e+00 5.988134e-02 5.988134e-02
3.270000e+01 0.000000e+00 5.981815e-02 5.981815e-02
3.280000e+01 0.000000e+00 5.975508e-02 5.975508e-02
3.290000e+01 0.000000e+00 5.969213e-02 5.969213e-02
3.300000e+01 0.000000e+00 5.962931e-02 5.962931e-02
3.310000e+01 0.000000e+00 5.956661e-02 5.956661e-02
3.320000e+01 0.000000e+00 5.950404e-02 5.950404e-02
3.330000e+01 0.000000e+00 5.944159e-02 5.944159e-02
3.340000e+01 0.000000e+00 5.937926e-02 5.937926e-02
3.350000e+01 0.000000e+00 5.931705e-02 5.931705e-02
3.360000e+01 0.000000e+00 5.925497e-02 5.925497e-02
3.370000e+01 0.000000e+00 5.919300e-02 5.919300e-02
3.380000e+01 0.000000e+00 5.913116e-02 5.913116e-02
3.390000e+01 0.000000e+00 5.906944e-02 5.906944e-02
3.400000e+01 0.000000e+00 5.900785e-02 5.900785e-02
3.410000e+01 0.000000e+00 5.894637e-02 5.894637e-02
3.420000e+01 0.000000e+00 5.888501e-02 5.888501e-02
3.430000e+01 0.000000e+00 5.882377e-02 5.882377e-02
3.440000e+01 0.000000e+00 5.876265e-02 5.876265e-02
3.450000e+01 0.000000e+00 5.870165e-02 5.870165e-02
3.460000e+01 0.000000e+00 5.864077e-02 5.864077e-02
3.470000e+01 0.000000e+00 5.858001e-02 5.858001e-02
3.480000e+01 0.000000e+00 5.851937e-02 5.851937e-02
3.490000e+01 0.000000e+00 5.845885e-02 5.845885e-02
3.500000e+01 0.000000e+00 5.839844e-02 5.839844e-02
3.510000e+01 0.000000e+00 5.833815e-02 5.833815e-02
3.520000e+01 0.000000e+00 5.827797e-02 5.827797e-02
3.530000e+01 0.000000e+00 5.821792e-02 5.821792e-02
3.540000e+01 0.000000e+00 5.815798e-02 5.815798e-02
3.550000e+01 0.000000e+00 5.809815e-02 5.809815e-02
3.560000e+01 0.000000e+00 5.803844e-02 5.803844e-02
3.570000e+01 0.000000e+00 5.797885e-02 5.797885e-02
3.580000e+01 0.000000e+00 5.791937e-02 5.791937e-02
3.590000e+01 0.000000e+00 5.786000e-02 5.786000e-02
3.600000e+01 0.000000e+00 5.780075e-02 5.780075e-02
3.610000e+01 0.000000e+00 5.774162e-02 5.774162e-02
3.620000e+01 0.000000e+00 5.768259e-02 5.768259e-02
3.630000e+01 0.000000e+00 5.762368e-02 5.762368e-02
3.640000e+01 0.000000e+00 5.756489e-02 5.756489e-02
3.650000e+01 0.000000e+00 5.750620e-02 5.750620e-02
3.660000e+01 0.000000e+00 5.744763e-02 5.744763e-02
3.670000e+01 0.000000e+00 5.738917e-02 5.738917e-02
3.680000e+01 0.000000e+00 5.733082e-02 5.733082e-02
3.690000e+01 0.000000e+00 5.727259e-02 5.727259e-02
3.700000e+01 0.000000e+00 5.721446e-02 5.721446e-02
3.710000e+01 0.000000e+00 5.715645e-02 5.715645e-02
3.720000e+01 0.000000e+00 5.709855e-02 5.709855e-02
3.730000e+01 0.000000e+00 5.704076e-02 5.704076e-02
3.740000e+01 0.000000e+00 5.698308e-02 5.698308e-02
3.750000e+01 0.000000e+00 5.692552e-02 5.692552e-02
3.760000e+01 0.000000e+00 5.686806e-02 5.686806e-02
3.770000e+01 0.000000e+00 5.681071e-02 5.681071e-02
3.780000e+01 0.000000e+00 5.675347e-02 5.675347e-02
3.790000e+01 0.000000e+00 5.669634e-02 5.669634e-02
3.800000e+01 0.000000e+00 5.663932e-02 5.663932e-02
3.810000e+01 0.000000e+00 5.658241e-02 5.658241e-02
3.820000e+01 0.000000e+00 5.652561e-02 5.652561e-02
3.830000e+01 0.000000e+00 5.646891e-02 5.646891e-02
3.840000e+01 0.000000e+00 5.641232e-02 5.641232e-02
3.850000e+01 0.000000e+00 5.635584e-02 5.635584e-02
3.860000e+01 0.000000e+00 5.629947e-02 5.629947e-02
3.870000e+01 0.000000e+00 5.624321e-02 5.624321e-02
3.880000e+01 0.000000e+00 5.618705e-02 5.618705e-02
3.890000e+01 0.000000e+00 5.613100e-02 5.613100e-02
3.900000e+01 0.000000e+00 5.607505e-02 5.607505e-02
3.910000e+01 0.000000e+00 5.601922e-02 5.601922e-02
3.920000e+01 0.000000e+00 5.596348e-02 5.596348e-02
3.930000e+01 0.000000e+00 5.590786e-02 5.590786e-02
3.940000e+01 0.000000e+00 5.585234e-02 5.585234e-02
3.950000e+01 0.000000e+00 5.579692e-02 5.579692e-02
3.960000e+01 0.000000e+00 5.574161e-02 5.574161e-02
3.970000e+01 0.000000e+00 5.568641e-02 5.568641e-02
3.980000e+01 0.000000e+00 5.563131e-02 5.563131e-02
3.990000e+01 0.000000e+00 5.557631e-02 5.557631e-02
4.000000e+01 0.000000e+00 5.552142e-02 5.552142e-02
4.010000e+01 0.000000e+00 5.546663e-02 5.546663e-02
4.020000e+01 0.000000e+00 5.541194e-02 5.541194e-02
4.030000e+01 0.000000e+00 5.535736e-02 5.535736e-02
4.040000e+01 0.000000e+00 5.530288e-02 5.530288e-02
4.050000e+01 0.000000e+00 5.524850e-02 5.524850e-02
4.060000e+01 0.000000e+00 5.519423e-02 5.519423e-02
4.070000e+01 0.000000e+00 5.514006e-02 5.514006e-02
4.080000e+01 0.000000e+00 5.508599e-02 5.508599e-02
4.090000e+01 0.000000e+00 5.503202e-02 5.503202e-02
4.100000e+01 0.000000e+00 5.497815e-02 5.497815e-02
4.110000e+01 0.000000e+00 5.492439e-02 5.492439e-02
4.120000e+01 0.000000e+00 5.487072e-02 5.487072e-02
4.130000e+01 0.000000e+00 5.481716e-02 5.481716e-02
4.140000e+01 0.000000e+00 5.476370e-02 5.476370e-02
4.150000e+01 0.000000e+00 5.471033e-02 5.471033e-02
4.160000e+01 0.000000e+00 5.465707e-02 5.465707e-02
4.170000e+01 0.000000e+00 5.460391e-02 5.460391e-02
4.180000e+01 0.000000e+00 5.455085e-02 5.455085e-02
4.190000e+01 0.000000e+00 5.449788e-02 5.449788e-02
4.200000e+01 0.000000e+00 5.444502e-02 5.444502e-02
4.210000e+01 0.000000e+00 5.439226e-02 5.439226e-02
4.220000e+01 0.000000e+00 5.433959e-02 5.433959e-02
4.230000e+01 0.000000e+00 5.428703e-02 5.428703e-02
4.240000e+01 0.000000e+00 5.423456e-02 5.423456e-02
4.250000e+01 0.000000e+00 5.418219e-02 5.418219e-02
4.260000e+01 0.000000e+00 5.412992e-02 5.412992e-02
4.270000e+01 0.000000e+00 5.407775e-02 5.407775e-02
4.280000e+01 0.000000e+00 5.402567e-02 5.402567e-02
4.290000e+01 0.000000e+00 5.397370e-02 5.397370e-02
4.300000e+01 0.000000e+00 5.392182e-02 5.392182e-02
4.310000e+01 0.000000e+00 5.387003e-02 5.387003e-02
4.320000e+01 0.000000e+00 5.381835e-02 5.381835e-02
4.330000e+01 0.000000e+00 5.376676e-02 5.376676e-02
4.340000e+01 0.000000e+00 5.371526e-02 5.371526e-02
4.350000e+01 0.000000e+00 5.366387e-02 5.366387e-02
4.360000e+01 0.000000e+00 5.361257e-02 5.361257e-02
4.370000e+01 0.000000e+00 5.356136e-02 5.356136e-02
4.380000e+01 0.000000e+00 5.351025e-02 5.351025e-02
4.390000e+01 0.000000e+00 5.345924e-02 5.345924e-02
4.400000e+01 0.000000e+00 5.340832e-02 5.340832e-02
4.410000e+01 0.000000e+00 5.335749e-02 5.335749e-02
4.420000e+01 0.000000e+00 5.330676e-02 5.330676e-02
4.430000e+01 0.000000e+00 5.325613e-02 5.325613e-02
4.440000e+01 0.000000e+00 5.320559e-02 5.320559e-02
4.450000e+01 0.000000e+00 5.315514e-02 5.315514e-02
4.460000e+01 0.000000e+00 5.310478e-02 5.310478e-02
4.470000e+01 0.000000e+00 5.305452e-02 5.305452e-02
4.480000e+01 0.000000e+00 5.300436e-02 5.300436e-02
4.490000e+01 0.000000e+00 5.295428e-02 5.295428e-02
4.500000e+01 0.000000e+00 5.290430e-02 5.290430e-02
4.510000e+01 0.000000e+00 5.285441e-02 5.285441e-02
4.520000e+01 0.000000e+00 5.280461e-02 5.280461e-02
4.530000e+01 0.000000e+00 5.275490e-02 5.275490e-02
4.540000e+01 0.000000e+00 5.270529e-02 5.270529e-02
4.550000e+01 0.000000e+00 5.265577e-02 5.265577e-02
4.560000e+01 0.000000e+00 5.260634e-02 5.260634e-02
4.570000e+01 0.000000e+00 5.255700e-02 5.255700e-02
4.580000e+01 0.000000e+00 5.250775e-02 5.250775e-02
4.590000e+01 0.000000e+00 5.245859e-02 5.245859e-02
4.600000e+01 0.000000e+00 5.240952e-02 5.240952e-02
4.610000e+01 0.000000e+00 5.236054e-02 5.236054e-02
4.620000e+01 0.000000e+00 5.231166e-02 5.231166e-02
4.630000e+01 0.000000e+00 5.226286e-02 5.226286e-02
4.640000e+01 0.000000e+00 5.221415e-02 5.221415e-02
4.650000e+01 0.000000e+00 5.216554e-02 5.216554e-02
4.660000e+01 0.000000e+00 5.211701e-02 5.211701e-02
4.670000e+01 0.000000e+00 5.206857e-02 5.206857e-02
4.680000e+01 0.000000e+00 5.202022e-02 5.202022e-02
4.690000e+01 0.000000e+00 5.197196e-02 5.197196e-02
4.700000e+01 0.000000e+00 5.192379e-02 5.192379e-02
4.710000e+01 0.000000e+00 5.187571e-02 5.187571e-02
4.720000e+01 0.000000e+00 5.182772e-02 5.182772e-02
4.730000e+01 0.000000e+00 5.177981e-02 5.177981e-02
4.740000e+01 0.000000e+00 5.173199e-02 5.173199e-02
4.750000e+01 0.000000e+00 5.168427e-02 5.168427e-02
4.760000e+01 0.000000e+00 5.163662e-02 5.163662e-02
4.770000e+01 0.000000e+00 5.158907e-02 5.158907e-02
4.780000e+01 0.000000e+00 5.154160e-02 5.154160e-02
4.790000e+01 0.000000e+00 5.149422e-02 5.149422e-02
4.800000e+01 0.000000e+00 5.144693e-02 5.144693e-02
4.810000e+01 0.000000e+00 5.139972e-02 5.139972e-02
4.820000e+01 0.000000e+00 5.135260e-02 5.135260e-02
4.830000e+01 0.000000e+00 5.130557e-02 5.130557e-02
4.840000e+01 0.000000e+00 5.125862e-02 5.125862e-02
4.850000e+01 0.000000e+00 5.121176e-02 5.121176e-02
4.860000e+01 0.000000e+00 5.116498e-02 5.116498e-02
4.870000e+01 0.000000e+00 5.111829e-02 5.111829e-02
4.880000e+01 0.000000e+00 5.107169e-02 5.107169e-02
4.890000e+01 0.000000e+00 5.102517e-02 5.102517e-02
4.900000e+01 0.000000e+00 5.097873e-02 5.097873e-02
4.910000e+01 0.000000e+00 5.093238e-02 5.093238e-02
4.920000e+01 0.000000e+00 5.088612e-02 5.088612e-02
4.930000e+01 0.000000e+00 5.083994e-02 5.083994e-02
4.940000e+01 0.000000e+00 5.079385e-02 5.079385e-02
4.950000e+01 0.000000e+00 5.074784e-02 5.074784e-02
4.960000e+01 0.000000e+00 5.070191e-02 5.070191e-02
4.970000e+01 0.000000e+00 5.065607e-02 5.065607e-02
4.980000e+01 0.000000e+00 5.061031e-02 5.061031e-02
4.990000e+01 0.000000e+00 5.056463e-02 5.056463e-02
5.000000e+01 0.000000e+00 5.051904e-02 5.051904e-02
5.010000e+01 0.000000e+00 5.047354e-02 5.047354e-02
5.020000e+01 0.000000e+00 5.042811e-02 5.042811e-02
5.030000e+01 0.000000e+00 5.038277e-02 5.038277e-02
5.040000e+01 0.000000e+00 5.033751e-02 5.033751e-02
5.050000e+01 0.000000e+00 5.029234e-02 5.029234e-02
5.060000e+01 0.000000e+00 5.024724e-02 5.024724e-02
5.070000e+01 0.000000e+00 5.020223e-02 5.020223e-02
5.080000e+01 0.000000e+00 5.015730e-02 5.015730e-02
5.090000e+01 0.000000e+00 5.011245e-02 5.011245e-02
5.100000e+01 0.000000e+00 5.006769e-02 5.006769e-02
5.110000e+01 0.000000e+00 5.002300e-02 5.002300e-02
5.120000e+01 0.000000e+00 4.997840e-02 4.997840e-02
5.130000e+01 0.000000e+00 4.993387e-02 4.993387e-02
5.140000e+01 0.000000e+00 4.988943e-02 4.988943e-02
5.150000e+01 0.000000e+00 4.984507e-02 4.984507e-02
5.160000e+01 0.000000e+00 4.980079e-02 4.980079e-02
5.170000e+01 0.000000e+00 4.975660e-02 4.975660e-02
5.180000e+01 0.000000e+00 4.971248e-02 4.971248e-02
5.190000e+01 0.000000e+00 4.966844e-02 4.966844e-02
5.200000e+01 0.000000e+00 4.962448e-02 4.962448e-02
5.210000e+01 0.000000e+00 4.958061e-02 4.958061e-02
5.220000e+01 0.000000e+00 4.953681e-02 4.953681e-02
5.230000e+01 0.000000e+00 4.949309e-02 4.949309e-02
5.240000e+01 0.000000e+00 4.944945e-02 4.944945e-02
5.250000e+01 0.000000e+00 4.940589e-02 4.940589e-02
5.260000e+01 0.000000e+00 4.936242e-02 4.936242e-02
5.270000e+01 0.000000e+00 4.931901e-02 4.931901e-02
5.280000e+01 0.000000e+00 4.927569e-02 4.927569e-02
5.290000e+01 0.000000e+00 4.923245e-02 4.923245e-02
5.300000e+01 0.000000e+00 4.918929e-02 4.918929e-02
5.310000e+01 0.000000e+00 4.914620e-02 4.914620e-02
5.320000e+01 0.000000e+00 4.910319e-02 4.910319e-02
5.330000e+01 0.000000e+00 4.906026e-02 4.906026e-02
5.340000e+01 0.000000e+00 4.901741e-02 4.901741e-02
5.350000e+01 0.000000e+00 4.897464e-02 4.897464e-02
5.360000e+01 0.000000e+00 4.893194e-02 4.893194e-02
5.370000e+01 0.000000e+00 4.888932e-02 4.888932e-02
5.380000e+01 0.000000e+00 4.884678e-02 4.884678e-02
5.390000e+01 0.000000e+00 4.880431e-02 4.880431e-02
5.400000e+01 0.000000e+00 4.876193e-02 4.876193e-02
5.410000e+01 0.000000e+00 4.871962e-02 4.871962e-02
5.420000e+01 0.000000e+00 4.867738e-02 4.867738e-02
5.430000e+01 0.000000e+00 4.863522e-02 4.863522e-02
5.440000e+01 0.000000e+00 4.859314e-02 4.859314e-02
5.450000e+01 0.000000e+00 4.855113e-02 4.855113e-02
5.460000e+01 0.000000e+00 4.850920e-02 4.850920e-02
5.470000e+01 0.000000e+00 4.846735e-02 4.846735e-02
5.480000e+01 0.000000e+00 4.842557e-02 4.842557e-02
5.490000e+01 0.000000e+00 4.838386e-02 4.838386e-02
5.500000e+01 0.000000e+00 4.834223e-02 4.834223e-02
5.510000e+01 0.000000e+00 4.830067e-02 4.830067e-02
5.520000e+01 0.000000e+00 4.825919e-02 4.825919e-02
5.530000e+01 0.000000e+00 4.821779e-02 4.821779e-02
5.540000e+01 0.000000e+00 4.817646e-02 4.817646e-02
5.550000e+01 0.000000e+00 4.813520e-02 4.813520e-02
5.560000e+01 0.000000e+00 4.809402e-02 4.809402e-02
5.570000e+01 0.000000e+00 4.805291e-02 4.805291e-02
5.580000e+01 0.000000e+00 4.801187e-02 4.801187e-02
5.590000e+01 0.000000e+00 4.797091e-02 4.797091e-02
5.600000e+01 0.000000e+00 4.793002e-02 4.793002e-02
5.610000e+01 0.000000e+00 4.788921e-02 4.788921e-02
5.620000e+01 0.000000e+00 4.784846e-02 4.784846e-02
5.630000e+01 0.000000e+00 4.780780e-02 4.780780e-02
5.640000e+01 0.000000e+00 4.776720e-02 4.776720e-02
5.650000e+01 0.000000e+00 4.772668e-02 4.772668e-02
5.660000e+01 0.000000e+00 4.768623e-02 4.768623e-02
5.670000e+01 0.000000e+00 4.764585e-02 4.764585e-02
5.680000e+01 0.000000e+00 4.760555e-02 4.760555e-02
5.690000e+01 0.000000e+00 4.756532e-02 4.756532e-02
5.700000e+01 0.000000e+00 4.752516e-02 4.752516e-02
5.710000e+01 0.000000e+00 4.748507e-02 4.748507e-02
5.720000e+01 0.000000e+00 4.744506e-02 4.744506e-02
5.730000e+01 0.000000e+00 4.740511e-02 4.740511e-02
5.740000e+01 0.000000e+00 4.736524e-02 4.736524e-02
5.750000e+01 0.000000e+00 4.732544e-02 4.732544e-02
5.760000e+01 0.000000e+00 4.728571e-02 4.728571e-02
5.770000e+01 0.000000e+00 4.724605e-02 4.724605e-02
5.780000e+01 0.000000e+00 4.720647e-02 4.720647e-02
5.790000e+01 0.000000e+00 4.716695e-02 4.716695e-02
5.800000e+01 0.000000e+00 4.712751e-02 4.712751e-02
5.810000e+01 0.000000e+00 4.708813e-02 4.708813e-02
5.820000e+01 0.000000e+00 4.704883e-02 4.704883e-02
5.830000e+01 0.000000e+00 4.700959e-02 4.700959e-02
5.840000e+01 0.000000e+00 4.697043e-02 4.697043e-02
5.850000e+01 0.000000e+00 4.693134e-02 4.693134e-02
5.860000e+01 0.000000e+00 4.689231e-02 4.689231e-02
5.870000e+01 0.000000e+00 4.685336e-02 4.685336e-02
5.880000e+01 0.000000e+00 4.681447e-02 4.681447e-02
5.890000e+01 0.000000e+00 4.677566e-02 4.677566e-02
5.900000e+01 0.000000e+00 4.673691e-02 4.673691e-02
5.910000e+01 0.000000e+00 4.669823e-02 4.669823e-02
5.920000e+01 0.000000e+00 4.665963e-02 4.665963e-02
5.930000e+01 0.000000e+00 4.662109e-02 4.662109e-02
5.940000e+01 0.000000e+00 4.658262e-02 4.658262e-02
5.950000e+01 0.000000e+00 4.654421e-02 4.654421e-02
5.960000e+01 0.000000e+00 4.650588e-02 4.650588e-02
5.970000e+01 0.000000e+00 4.646762e-02 4.646762e-02
5.980000e+01 0.000000e+00 4.642942e-02 4.642942e-02
5.990000e+01 0.000000e+00 4.639129e-02 4.639129e-02
6.000000e+01 0.000000e+00 4.635323e-02 4.635323e-02
6.010000e+01 0.000000e+00 4.631524e-02 4.631524e-02
6.020000e+01 0.000000e+00 4.627732e-02 4.627732e-02
6.030000e+01 0.000000e+00 4.623946e-02 4.623946e-02
6.040000e+01 0.000000e+00 4.620167e-02 4.620167e-02
6.050000e+01 0.000000e+00 4.616395e-02 4.616395e-02
6.060000e+01 0.000000e+00 4.612629e-02 4.612629e-02
6.070000e+01 0.000000e+00 4.608871e-02 4.608871e-02
6.080000e+01 0.000000e+00 4.605119e-02 4.605119e-02
6.090000e+01 0.000000e+00 4.601373e-02 4.601373e-02
6.100000e+01 0.000000e+00 4.597634e-02 4.597634e-02
6.110000e+01 0.000000e+00 4.593902e-02 4.593902e-02
6.120000e+01 0.000000e+00 4.590177e-02 4.590177e-02
6.130000e+01 0.000000e+00 4.586458e-02 4.586458e-02
6.140000e+01 0.000000e+00 4.582745e-02 4.582745e-02
6.150000e+01 0.000000e+00 4.579039e-02 4.579039e-02
6.160000e+01 0.000000e+00 4.575340e-02 4.575340e-02
6.170000e+01 0.000000e+00 4.571647e-02 4.571647e-02
6.180000e+01 0.000000e+00 4.567961e-02 4.567961e-02
6.190000e+01 0.000000e+00 4.564282e-02 4.564282e-02
6.200000e+01 0.000000e+00 4.560609e-02 4.560609e-02
6.210000e+01 0.000000e+00 4.556942e-02 4.556942e-02
6.220000e+01 0.000000e+00 4.553282e-02 4.553282e-02
6.230000e+01 0.000000e+00 4.549628e-02 4.549628e-02
6.240000e+01 0.000000e+00 4.545981e-02 4.545981e-02
6.250000e+01 0.000000e+00 4.542340e-02 4.542340e-02
6.260000e+01 0.000000e+00 4.538706e-02 4.538706e-02
6.270000e+01 0.000000e+00 4.535078e-02 4.535078e-02
6.280000e+01 0.000000e+00 4.531457e-02 4.531457e-02
6.290000e+01 0.000000e+00 4.527842e-02 4.527842e-02
6.300000e+01 0.000000e+00 4.524233e-02 4.524233e-02
6.310000e+01 0.000000e+00 4.520631e-02 4.520631e-02
6.320000e+01 0.000000e+00 4.517035e-02 4.517035e-02
6.330000e+01 0.000000e+00 4.513446e-02 4.513446e-02
6.340000e+01 0.000000e+00 4.509863e-02 4.509863e-02
6.350000e+01 0.000000e+00 4.506286e-02 4.506286e-02
6.360000e+01 0.000000e+00 4.502716e-02 4.502716e-02
6.370000e+01 0.000000e+00 4.499152e-02 4.499152e-02
6.380000e+01 0.000000e+00 4.495594e-02 4.495594e-02
6.390000e+01 0.000000e+00 4.492043e-02 4.492043e-02
6.400000e+01 0.000000e+00 4.488498e-02 4.488498e-02
6.410000e+01 0.000000e+00 4.484959e-02 4.484959e-02
6.420000e+01 0.000000e+00 4.481426e-02 4.481426e-02
6.430000e+01 0.000000e+00 4.477900e-02 4.477900e-02
6.440000e+01 0.000000e+00 4.474380e-02 4.474380e-02
6.450000e+01 0.000000e+00 4.470866e-02 4.470866e-02
6.460000e+01 0.000000e+00 4.467358e-02 4.467358e-02
6.470000e+01 0.000000e+00 4.463856e-02 4.463856e-02
6.480000e+01 0.000000e+00 4.460361e-02 4.460361e-02
6.490000e+01 0.000000e+00 4.456872e-02 4.456872e-02
6.500000e+01 0.000000e+00 4.453389e-02 4.453389e-02
6.510000e+01 0.000000e+00 4.449912e-02 4.449912e-02
6.520000e+01 0.000000e+00 4.446441e-02 4.446441e-02
6.530000e+01 0.000000e+00 4.442976e-02 4.442976e-02
6.540000e+01 0.000000e+00 4.439517e-02 4.439517e-02
6.550000e+01 0.000000e+00 4.436065e-02 4.436065e-02
6.560000e+01 0.000000e+00 4.432618e-02 4.432618e-02
6.570000e+01 0.000000e+00 4.429178e-02 4.429178e-02
6.580000e+01 0.000000e+00 4.425743e-02 4.425743e-02
6.590000e+01 0.000000e+00 4.422315e-02 4.422315e-02
6.600000e+01 0.000000e+00 4.418893e-02 4.418893e-02
6.610000e+01 0.000000e+00 4.415476e-02 4.415476e-02
6.620000e+01 0.000000e+00 4.412066e-02 4.412066e-02
6.630000e+01 0.000000e+00 4.408661e-02 4.408661e-02
6.640000e+01 0.000000e+00 4.405263e-02 4.405263e-02
6.650000e+01 0.000000e+00 4.401870e-02 4.401870e-02
6.660000e+01 0.000000e+00 4.398484e-02 4.398484e-02
6.670000e+01 0.000000e+00 4.395103e-02 4.395103e-02
6.680000e+01 0.000000e+00 4.391728e-02 4.391728e-02
6.690000e+01 0.000000e+00 4.388359e-02 4.388359e-02
6.700000e+01 0.000000e+00 4.384996e-02 4.384996e-02
6.710000e+01 0.000000e+00 4.381639e-02 4.381639e-02
6.720000e+01 0.000000e+00 4.378288e-02 4.378288e-02
6.730000e+01 0.000000e+00 4.374943e-02 4.374943e-02
6.740000e+01 0.000000e+00 4.371603e-02 4.371603e-02
6.750000e+01 0.000000e+00 4.368269e-02 4.368269e-02
6.760000e+01 0.000000e+00 4.364941e-02 4.364941e-02
6.770000e+01 0.000000e+00 4.361619e-02 4.361619e-02
6.780000e+01 0.000000e+00 4.358303e-02 4.358303e-02
6.790000e+01 0.000000e+00 4.354992e-02 4.354992e-02
6.800000e+01 0.000000e+00 4.351687e-02 4.351687e-02
6.810000e+01 0.000000e+00 4.348388e-02 4.348388e-02
6.820000e+01 0.000000e+00 4.345094e-02 4.345094e-02
6.830000e+01 0.000000e+00 4.341806e-02 4.341806e-02
6.840000e+01 0.000000e+00 4.338524e-02 4.338524e-02
6.850000e+01 0.000000e+00 4.335248e-02 4.335248e-02
6.860000e+01 0.000000e+00 4.331977e-02 4.331977e-02
6.870000e+01 0.000000e+00 4.328712e-02 4.328712e-02
6.880000e+01 0.000000e+00 4.325453e-02 4.325453e-02
6.890000e+01 0.000000e+00 4.322199e-02 4.322199e-02
6.900000e+01 0.000000e+00 4.318951e-02 4.318951e-02
6.910000e+01 0.000000e+00 4.315709e-02 4.315709e-02
6.920000e+01 0.000000e+00 4.312472e-02 4.312472e-02
6.930000e+01 0.000000e+00 4.309241e-02 4.309241e-02
6.940000e+01 0.000000e+00 4.306015e-02 4.306015e-02
6.950000e+01 0.000000e+00 4.302795e-02 4.302795e-02
6.960000e+01 0.000000e+00 4.299580e-02 4.299580e-02
6.970000e+01 0.000000e+00 4.296372e-02 4.296372e-02
6.980000e+01 0.000000e+00 4.293168e-02 4.293168e-02
6.990000e+01 0.000000e+00 4.289971e-02 4.289971e-02
7.000000e+01 0.000000e+00 4.286778e-02 4.286778e-02
7.010000e+01 0.000000e+00 4.283592e-02 4.283592e-02
7.020000e+01 0.000000e+00 4.280411e-02 4.280411e-02
7.030000e+01 0.000000e+00 4.277235e-02 4.277235e-02
7.040000e+01 0.000000e+00 4.274065e-02 4.274065e-02
7.050000e+01 0.000000e+00 4.270900e-02 4.270900e-02
7.060000e+01 0.000000e+00 4.267741e-02 4.267741e-02
7.070000e+01 0.000000e+00 4.264588e-02 4.264588e-02
7.080000e+01 0.000000e+00 4.261439e-02 4.261439e-02
7.090000e+01 0.000000e+00 4.258296e-02 4.258296e-02
7.100000e+01 0.000000e+00 4.255159e-02 4.255159e-02
7.110000e+01 0.000000e+00 4.252027e-02 4.252027e-02
7.120000e+01 0.000000e+00 4.248900e-02 4.248900e-02
7.130000e+01 0.000000e+00 4.245779e-02 4.245779e-02
7.140000e+01 0.000000e+00 4.242663e-02 4.242663e-02
7.150000e+01 0.000000e+00 4.239553e-02 4.239553e-02
7.160000e+01 0.000000e+00 4.236447e-02 4.236447e-02
7.170000e+01 0.000000e+00 4.233348e-02 4.233348e-02
7.180000e+01 0.000000e+00 4.230253e-02 4.230253e-02
7.190000e+01 0.000000e+00 4.227164e-02 4.227164e-02
7.200000e+01 0.000000e+00 4.224080e-02 4.224080e-02
7.210000e+01 0.000000e+00 4.221002e-02 4.221002e-02
7.220000e+01 0.000000e+00 4.217928e-02 4.217928e-02
7.230000e+01 0.000000e+00 4.214860e-02 4.214860e-02
7.240000e+01 0.000000e+00 4.211798e-02 4.211798e-02
7.250000e+01 0.000000e+00 4.208740e-02 4.208740e-02
7.260000e+01 0.000000e+00 4.205688e-02 4.205688e-02
7.270000e+01 0.000000e+00 4.202641e-02 4.202641e-02
7.280000e+01 0.000000e+00 4.199599e-02 4.199599e-02
7.290000e+01 0.000000e+00 4.196563e-02 4.196563e-02
7.300000e+01 0.000000e+00 4.193531e-02 4.193531e-02
7.310000e+01 0.000000e+00 4.190505e-02 4.190505e-02
7.320000e+01 0.000000e+00 4.187484e-02 4.187484e-02
7.330000e+01 0.000000e+00 4.184468e-02 4.184468e-02
7.340000e+01 0.000000e+00 4.181458e-02 4.181458e-02
7.350000e+01 0.000000e+00 4.178452e-02 4.178452e-02
7.360000e+01 0.000000e+00 4.175452e-02 4.175452e-02
7.370000e+01 0.000000e+00 4.172457e-02 4.172457e-02
7.380000e+01 0.000000e+00 4.169467e-02 4.169467e-02
7.390000e+01 0.000000e+00 4.166482e-02 4.166482e-02
7.400000e+01 0.000000e+00 4.163502e-02 4.163502e-02
7.410000e+01 0.000000e+00 4.160527e-02 4.160527e-02
7.420000e+01 0.000000e+00 4.157557e-02 4.157557e-02
7.430000e+01 0.000000e+00 4.154592e-02 4.154592e-02
7.440000e+01 0.000000e+00 4.151633e-02 4.151633e-02
7.450000e+01 0.000000e+00 4.148678e-02 4.148678e-02
7.460000e+01 0.000000e+00 4.145729e-02 4.145729e-02
7.470000e+01 0.000000e+00 4.142784e-02 4.142784e-02
7.480000e+01 0.000000e+00 4.139845e-02 4.139845e-02
7.490000e+01 0.000000e+00 4.136910e-02 4.136910e-02
7.500000e+01 0.000000e+00 4.133980e-02 4.133980e-02
7.510000e+01 0.000000e+00 4.131056e-02 4.131056e-02
7.520000e+01 0.000000e+00 4.128136e-02 4.128136e-02
7.530000e+01 0.000000e+00 4.125221e-02 4.125221e-02
7.540000e+01 0.000000e+00 4.122311e-02 4.122311e-02
7.550000e+01 0.000000e+00 4.119406e-02 4.119406e-02
7.560000e+01 0.000000e+00 4.116506e-02 4.116506e-02
7.570000e+01 0.000000e+00 4.113611e-02 4.113611e-02
7.580000e+01 0.000000e+00 4.110721e-02 4.110721e-02
7.590000e+01 0.000000e+00 4.107836e-02 4.107836e-02
7.600000e+01 0.000000e+00 4.104955e-02 4.104955e-02
7.610000e+01 0.000000e+00 4.102080e-02 4.102080e-02
7.620000e+01 0.000000e+00 4.099209e-02 4.099209e-02
7.630000e+01 0.000000e+00 4.096343e-02 4.096343e-02
7.640000e+01 0.000000e+00 4.093482e-02 4.093482e-02
7.650000e+01 0.000000e+00 4.090626e-02 4.090626e-02
7.660000e+01 0.000000e+00 4.087775e-02 4.087775e-02
7.670000e+01 0.000000e+00 4.084928e-02 4.084928e-02
7.680000e+01 0.000000e+00 4.082087e-02 4.082087e-02
7.690000e+01 0.000000e+00 4.079250e-02 4.079250e-02
7.700000e+01 0.000000e+00 4.076418e-02 4.076418e-02
7.710000e+01 0.000000e+00 4.073591e-02 4.073591e-02
7.720000e+01 0.000000e+00 4.070768e-02 4.070768e-02
7.730000e+01 0.000000e+00 4.067951e-02 4.067951e-02
7.740000e+01 0.000000e+00 4.065138e-02 4.065138e-02
7.750000e+01 0.000000e+00 4.062330e-02 4.062330e-02
7.760000e+01 0.000000e+00 4.059526e-02 4.059526e-02
7.770000e+01 0.000000e+00 4.056728e-02 4.056728e-02
7.780000e+01 0.000000e+00 4.053934e-02 4.053934e-02
7.790000e+01 0.000000e+00 4.051144e-02 4.051144e-02
7.800000e+01 0.000000e+00 4.048360e-02 4.048360e-02
7.810000e+01 0.000000e+00 4.045580e-02 4.045580e-02
7.820000e+01 0.000000e+00 4.042805e-02 4.042805e-02
7.830000e+01 0.000000e+00 4.040034e-02 4.040034e-02
7.840000e+01 0.000000e+00 4.037268e-02 4.037268e-02
7.850000e+01 0.000000e+00 4.034507e-02 4.034507e-02
7.860000e+01 0.000000e+00 4.031750e-02 4.031750e-02
7.870000e+01 0.000000e+00 4.028998e-02 4.028998e-02
7.880000e+01 0.000000e+00 4.026251e-02 4.026251e-02
7.890000e+01 0.000000e+00 4.023508e-02 4.023508e-02
7.900000e+01 0.000000e+00 4.020770e-02 4.020770e-02
7.910000e+01 0.000000e+00 4.018036e-02 4.018036e-02
7.920000e+01 0.000000e+00 4.015307e-02 4.015307e-02
7.930000e+01 0.000000e+00 4.012583e-02 4.012583e-02
7.940000e+01 0.000000e+00 4.009863e-02 4.009863e-02
7.950000e+01 0.000000e+00 4.007148e-02 4.007148e-02
7.960000e+01 0.000000e+00 4.004437e-02 4.004437e-02
7.970000e+01 0.000000e+00 4.001730e-02 4.001730e-02
7.980000e+01 0.000000e+00 3.999028e-02 3.999028e-02
7.990000e+01 0.000000e+00 3.996331e-02 3.996331e-02
8.000000e+01 0.000000e+00 3.993638e-02 3.993638e-02
8.010000e+01 0.000000e+00 3.990950e-02 3.990950e-02
8.020000e+01 0.000000e+00 3.988266e-02 3.988266e-02
8.030000e+01 0.000000e+00 3.985586e-02 3.985586e-02
8.040000e+01 0.000000e+00 3.982911e-02 3.982911e-02
8.050000e+01 0.000000e+00 3.980241e-02 3.980241e-02
8.060000e+01 0.000000e+00 3.977575e-02 3.977575e-02
8.070000e+01 0.000000e+00 3.974913e-02 3.974913e-02
8.080000e+01 0.000000e+00 3.972256e-02 3.972256e-02
8.090000e+01 0.000000e+00 3.969603e-02 3.969603e-02
8.100000e+01 0.000000e+00 3.966954e-02 3.966954e-02
8.110000e+01 0.000000e+00 3.964310e-02 3.964310e-02
8.120000e+01 0.000000e+00 3.961670e-02 3.961670e-02
8.130000e+01 0.000000e+00 3.959035e-02 3.959035e-02
8.140000e+01 0.000000e+00 3.956404e-02 3.956404e-02
8.150000e+01 0.000000e+00 3.953777e-02 3.953777e-02
8.160000e+01 0.000000e+00 3.951155e-02 3.951155e-02
8.170000e+01 0.000000e+00 3.948537e-02 3.948537e-02
8.180000e+01 0.000000e+00 3.945923e-02 3.945923e-02
8.190000e+01 0.000000e+00 3.943314e-02 3.943314e-02
8.200000e+01 0.000000e+00 3.940708e-02 3.940708e-02
8.210000e+01 0.000000e+00 3.938108e-02 3.938108e-02
8.220000e+01 0.000000e+00 3.935511e-02 3.935511e-02
8.230000e+01 0.000000e+00 3.932919e-02 3.932919e-02
8.240000e+01 0.000000e+00 3.930330e-02 3.930330e-02
8.250000e+01 0.000000e+00 3.927746e-02 3.927746e-02
8.260000e+01 0.000000e+00 3.925167e-02 3.925167e-02
8.270000e+01 0.000000e+00 3.922591e-02 3.922591e-02
8.280000e+01 0.000000e+00 3.920020e-02 3.920020e-02
8.290000e+01 0.000000e+00 3.917453e-02 3.917453e-02
8.300000e+01 0.000000e+00 3.914890e-02 3.914890e-02
8.310000e+01 0.000000e+00 3.912332e-02 3.912332e-02
8.320000e+01 0.000000e+00 3.909777e-02 3.909777e-02
8.330000e+01 0.000000e+00 3.907227e-02 3.907227e-02
8.340000e+01 0.000000e+00 3.904681e-02 3.904681e-02
8.350000e+01 0.000000e+00 3.902139e-02 3.902139e-02
8.360000e+01 0.000000e+00 3.899601e-02 3.899601e-02
8.370000e+01 0.000000e+00 3.897067e-02 3.897067e-02
8.380000e+01 0.000000e+00 3.894538e-02 3.894538e-02
8.390000e+01 0.000000e+00 3.892013e-02 3.892013e-02
8.400000e+01 0.000000e+00 3.889491e-02 3.889491e-02
8.410000e+01 0.000000e+00 3.886974e-02 3.886974e-02
8.420000e+01 0.000000e+00 3.884461e-02 3.884461e-02
8.430000e+01 0.000000e+00 3.881953e-02 3.881953e-02
8.440000e+01 0.000000e+00 3.879448e-02 3.879448e-02
8.450000e+01 0.000000e+00 3.876947e-02 3.876947e-02
8.460000e+01 0.000000e+00 3.874451e-02 3.874451e-02
8.470000e+01 0.000000e+00 3.871958e-02 3.871958e-02
8.480000e+01 0.000000e+00 3.869470e-02 3.869470e-02
8.490000e+01 0.000000e+00 3.866985e-02 3.866985e-02
8.500000e+01 0.000000e+00 3.864505e-02 3.864505e-02
8.510000e+01 0.000000e+00 3.862029e-02 3.862029e-02
8.520000e+01 0.000000e+00 3.859556e-02 3.859556e-02
8.530000e+01 0.000000e+00 3.857088e-02 3.857088e-02
8.540000e+01 0.000000e+00 3.854624e-02 3.854624e-02
8.550000e+01 0.000000e+00 3.852163e-02 3.852163e-02
8.560000e+01 0.000000e+00 3.849707e-02 3.849707e-02
8.570000e+01 0.000000e+00 3.847255e-02 3.847255e-02
8.580000e+01 0.000000e+00 3.844806e-02 3.844806e-02
8.590000e+01 0.000000e+00 3.842362e-02 3.842362e-02
8.600000e+01 0.000000e+00 3.839922e-02 3.839922e-02
8.610000e+01 0.000000e+00 3.837485e-02 3.837485e-02
8.620000e+01 0.000000e+00 3.835053e-02 3.835053e-02
8.630000e+01 0.000000e+00 3.832624e-02 3.832624e-02
8.640000e+01 0.000000e+00 3.830199e-02 3.830199e-02
8.650000e+01 0.000000e+00 3.827778e-02 3.827778e-02
8.660000e+01 0.000000e+00 3.825361e-02 3.825361e-02
8.670000e+01 0.000000e+00 3.822948e-02 3.822948e-02
8.680000e+01 0.000000e+00 3.820539e-02 3.820539e-02
8.690000e+01 0.000000e+00 3.818134e-02 3.818134e-02
8.700000e+01 0.000000e+00 3.815733e-02 3.815733e-02
8.710000e+01 0.000000e+00 3.813335e-02 3.813335e-02
8.720000e+01 0.000000e+00 3.810941e-02 3.810941e-02
8.730000e+01 0.000000e+00 3.808552e-02 3.808552e-02
8.740000e+01 0.000000e+00 3.806165e-02 3.806165e-02
8.750000e+01 0.000000e+00 3.803783e-02 3.803783e-02
8.760000e+01 0.000000e+00 3.801405e-02 3.801405e-02
8.770000e+01 0.000000e+00 3.799030e-02 3.799030e-02
8.780000e+01 0.000000e+00 3.796660e-02 3.796660e-02
8.790000e+01 0.000000e+00 3.794293e-02 3.794293e-02
8.800000e+01 0.000000e+00 3.791930e-02 3.791930e-02
8.810000e+01 0.000000e+00 3.789570e-02 3.789570e-02
8.820000e+01 0.000000e+00 3.787215e-02 3.787215e-02
8.830000e+01 0.000000e+00 3.784863e-02 3.784863e-02
8.840000e+01 0.000000e+00 3.782515e-02 3.782515e-02
8.850000e+01 0.000000e+00 3.780171e-02 3.780171e-02
8.860000e+01 0.000000e+00 3.777830e-02 3.777830e-02
8.870000e+01 0.000000e+00 3.775493e-02 3.775493e-02
8.880000e+01 0.000000e+00 3.773160e-02 3.773160e-02
8.890000e+01 0.000000e+00 3.770831e-02 3.770831e-02
8.900000e+01 0.000000e+00 3.768505e-02 3.768505e-02
8.910000e+01 0.000000e+00 3.766183e-02 3.766183e-02
8.920000e+01 0.000000e+00 3.763865e-02 3.763865e-02
8.930000e+01 0.000000e+00 3.761550e-02 3.761550e-02
8.940000e+01 0.000000e+00 3.759239e-02 3.759239e-02
8.950000e+01 0.000000e+00 3.756932e-02 3.756932e-02
8.960000e+01 0.000000e+00 3.754628e-02 3.754628e-02
8.970000e+01 0.000000e+00 3.752328e-02 3.752328e-02
8.980000e+01 0.000000e+00 3.750032e-02 3.750032e-02
8.990000e+01 0.000000e+00 3.747739e-02 3.747739e-02
9.000000e+01 0.000000e+00 3.745450e-02 3.745450e-02
9.010000e+01 0.000000e+00 3.743164e-02 3.743164e-02
9.020000e+01 0.000000e+00 3.740882e-02 3.740882e-02
9.030000e+01 0.000000e+00 3.738604e-02 3.738604e-02
9.040000e+01 0.000000e+00 3.736329e-02 3.736329e-02
9.050000e+01 0.000000e+00 3.734058e-02 3.734058e-02
9.060000e+01 0.000000e+00 3.731790e-02 3.731790e-02
9.070000e+01 0.000000e+00 3.729526e-02 3.729526e-02
9.080000e+01 0.000000e+00 3.727266e-02 3.727266e-02
9.090000e+01 0.000000e+00 3.725009e-02 3.725009e-02
9.100000e+01 0.000000e+00 3.722756e-02 3.722756e-02
9.110000e+01 0.000000e+00 3.720506e-02 3.720506e-02
9.120000e+01 0.000000e+00 3.718260e-02 3.718260e-02
9.130000e+01 0.000000e+00 3.716017e-02 3.716017e-02
9.140000e+01 0.000000e+00 3.713778e-02 3.713778e-02
9.150000e+01 0.000000e+00 3.711542e-02 3.711542e-02
9.160000e+01 0.000000e+00 3.709310e-02 3.709310e-02
9.170000e+01 0.000000e+00 3.707081e-02 3.707081e-02
9.180000e+01 0.000000e+00 3.704856e-02 3.704856e-02
9.190000e+01 0.000000e+00 3.702634e-02 3.702634e-02
9.200000e+01 0.000000e+00 3.700416e-02 3.700416e-02
9.210000e+01 0.000000e+00 3.698202e-02 3.698202e-02
9.220000e+01 0.000000e+00 3.695991e-02 3.695991e-02
9.230000e+01 0.000000e+00 3.693783e-02 3.693783e-02
9.240000e+01 0.000000e+00 3.691579e-02 3.691579e-02
9.250000e+01 0.000000e+00 3.689378e-02 3.689378e-02
9.260000e+01 0.000000e+00 3.687181e-02 3.687181e-02
9.270000e+01 0.000000e+00 3.684987e-02 3.684987e-02
9.280000e+01 0.000000e+00 3.682796e-02 3.682796e-02
9.290000e+01 0.000000e+00 3.680609e-02 3.680609e-02
9.300000e+01 0.000000e+00 3.678426e-02 3.678426e-02
9.310000e+01 0.000000e+00 3.676246e-02 3.676246e-02
9.320000e+01 0.000000e+00 3.674069e-02 3.674069e-02
9.330000e+01 0.000000e+00 3.671896e-02 3.671896e-02
9.340000e+01 0.000000e+00 3.669726e-02 3.669726e-02
9.350000e+01 0.000000e+00 3.667559e-02 3.667559e-02
9.360000e+01 0.000000e+00 3.665396e-02 3.665396e-02
9.370000e+01 0.000000e+00 3.663236e-02 3.663236e-02
9.380000e+01 0.000000e+00 3.661079e-02 3.661079e-02
9.390000e+01 0.000000e+00 3.658926e-02 3.658926e-02
9.400000e+01 0.000000e+00 3.656776e-02 3.656776e-02
9.410000e+01 0.000000e+00 3.654630e-02 3.654630e-02
9.420000e+01 0.000000e+00 3.652486e-02 3.652486e-02
9.430000e+01 0.000000e+00 3.650346e-02 3.650346e-02
9.440000e+01 0.000000e+00 3.648210e-02 3.648210e-02
9.450000e+01 0.000000e+00 3.646077e-02 3.646077e-02
9.460000e+01 0.000000e+00 3.643946e-02 3.643946e-02
9.470000e+01 0.000000e+00 3.641820e-02 3.641820e-02
9.480000e+01 0.000000e+00 3.639696e-02 3.639696e-02
9.490000e+01 0.000000e+00 3.637576e-02 3.637576e-02
9.500000e+01 0.000000e+00 3.635459e-02 3.635459e-02
9.510000e+01 0.000000e+00 3.633345e-02 3.633345e-02
9.520000e+01 0.000000e+00 3.631235e-02 3.631235e-02
9.530000e+01 0.000000e+00 3.629128e-02 3.629128e-02
9.540000e+01 0.000000e+00 3.627024e-02 3.627024e-02
9.550000e+01 0.000000e+00 3.624923e-02 3.624923e-02
9.560000e+01 0.000000e+00 3.622825e-02 3.622825e-02
9.570000e+01 0.000000e+00 3.620731e-02 3.620731e-02
9.580000e+01 0.000000e+00 3.618640e-02 3.618640e-02
9.590000e+01 0.000000e+00 3.616552e-02 3.616552e-02
9.600000e+01 0.000000e+00 3.614467e-02 3.614467e-02
9.610000e+01 0.000000e+00 3.612386e-02 3.612386e-02
9.620000e+01 0.000000e+00 3.610307e-02 3.610307e-02
9.630000e+01 0.000000e+00 3.608232e-02 3.608232e-02
9.640000e+01 0.000000e+00 3.606160e-02 3.606160e-02
9.650000e+01 0.000000e+00 3.604092e-02 3.604092e-02
9.660000e+01 0.000000e+00 3.602026e-02 3.602026e-02
9.670000e+01 0.000000e+00 3.599963e-02 3.599963e-02
9.680000e+01 0.000000e+00 3.597904e-02 3.597904e-02
9.690000e+01 0.000000e+00 3.595847e-02 3.595847e-02
9.700000e+01 0.000000e+00 3.593794e-02 3.593794e-02
9.710000e+01 0.000000e+00 3.591744e-02 3.591744e-02
9.720000e+01 0.000000e+00 3.589697e-02 3.589697e-02
9.730000e+01 0.000000e+00 3.587653e-02 3.587653e-02
9.740000e+01 0.000000e+00 3.585612e-02 3.585612e-02
9.750000e+01 0.000000e+00 3.583575e-02 3.583575e-02
9.760000e+01 0.000000e+00 3.581540e-02 3.581540e-02
9.770000e+01 0.000000e+00 3.579508e-02 3.579508e-02
9.780000e+01 0.000000e+00 3.577480e-02 3.577480e-02
9.790000e+01 0.000000e+00 3.575454e-02 3.575454e-02
9.800000e+01 0.000000e+00 3.573432e-02 3.573432e-02
9.810000e+01 0.000000e+00 3.571412e-02 3.571412e-02
9.820000e+01 0.000000e+00 3.569396e-02 3.569396e-02
9.830000e+01 0.000000e+00 3.567383e-02 3.567383e-02
9.840000e+01 0.000000e+00 3.565372e-02 3.565372e-02
9.850000e+01 0.000000e+00 3.563365e-02 3.563365e-02
9.860000e+01 0.000000e+00 3.561361e-02 3.561361e-02
9.870000e+01 0.000000e+00 3.559359e-02 3.559359e-02
9.880000e+01 0.000000e+00 3.557361e-02 3.557361e-02
9.890000e+01 0.000000e+00 3.555366e-02 3.555366e-02
9.900000e+01 0.000000e+00 3.553373e-02 3.553373e-02
9.910000e+01 0.000000e+00 3.551384e-02 3.551384e-02
9.920000e+01 0.000000e+00 3.549398e-02 3.549398e-02
9.930000e+01 0.000000e+00 3.547414e-02 3.547414e-02
9.940000e+01 0.000000e+00 3.545434e-02 3.545434e-02
9.950000e+01 0.000000e+00 3.543456e-02 3.543456e-02
9.960000e+01 0.000000e+00 3.541482e-02 3.541482e-02
9.970000e+01 0.000000e+00 3.539511e-02 3.539511e-02
9.980000e+01 0.000000e+00 3.537542e-02 3.537542e-02
9.990000e+01 0.000000e+00 3.535576e-02 3.535576e-02
1.000000e+02 0.000000e+00 3.533614e-02 3.533614e-02
