# # chi(t) for Pe = 900, beta = 0.5, bridge_width = 1.0
# # Columns: time, chi, I_T (signed), I_|T| (unsigned)
0.000000e+00 0.000000e+00 3.835511e-01 3.835511e-01
1.000000e-01 2.390000e-05 3.990818e-01 3.990914e-01
2.000000e-01 0.000000e+00 3.998268e-01 3.998268e-01
3.000000e-01 0.000000e+00 4.002475e-01 4.002475e-01
4.000000e-01 0.000000e+00 4.006212e-01 4.006212e-01
5.000000e-01 0.000000e+00 4.006295e-01 4.006295e-01
6.000000e-01 2.000000e-07 4.005512e-01 4.005513e-01
7.000000e-01 2.400000e-06 4.004396e-01 4.004406e-01
8.000000e-01 9.400000e-06 3.999380e-01 3.999418e-01
9.000000e-01 1.630000e-05 4.002952e-01 4.003017e-01
1.000000e+00 1.500000e-05 4.003246e-01 4.003306e-01
1.100000e+00 6.600000e-06 4.003509e-01 4.003536e-01
1.200000e+00 1.000000e-07 4.003714e-01 4.003714e-01
1.300000e+00 0.000000e+00 4.003832e-01 4.003832e-01
1.400000e+00 0.000000e+00 4.003845e-01 4.003845e-01
1.500000e+00 0.000000e+00 4.003735e-01 4.003735e-01
1.600000e+00 0.000000e+00 4.003493e-01 4.003493e-01
1.700000e+00 0.000000e+00 4.003115e-01 4.003115e-01
1.800000e+00 0.000000e+00 4.002597e-01 4.002597e-01
1.900000e+00 0.000000e+00 4.001941e-01 4.001941e-01
2.000000e+00 0.000000e+00 4.001150e-01 4.001150e-01
2.100000e+00 0.000000e+00 4.000227e-01 4.000227e-01
2.200000e+00 0.000000e+00 3.999178e-01 3.999178e-01
2.300000e+00 0.000000e+00 3.998008e-01 3.998008e-01
2.400000e+00 0.000000e+00 3.996724e-01 3.996724e-01
2.500000e+00 0.000000e+00 3.995331e-01 3.995331e-01
2.600000e+00 0.000000e+00 3.993836e-01 3.993836e-01
2.700000e+00 0.000000e+00 3.992245e-01 3.992245e-01
2.800000e+00 0.000000e+00 3.990564e-01 3.990564e-01
2.900000e+00 0.000000e+00 3.988800e-01 3.988800e-01
3.000000e+00 0.000000e+00 3.986957e-01 3.986957e-01
3.100000e+00 0.000000e+00 3.985041e-01 3.985041e-01
3.200000e+00 0.000000e+00 3.983058e-01 3.983058e-01
3.300000e+00 0.000000e+00 3.981013e-01 3.981013e-01
3.400000e+00 0.000000e+00 3.978910e-01 3.978910e-01
3.500000e+00 0.000000e+00 3.976753e-01 3.976753e-01
3.600000e+00 0.000000e+00 3.974546e-01 3.974546e-01
3.700000e+00 0.000000e+00 3.972295e-01 3.972295e-01
3.800000e+00 0.000000e+00 3.970001e-01 3.970001e-01
3.900000e+00 0.000000e+00 3.967670e-01 3.967670e-01
4.000000e+00 0.000000e+00 3.965303e-01 3.965303e-01
4.100000e+00 0.000000e+00 3.962904e-01 3.962904e-01
4.200000e+00 0.000000e+00 3.960476e-01 3.960476e-01
4.300000e+00 0.000000e+00 3.958021e-01 3.958021e-01
4.400000e+00 0.000000e+00 3.955542e-01 3.955542e-01
4.500000e+00 0.000000e+00 3.953042e-01 3.953042e-01
4.600000e+00 0.000000e+00 3.950522e-01 3.950522e-01
4.700000e+00 0.000000e+00 3.947984e-01 3.947984e-01
4.800000e+00 0.000000e+00 3.945430e-01 3.945430e-01
4.900000e+00 0.000000e+00 3.942862e-01 3.942862e-01
5.000000e+00 0.000000e+00 3.940282e-01 3.940282e-01
5.100000e+00 0.000000e+00 3.937691e-01 3.937691e-01
5.200000e+00 0.000000e+00 3.935091e-01 3.935091e-01
5.300000e+00 0.000000e+00 3.932482e-01 3.932482e-01
5.400000e+00 0.000000e+00 3.929867e-01 3.929867e-01
5.500000e+00 0.000000e+00 3.927245e-01 3.927245e-01
5.600000e+00 0.000000e+00 3.924619e-01 3.924619e-01
5.700000e+00 0.000000e+00 3.921989e-01 3.921989e-01
5.800000e+00 0.000000e+00 3.919357e-01 3.919357e-01
5.900000e+00 0.000000e+00 3.916722e-01 3.916722e-01
6.000000e+00 0.000000e+00 3.914086e-01 3.914086e-01
6.100000e+00 0.000000e+00 3.911449e-01 3.911449e-01
6.200000e+00 0.000000e+00 3.908813e-01 3.908813e-01
6.300000e+00 0.000000e+00 3.906177e-01 3.906177e-01
6.400000e+00 0.000000e+00 3.903543e-01 3.903543e-01
6.500000e+00 0.000000e+00 3.900911e-01 3.900911e-01
6.600000e+00 0.000000e+00 3.898281e-01 3.898281e-01
6.700000e+00 0.000000e+00 3.895654e-01 3.895654e-01
6.800000e+00 0.000000e+00 3.893030e-01 3.893030e-01
6.900000e+00 0.000000e+00 3.890410e-01 3.890410e-01
7.000000e+00 0.000000e+00 3.887794e-01 3.887794e-01
7.100000e+00 0.000000e+00 3.885182e-01 3.885182e-01
7.200000e+00 0.000000e+00 3.882575e-01 3.882575e-01
7.300000e+00 0.000000e+00 3.879973e-01 3.879973e-01
7.400000e+00 0.000000e+00 3.877376e-01 3.877376e-01
7.500000e+00 0.000000e+00 3.874785e-01 3.874785e-01
7.600000e+00 0.000000e+00 3.872199e-01 3.872199e-01
7.700000e+00 0.000000e+00 3.869620e-01 3.869620e-01
7.800000e+00 0.000000e+00 3.867046e-01 3.867046e-01
7.900000e+00 0.000000e+00 3.864478e-01 3.864478e-01
8.000000e+00 0.000000e+00 3.861917e-01 3.861917e-01
8.100000e+00 0.000000e+00 3.859362e-01 3.859362e-01
8.200000e+00 0.000000e+00 3.856814e-01 3.856814e-01
8.300000e+00 0.000000e+00 3.854273e-01 3.854273e-01
8.400000e+00 0.000000e+00 3.851738e-01 3.851738e-01
8.500000e+00 0.000000e+00 3.849211e-01 3.849211e-01
8.600000e+00 0.000000e+00 3.846690e-01 3.846690e-01
8.700000e+00 0.000000e+00 3.844177e-01 3.844177e-01
8.800000e+00 0.000000e+00 3.841670e-01 3.841670e-01
8.900000e+00 0.000000e+00 3.839171e-01 3.839171e-01
9.000000e+00 0.000000e+00 3.836679e-01 3.836679e-01
9.100000e+00 0.000000e+00 3.834194e-01 3.834194e-01
9.200000e+00 0.000000e+00 3.831717e-01 3.831717e-01
9.300000e+00 0.000000e+00 3.829246e-01 3.829246e-01
9.400000e+00 0.000000e+00 3.826784e-01 3.826784e-01
9.500000e+00 0.000000e+00 3.824328e-01 3.824328e-01
9.600000e+00 0.000000e+00 3.821880e-01 3.821880e-01
9.700000e+00 0.000000e+00 3.819439e-01 3.819439e-01
9.800000e+00 0.000000e+00 3.817006e-01 3.817006e-01
9.900000e+00 0.000000e+00 3.814580e-01 3.814580e-01
1.000000e+01 0.000000e+00 3.812161e-01 3.812161e-01
1.010000e+01 0.000000e+00 3.809750e-01 3.809750e-01
1.020000e+01 0.000000e+00 3.807346e-01 3.807346e-01
1.030000e+01 0.000000e+00 3.804949e-01 3.804949e-01
1.040000e+01 0.000000e+00 3.802560e-01 3.802560e-01
1.050000e+01 0.000000e+00 3.800178e-01 3.800178e-01
1.060000e+01 0.000000e+00 3.797803e-01 3.797803e-01
1.070000e+01 0.000000e+00 3.795436e-01 3.795436e-01
1.080000e+01 0.000000e+00 3.793076e-01 3.793076e-01
1.090000e+01 0.000000e+00 3.790722e-01 3.790722e-01
1.100000e+01 0.000000e+00 3.788377e-01 3.788377e-01
1.110000e+01 0.000000e+00 3.786038e-01 3.786038e-01
1.120000e+01 0.000000e+00 3.783706e-01 3.783706e-01
1.130000e+01 0.000000e+00 3.781381e-01 3.781381e-01
1.140000e+01 0.000000e+00 3.779064e-01 3.779064e-01
1.150000e+01 0.000000e+00 3.776753e-01 3.776753e-01
1.160000e+01 0.000000e+00 3.774449e-01 3.774449e-01
1.170000e+01 0.000000e+00 3.772153e-01 3.772153e-01
1.180000e+01 0.000000e+00 3.769863e-01 3.769863e-01
1.190000e+01 0.000000e+00 3.767580e-01 3.767580e-01
1.200000e+01 0.000000e+00 3.765304e-01 3.765304e-01
1.210000e+01 0.000000e+00 3.763034e-01 3.763034e-01
1.220000e+01 0.000000e+00 3.760772e-01 3.760772e-01
1.230000e+01 0.000000e+00 3.758516e-01 3.758516e-01
1.240000e+01 0.000000e+00 3.756267e-01 3.756267e-01
1.250000e+01 0.000000e+00 3.754024e-01 3.754024e-01
1.260000e+01 0.000000e+00 3.751788e-01 3.751788e-01
1.270000e+01 0.000000e+00 3.749559e-01 3.749559e-01
1.280000e+01 0.000000e+00 3.747336e-01 3.747336e-01
1.290000e+01 0.000000e+00 3.745119e-01 3.745119e-01
1.300000e+01 0.000000e+00 3.742909e-01 3.742909e-01
1.310000e+01 0.000000e+00 3.740706e-01 3.740706e-01
1.320000e+01 0.000000e+00 3.738508e-01 3.738508e-01
1.330000e+01 0.000000e+00 3.736317e-01 3.736317e-01
1.340000e+01 0.000000e+00 3.734133e-01 3.734133e-01
1.350000e+01 0.000000e+00 3.731954e-01 3.731954e-01
1.360000e+01 0.000000e+00 3.729782e-01 3.729782e-01
1.370000e+01 0.000000e+00 3.727616e-01 3.727616e-01
1.380000e+01 0.000000e+00 3.725455e-01 3.725455e-01
1.390000e+01 0.000000e+00 3.723301e-01 3.723301e-01
1.400000e+01 0.000000e+00 3.721153e-01 3.721153e-01
1.410000e+01 0.000000e+00 3.719011e-01 3.719011e-01
1.420000e+01 0.000000e+00 3.716875e-01 3.716875e-01
1.430000e+01 0.000000e+00 3.714745e-01 3.714745e-01
1.440000e+01 0.000000e+00 3.712620e-01 3.712620e-01
1.450000e+01 0.000000e+00 3.710501e-01 3.710501e-01
1.460000e+01 0.000000e+00 3.708388e-01 3.708388e-01
1.470000e+01 0.000000e+00 3.706281e-01 3.706281e-01
1.480000e+01 0.000000e+00 3.704179e-01 3.704179e-01
1.490000e+01 0.000000e+00 3.702083e-01 3.702083e-01
1.500000e+01 0.000000e+00 3.699992e-01 3.699992e-01
1.510000e+01 0.000000e+00 3.697907e-01 3.697907e-01
1.520000e+01 0.000000e+00 3.695827e-01 3.695827e-01
1.530000e+01 0.000000e+00 3.693753e-01 3.693753e-01
1.540000e+01 0.000000e+00 3.691683e-01 3.691683e-01
1.550000e+01 0.000000e+00 3.689619e-01 3.689619e-01
1.560000e+01 0.000000e+00 3.687561e-01 3.687561e-01
1.570000e+01 0.000000e+00 3.685507e-01 3.685507e-01
1.580000e+01 0.000000e+00 3.683458e-01 3.683458e-01
1.590000e+01 0.000000e+00 3.681414e-01 3.681414e-01
1.600000e+01 0.000000e+00 3.679375e-01 3.679375e-01
1.610000e+01 0.000000e+00 3.677341e-01 3.677341e-01
1.620000e+01 0.000000e+00 3.675311e-01 3.675311e-01
1.630000e+01 0.000000e+00 3.673287e-01 3.673287e-01
1.640000e+01 0.000000e+00 3.671266e-01 3.671266e-01
1.650000e+01 0.000000e+00 3.669250e-01 3.669250e-01
1.660000e+01 0.000000e+00 3.667239e-01 3.667239e-01
1.670000e+01 0.000000e+00 3.665232e-01 3.665232e-01
1.680000e+01 0.000000e+00 3.663229e-01 3.663229e-01
1.690000e+01 0.000000e+00 3.661230e-01 3.661230e-01
1.700000e+01 0.000000e+00 3.659235e-01 3.659235e-01
1.710000e+01 0.000000e+00 3.657244e-01 3.657244e-01
1.720000e+01 0.000000e+00 3.655257e-01 3.655257e-01
1.730000e+01 0.000000e+00 3.653273e-01 3.653273e-01
1.740000e+01 0.000000e+00 3.651293e-01 3.651293e-01
1.750000e+01 0.000000e+00 3.649317e-01 3.649317e-01
1.760000e+01 0.000000e+00 3.647344e-01 3.647344e-01
1.770000e+01 0.000000e+00 3.645373e-01 3.645373e-01
1.780000e+01 0.000000e+00 3.643406e-01 3.643406e-01
1.790000e+01 0.000000e+00 3.641442e-01 3.641442e-01
1.800000e+01 0.000000e+00 3.639481e-01 3.639481e-01
1.810000e+01 0.000000e+00 3.637522e-01 3.637522e-01
1.820000e+01 0.000000e+00 3.635566e-01 3.635566e-01
1.830000e+01 0.000000e+00 3.633612e-01 3.633612e-01
1.840000e+01 0.000000e+00 3.631660e-01 3.631660e-01
1.850000e+01 0.000000e+00 3.629710e-01 3.629710e-01
1.860000e+01 0.000000e+00 3.627761e-01 3.627761e-01
1.870000e+01 0.000000e+00 3.625815e-01 3.625815e-01
1.880000e+01 0.000000e+00 3.623869e-01 3.623869e-01
1.890000e+01 0.000000e+00 3.621925e-01 3.621925e-01
1.900000e+01 0.000000e+00 3.619982e-01 3.619982e-01
1.910000e+01 0.000000e+00 3.618040e-01 3.618040e-01
1.920000e+01 0.000000e+00 3.616098e-01 3.616098e-01
1.930000e+01 0.000000e+00 3.614157e-01 3.614157e-01
1.940000e+01 0.000000e+00 3.612215e-01 3.612215e-01
1.950000e+01 0.000000e+00 3.610274e-01 3.610274e-01
1.960000e+01 0.000000e+00 3.608332e-01 3.608332e-01
1.970000e+01 0.000000e+00 3.606389e-01 3.606389e-01
1.980000e+01 0.000000e+00 3.604446e-01 3.604446e-01
1.990000e+01 0.000000e+00 3.602501e-01 3.602501e-01
2.000000e+01 0.000000e+00 3.600555e-01 3.600555e-01
2.010000e+01 0.000000e+00 3.598607e-01 3.598607e-01
2.020000e+01 0.000000e+00 3.596657e-01 3.596657e-01
2.030000e+01 0.000000e+00 3.594705e-01 3.594705e-01
2.040000e+01 0.000000e+00 3.592750e-01 3.592750e-01
2.050000e+01 0.000000e+00 3.590792e-01 3.590792e-01
2.060000e+01 0.000000e+00 3.588831e-01 3.588831e-01
2.070000e+01 0.000000e+00 3.586866e-01 3.586866e-01
2.080000e+01 0.000000e+00 3.584897e-01 3.584897e-01
2.090000e+01 0.000000e+00 3.582924e-01 3.582924e-01
2.100000e+01 0.000000e+00 3.580946e-01 3.580946e-01
2.110000e+01 0.000000e+00 3.578964e-01 3.578964e-01
2.120000e+01 0.000000e+00 3.576976e-01 3.576976e-01
2.130000e+01 0.000000e+00 3.574982e-01 3.574982e-01
2.140000e+01 0.000000e+00 3.572982e-01 3.572982e-01
2.150000e+01 0.000000e+00 3.570975e-01 3.570975e-01
2.160000e+01 0.000000e+00 3.568962e-01 3.568962e-01
2.170000e+01 0.000000e+00 3.566941e-01 3.566941e-01
2.180000e+01 0.000000e+00 3.564912e-01 3.564912e-01
2.190000e+01 0.000000e+00 3.562876e-01 3.562876e-01
2.200000e+01 0.000000e+00 3.560830e-01 3.560830e-01
2.210000e+01 0.000000e+00 3.558776e-01 3.558776e-01
2.220000e+01 0.000000e+00 3.556713e-01 3.556713e-01
2.230000e+01 0.000000e+00 3.554639e-01 3.554639e-01
2.240000e+01 0.000000e+00 3.552556e-01 3.552556e-01
2.250000e+01 0.000000e+00 3.550462e-01 3.550462e-01
2.260000e+01 0.000000e+00 3.548356e-01 3.548356e-01
2.270000e+01 0.000000e+00 3.546239e-01 3.546239e-01
2.280000e+01 0.000000e+00 3.544111e-01 3.544111e-01
2.290000e+01 0.000000e+00 3.541969e-01 3.541969e-01
2.300000e+01 0.000000e+00 3.539815e-01 3.539815e-01
2.310000e+01 0.000000e+00 3.537648e-01 3.537648e-01
2.320000e+01 0.000000e+00 3.535467e-01 3.535467e-01
2.330000e+01 0.000000e+00 3.533271e-01 3.533271e-01
2.340000e+01 0.000000e+00 3.531061e-01 3.531061e-01
2.350000e+01 0.000000e+00 3.528837e-01 3.528837e-01
2.360000e+01 0.000000e+00 3.526596e-01 3.526596e-01
2.370000e+01 0.000000e+00 3.524340e-01 3.524340e-01
2.380000e+01 0.000000e+00 3.522068e-01 3.522068e-01
2.390000e+01 0.000000e+00 3.519778e-01 3.519778e-01
2.400000e+01 0.000000e+00 3.517472e-01 3.517472e-01
2.410000e+01 0.000000e+00 3.515148e-01 3.515148e-01
2.420000e+01 0.000000e+00 3.512807e-01 3.512807e-01
2.430000e+01 0.000000e+00 3.510447e-01 3.510447e-01
2.440000e+01 0.000000e+00 3.508069e-01 3.508069e-01
2.450000e+01 0.000000e+00 3.505671e-01 3.505671e-01
2.460000e+01 0.000000e+00 3.503255e-01 3.503255e-01
2.470000e+01 0.000000e+00 3.500819e-01 3.500819e-01
2.480000e+01 0.000000e+00 3.498362e-01 3.498362e-01
2.490000e+01 0.000000e+00 3.495886e-01 3.495886e-01
2.500000e+01 0.000000e+00 3.493389e-01 3.493389e-01
2.510000e+01 0.000000e+00 3.490871e-01 3.490871e-01
2.520000e+01 0.000000e+00 3.488332e-01 3.488332e-01
2.530000e+01 0.000000e+00 3.485772e-01 3.485772e-01
2.540000e+01 0.000000e+00 3.483190e-01 3.483190e-01
2.550000e+01 0.000000e+00 3.480587e-01 3.480587e-01
2.560000e+01 0.000000e+00 3.477961e-01 3.477961e-01
2.570000e+01 0.000000e+00 3.475313e-01 3.475313e-01
2.580000e+01 0.000000e+00 3.472643e-01 3.472643e-01
2.590000e+01 0.000000e+00 3.469951e-01 3.469951e-01
2.600000e+01 0.000000e+00 3.467236e-01 3.467236e-01
2.610000e+01 0.000000e+00 3.464498e-01 3.464498e-01
2.620000e+01 0.000000e+00 3.461737e-01 3.461737e-01
2.630000e+01 0.000000e+00 3.458954e-01 3.458954e-01
2.640000e+01 0.000000e+00 3.456148e-01 3.456148e-01
2.650000e+01 0.000000e+00 3.453318e-01 3.453318e-01
2.660000e+01 0.000000e+00 3.450466e-01 3.450466e-01
2.670000e+01 0.000000e+00 3.447591e-01 3.447591e-01
2.680000e+01 0.000000e+00 3.444692e-01 3.444692e-01
2.690000e+01 0.000000e+00 3.441771e-01 3.441771e-01
2.700000e+01 0.000000e+00 3.438827e-01 3.438827e-01
2.710000e+01 0.000000e+00 3.435860e-01 3.435860e-01
2.720000e+01 0.000000e+00 3.432871e-01 3.432871e-01
2.730000e+01 0.000000e+00 3.429859e-01 3.429859e-01
2.740000e+01 0.000000e+00 3.426824e-01 3.426824e-01
2.750000e+01 0.000000e+00 3.423767e-01 3.423767e-01
2.760000e+01 0.000000e+00 3.420688e-01 3.420688e-01
2.770000e+01 0.000000e+00 3.417586e-01 3.417586e-01
2.780000e+01 0.000000e+00 3.414463e-01 3.414463e-01
2.790000e+01 0.000000e+00 3.411319e-01 3.411319e-01
2.800000e+01 0.000000e+00 3.408153e-01 3.408153e-01
2.810000e+01 0.000000e+00 3.404965e-01 3.404965e-01
2.820000e+01 0.000000e+00 3.401757e-01 3.401757e-01
2.830000e+01 0.000000e+00 3.398528e-01 3.398528e-01
2.840000e+01 0.000000e+00 3.395279e-01 3.395279e-01
2.850000e+01 0.000000e+00 3.392009e-01 3.392009e-01
2.860000e+01 0.000000e+00 3.388720e-01 3.388720e-01
2.870000e+01 0.000000e+00 3.385411e-01 3.385411e-01
2.880000e+01 0.000000e+00 3.382083e-01 3.382083e-01
2.890000e+01 0.000000e+00 3.378736e-01 3.378736e-01
2.900000e+01 0.000000e+00 3.375370e-01 3.375370e-01
2.910000e+01 0.000000e+00 3.371986e-01 3.371986e-01
2.920000e+01 0.000000e+00 3.368584e-01 3.368584e-01
2.930000e+01 0.000000e+00 3.365164e-01 3.365164e-01
2.940000e+01 0.000000e+00 3.361727e-01 3.361727e-01
2.950000e+01 0.000000e+00 3.358273e-01 3.358273e-01
2.960000e+01 0.000000e+00 3.354803e-01 3.354803e-01
2.970000e+01 0.000000e+00 3.351316e-01 3.351316e-01
2.980000e+01 0.000000e+00 3.347814e-01 3.347814e-01
2.990000e+01 0.000000e+00 3.344296e-01 3.344296e-01
3.000000e+01 0.000000e+00 3.340763e-01 3.340763e-01
3.010000e+01 0.000000e+00 3.337215e-01 3.337215e-01
3.020000e+01 0.000000e+00 3.333653e-01 3.333653e-01
3.030000e+01 0.000000e+00 3.330077e-01 3.330077e-01
3.040000e+01 0.000000e+00 3.326487e-01 3.326487e-01
3.050000e+01 0.000000e+00 3.322884e-01 3.322884e-01
3.060000e+01 0.000000e+00 3.319269e-01 3.319269e-01
3.070000e+01 0.000000e+00 3.315641e-01 3.315641e-01
3.080000e+01 0.000000e+00 3.312000e-01 3.312000e-01
3.090000e+01 0.000000e+00 3.308349e-01 3.308349e-01
3.100000e+01 0.000000e+00 3.304685e-01 3.304685e-01
3.110000e+01 0.000000e+00 3.301011e-01 3.301011e-01
3.120000e+01 0.000000e+00 3.297327e-01 3.297327e-01
3.130000e+01 0.000000e+00 3.293632e-01 3.293632e-01
3.140000e+01 0.000000e+00 3.289927e-01 3.289927e-01
3.150000e+01 0.000000e+00 3.286213e-01 3.286213e-01
3.160000e+01 0.000000e+00 3.282489e-01 3.282489e-01
3.170000e+01 0.000000e+00 3.278757e-01 3.278757e-01
3.180000e+01 0.000000e+00 3.275017e-01 3.275017e-01
3.190000e+01 0.000000e+00 3.271268e-01 3.271268e-01
3.200000e+01 0.000000e+00 3.267512e-01 3.267512e-01
3.210000e+01 0.000000e+00 3.263748e-01 3.263748e-01
3.220000e+01 0.000000e+00 3.259977e-01 3.259977e-01
3.230000e+01 0.000000e+00 3.256200e-01 3.256200e-01
3.240000e+01 0.000000e+00 3.252416e-01 3.252416e-01
3.250000e+01 0.000000e+00 3.248626e-01 3.248626e-01
3.260000e+01 0.000000e+00 3.244830e-01 3.244830e-01
3.270000e+01 0.000000e+00 3.241029e-01 3.241029e-01
3.280000e+01 0.000000e+00 3.237222e-01 3.237222e-01
3.290000e+01 0.000000e+00 3.233411e-01 3.233411e-01
3.300000e+01 0.000000e+00 3.229596e-01 3.229596e-01
3.310000e+01 0.000000e+00 3.225776e-01 3.225776e-01
3.320000e+01 0.000000e+00 3.221952e-01 3.221952e-01
3.330000e+01 0.000000e+00 3.218124e-01 3.218124e-01
3.340000e+01 0.000000e+00 3.214293e-01 3.214293e-01
3.350000e+01 0.000000e+00 3.210459e-01 3.210459e-01
3.360000e+01 0.000000e+00 3.206622e-01 3.206622e-01
3.370000e+01 0.000000e+00 3.202783e-01 3.202783e-01
3.380000e+01 0.000000e+00 3.198941e-01 3.198941e-01
3.390000e+01 0.000000e+00 3.195097e-01 3.195097e-01
3.400000e+01 0.000000e+00 3.191251e-01 3.191251e-01
3.410000e+01 0.000000e+00 3.187404e-01 3.187404e-01
3.420000e+01 0.000000e+00 3.183555e-01 3.183555e-01
3.430000e+01 0.000000e+00 3.179705e-01 3.179705e-01
3.440000e+01 0.000000e+00 3.175855e-01 3.175855e-01
3.450000e+01 0.000000e+00 3.172003e-01 3.172003e-01
3.460000e+01 0.000000e+00 3.168152e-01 3.168152e-01
3.470000e+01 0.000000e+00 3.164300e-01 3.164300e-01
3.480000e+01 0.000000e+00 3.160448e-01 3.160448e-01
3.490000e+01 0.000000e+00 3.156596e-01 3.156596e-01
3.500000e+01 0.000000e+00 3.152744e-01 3.152744e-01
3.510000e+01 0.000000e+00 3.148893e-01 3.148893e-01
3.520000e+01 0.000000e+00 3.145043e-01 3.145043e-01
3.530000e+01 0.000000e+00 3.141194e-01 3.141194e-01
3.540000e+01 0.000000e+00 3.137346e-01 3.137346e-01
3.550000e+01 0.000000e+00 3.133499e-01 3.133499e-01
3.560000e+01 0.000000e+00 3.129654e-01 3.129654e-01
3.570000e+01 0.000000e+00 3.125810e-01 3.125810e-01
3.580000e+01 0.000000e+00 3.121968e-01 3.121968e-01
3.590000e+01 0.000000e+00 3.118128e-01 3.118128e-01
3.600000e+01 0.000000e+00 3.114290e-01 3.114290e-01
3.610000e+01 0.000000e+00 3.110455e-01 3.110455e-01
3.620000e+01 0.000000e+00 3.106621e-01 3.106621e-01
3.630000e+01 0.000000e+00 3.102791e-01 3.102791e-01
3.640000e+01 0.000000e+00 3.098963e-01 3.098963e-01
3.650000e+01 0.000000e+00 3.095138e-01 3.095138e-01
3.660000e+01 0.000000e+00 3.091316e-01 3.091316e-01
3.670000e+01 0.000000e+00 3.087497e-01 3.087497e-01
3.680000e+01 0.000000e+00 3.083682e-01 3.083682e-01
3.690000e+01 0.000000e+00 3.079869e-01 3.079869e-01
3.700000e+01 0.000000e+00 3.076061e-01 3.076061e-01
3.710000e+01 0.000000e+00 3.072255e-01 3.072255e-01
3.720000e+01 0.000000e+00 3.068454e-01 3.068454e-01
3.730000e+01 0.000000e+00 3.064656e-01 3.064656e-01
3.740000e+01 0.000000e+00 3.060862e-01 3.060862e-01
3.750000e+01 0.000000e+00 3.057073e-01 3.057073e-01
3.760000e+01 0.000000e+00 3.053287e-01 3.053287e-01
3.770000e+01 0.000000e+00 3.049506e-01 3.049506e-01
3.780000e+01 0.000000e+00 3.045729e-01 3.045729e-01
3.790000e+01 0.000000e+00 3.041956e-01 3.041956e-01
3.800000e+01 0.000000e+00 3.038188e-01 3.038188e-01
3.810000e+01 0.000000e+00 3.034424e-01 3.034424e-01
3.820000e+01 0.000000e+00 3.030666e-01 3.030666e-01
3.830000e+01 0.000000e+00 3.026911e-01 3.026911e-01
3.840000e+01 0.000000e+00 3.023162e-01 3.023162e-01
3.850000e+01 0.000000e+00 3.019418e-01 3.019418e-01
3.860000e+01 0.000000e+00 3.015678e-01 3.015678e-01
3.870000e+01 0.000000e+00 3.011944e-01 3.011944e-01
3.880000e+01 0.000000e+00 3.008214e-01 3.008214e-01
3.890000e+01 0.000000e+00 3.004490e-01 3.004490e-01
3.900000e+01 0.000000e+00 3.000771e-01 3.000771e-01
3.910000e+01 0.000000e+00 2.997058e-01 2.997058e-01
3.920000e+01 0.000000e+00 2.993350e-01 2.993350e-01
3.930000e+01 0.000000e+00 2.989647e-01 2.989647e-01
3.940000e+01 0.000000e+00 2.985950e-01 2.985950e-01
3.950000e+01 0.000000e+00 2.982258e-01 2.982258e-01
3.960000e+01 0.000000e+00 2.978572e-01 2.978572e-01
3.970000e+01 0.000000e+00 2.974891e-01 2.974891e-01
3.980000e+01 0.000000e+00 2.971217e-01 2.971217e-01
3.990000e+01 0.000000e+00 2.967548e-01 2.967548e-01
4.000000e+01 0.000000e+00 2.963884e-01 2.963884e-01
4.010000e+01 0.000000e+00 2.960227e-01 2.960227e-01
4.020000e+01 0.000000e+00 2.956575e-01 2.956575e-01
4.030000e+01 0.000000e+00 2.952930e-01 2.952930e-01
4.040000e+01 0.000000e+00 2.949290e-01 2.949290e-01
4.050000e+01 0.000000e+00 2.945656e-01 2.945656e-01
4.060000e+01 0.000000e+00 2.942029e-01 2.942029e-01
4.070000e+01 0.000000e+00 2.938407e-01 2.938407e-01
4.080000e+01 0.000000e+00 2.934792e-01 2.934792e-01
4.090000e+01 0.000000e+00 2.931182e-01 2.931182e-01
4.100000e+01 0.000000e+00 2.927579e-01 2.927579e-01
4.110000e+01 0.000000e+00 2.923982e-01 2.923982e-01
4.120000e+01 0.000000e+00 2.920392e-01 2.920392e-01
4.130000e+01 0.000000e+00 2.916807e-01 2.916807e-01
4.140000e+01 0.000000e+00 2.913229e-01 2.913229e-01
4.150000e+01 0.000000e+00 2.909657e-01 2.909657e-01
4.160000e+01 0.000000e+00 2.906091e-01 2.906091e-01
4.170000e+01 0.000000e+00 2.902532e-01 2.902532e-01
4.180000e+01 0.000000e+00 2.898979e-01 2.898979e-01
4.190000e+01 0.000000e+00 2.895433e-01 2.895433e-01
4.200000e+01 0.000000e+00 2.891893e-01 2.891893e-01
4.210000e+01 0.000000e+00 2.888359e-01 2.888359e-01
4.220000e+01 0.000000e+00 2.884832e-01 2.884832e-01
4.230000e+01 0.000000e+00 2.881311e-01 2.881311e-01
4.240000e+01 0.000000e+00 2.877797e-01 2.877797e-01
4.250000e+01 0.000000e+00 2.874289e-01 2.874289e-01
4.260000e+01 0.000000e+00 2.870787e-01 2.870787e-01
4.270000e+01 0.000000e+00 2.867292e-01 2.867292e-01
4.280000e+01 0.000000e+00 2.863804e-01 2.863804e-01
4.290000e+01 0.000000e+00 2.860322e-01 2.860322e-01
4.300000e+01 0.000000e+00 2.856847e-01 2.856847e-01
4.310000e+01 0.000000e+00 2.853378e-01 2.853378e-01
4.320000e+01 0.000000e+00 2.849916e-01 2.849916e-01
4.330000e+01 0.000000e+00 2.846461e-01 2.846461e-01
4.340000e+01 0.000000e+00 2.843012e-01 2.843012e-01
4.350000e+01 0.000000e+00 2.839569e-01 2.839569e-01
4.360000e+01 0.000000e+00 2.836133e-01 2.836133e-01
4.370000e+01 0.000000e+00 2.832704e-01 2.832704e-01
4.380000e+01 0.000000e+00 2.829281e-01 2.829281e-01
4.390000e+01 0.000000e+00 2.825865e-01 2.825865e-01
4.400000e+01 0.000000e+00 2.822455e-01 2.822455e-01
4.410000e+01 0.000000e+00 2.819052e-01 2.819052e-01
4.420000e+01 0.000000e+00 2.815656e-01 2.815656e-01
4.430000e+01 0.000000e+00 2.812266e-01 2.812266e-01
4.440000e+01 0.000000e+00 2.808883e-01 2.808883e-01
4.450000e+01 0.000000e+00 2.805506e-01 2.805506e-01
4.460000e+01 0.000000e+00 2.802136e-01 2.802136e-01
4.470000e+01 0.000000e+00 2.798773e-01 2.798773e-01
4.480000e+01 0.000000e+00 2.795416e-01 2.795416e-01
4.490000e+01 0.000000e+00 2.792066e-01 2.792066e-01
4.500000e+01 0.000000e+00 2.788723e-01 2.788723e-01
4.510000e+01 0.000000e+00 2.785386e-01 2.785386e-01
4.520000e+01 0.000000e+00 2.782055e-01 2.782055e-01
4.530000e+01 0.000000e+00 2.778731e-01 2.778731e-01
4.540000e+01 0.000000e+00 2.775414e-01 2.775414e-01
4.550000e+01 0.000000e+00 2.772103e-01 2.772103e-01
4.560000e+01 0.000000e+00 2.768799e-01 2.768799e-01
4.570000e+01 0.000000e+00 2.765502e-01 2.765502e-01
4.580000e+01 0.000000e+00 2.762211e-01 2.762211e-01
4.590000e+01 0.000000e+00 2.758927e-01 2.758927e-01
4.600000e+01 0.000000e+00 2.755649e-01 2.755649e-01
4.610000e+01 0.000000e+00 2.752377e-01 2.752377e-01
4.620000e+01 0.000000e+00 2.749113e-01 2.749113e-01
4.630000e+01 0.000000e+00 2.745854e-01 2.745854e-01
4.640000e+01 0.000000e+00 2.742603e-01 2.742603e-01
4.650000e+01 0.000000e+00 2.739357e-01 2.739357e-01
4.660000e+01 0.000000e+00 2.736118e-01 2.736118e-01
4.670000e+01 0.000000e+00 2.732886e-01 2.732886e-01
4.680000e+01 0.000000e+00 2.729660e-01 2.729660e-01
4.690000e+01 0.000000e+00 2.726441e-01 2.726441e-01
4.700000e+01 0.000000e+00 2.723228e-01 2.723228e-01
4.710000e+01 0.000000e+00 2.720022e-01 2.720022e-01
4.720000e+01 0.000000e+00 2.716822e-01 2.716822e-01
4.730000e+01 0.000000e+00 2.713629e-01 2.713629e-01
4.740000e+01 0.000000e+00 2.710441e-01 2.710441e-01
4.750000e+01 0.000000e+00 2.707261e-01 2.707261e-01
4.760000e+01 0.000000e+00 2.704087e-01 2.704087e-01
4.770000e+01 0.000000e+00 2.700919e-01 2.700919e-01
4.780000e+01 0.000000e+00 2.697757e-01 2.697757e-01
4.790000e+01 0.000000e+00 2.694602e-01 2.694602e-01
4.800000e+01 0.000000e+00 2.691454e-01 2.691454e-01
4.810000e+01 0.000000e+00 2.688311e-01 2.688311e-01
4.820000e+01 0.000000e+00 2.685175e-01 2.685175e-01
4.830000e+01 0.000000e+00 2.682046e-01 2.682046e-01
4.840000e+01 0.000000e+00 2.678922e-01 2.678922e-01
4.850000e+01 0.000000e+00 2.675805e-01 2.675805e-01
4.860000e+01 0.000000e+00 2.672694e-01 2.672694e-01
4.870000e+01 0.000000e+00 2.669590e-01 2.669590e-01
4.880000e+01 0.000000e+00 2.666492e-01 2.666492e-01
4.890000e+01 0.000000e+00 2.663400e-01 2.663400e-01
4.900000e+01 0.000000e+00 2.660314e-01 2.660314e-01
4.910000e+01 0.000000e+00 2.657235e-01 2.657235e-01
4.920000e+01 0.000000e+00 2.654161e-01 2.654161e-01
4.930000e+01 0.000000e+00 2.651094e-01 2.651094e-01
4.940000e+01 0.000000e+00 2.648033e-01 2.648033e-01
4.950000e+01 0.000000e+00 2.644979e-01 2.644979e-01
4.960000e+01 0.000000e+00 2.641930e-01 2.641930e-01
4.970000e+01 0.000000e+00 2.638888e-01 2.638888e-01
4.980000e+01 0.000000e+00 2.635851e-01 2.635851e-01
4.990000e+01 0.000000e+00 2.632821e-01 2.632821e-01
5.000000e+01 0.000000e+00 2.629797e-01 2.629797e-01
5.010000e+01 0.000000e+00 2.626779e-01 2.626779e-01
5.020000e+01 0.000000e+00 2.623767e-01 2.623767e-01
5.030000e+01 0.000000e+00 2.620761e-01 2.620761e-01
5.040000e+01 0.000000e+00 2.617762e-01 2.617762e-01
5.050000e+01 0.000000e+00 2.614768e-01 2.614768e-01
5.060000e+01 0.000000e+00 2.611780e-01 2.611780e-01
5.070000e+01 0.000000e+00 2.608798e-01 2.608798e-01
5.080000e+01 0.000000e+00 2.605823e-01 2.605823e-01
5.090000e+01 0.000000e+00 2.602853e-01 2.602853e-01
5.100000e+01 0.000000e+00 2.599889e-01 2.599889e-01
5.110000e+01 0.000000e+00 2.596932e-01 2.596932e-01
5.120000e+01 0.000000e+00 2.593980e-01 2.593980e-01
5.130000e+01 0.000000e+00 2.591034e-01 2.591034e-01
5.140000e+01 0.000000e+00 2.588094e-01 2.588094e-01
5.150000e+01 0.000000e+00 2.585160e-01 2.585160e-01
5.160000e+01 0.000000e+00 2.582232e-01 2.582232e-01
5.170000e+01 0.000000e+00 2.579309e-01 2.579309e-01
5.180000e+01 0.000000e+00 2.576393e-01 2.576393e-01
5.190000e+01 0.000000e+00 2.573482e-01 2.573482e-01
5.200000e+01 0.000000e+00 2.570577e-01 2.570577e-01
5.210000e+01 0.000000e+00 2.567678e-01 2.567678e-01
5.220000e+01 0.000000e+00 2.564784e-01 2.564784e-01
5.230000e+01 0.000000e+00 2.561897e-01 2.561897e-01
5.240000e+01 0.000000e+00 2.559015e-01 2.559015e-01
5.250000e+01 0.000000e+00 2.556139e-01 2.556139e-01
5.260000e+01 0.000000e+00 2.553269e-01 2.553269e-01
5.270000e+01 0.000000e+00 2.550404e-01 2.550404e-01
5.280000e+01 0.000000e+00 2.547545e-01 2.547545e-01
5.290000e+01 0.000000e+00 2.544692e-01 2.544692e-01
5.300000e+01 0.000000e+00 2.541845e-01 2.541845e-01
5.310000e+01 0.000000e+00 2.539003e-01 2.539003e-01
5.320000e+01 0.000000e+00 2.536167e-01 2.536167e-01
5.330000e+01 0.000000e+00 2.533336e-01 2.533336e-01
5.340000e+01 0.000000e+00 2.530511e-01 2.530511e-01
5.350000e+01 0.000000e+00 2.527692e-01 2.527692e-01
5.360000e+01 0.000000e+00 2.524878e-01 2.524878e-01
5.370000e+01 0.000000e+00 2.522070e-01 2.522070e-01
5.380000e+01 0.000000e+00 2.519267e-01 2.519267e-01
5.390000e+01 0.000000e+00 2.516470e-01 2.516470e-01
5.400000e+01 0.000000e+00 2.513679e-01 2.513679e-01
5.410000e+01 0.000000e+00 2.510892e-01 2.510892e-01
5.420000e+01 0.000000e+00 2.508112e-01 2.508112e-01
5.430000e+01 0.000000e+00 2.505337e-01 2.505337e-01
5.440000e+01 0.000000e+00 2.502567e-01 2.502567e-01
5.450000e+01 0.000000e+00 2.499803e-01 2.499803e-01
5.460000e+01 0.000000e+00 2.497044e-01 2.497044e-01
5.470000e+01 0.000000e+00 2.494290e-01 2.494290e-01
5.480000e+01 0.000000e+00 2.491542e-01 2.491542e-01
5.490000e+01 0.000000e+00 2.488800e-01 2.488800e-01
5.500000e+01 0.000000e+00 2.486063e-01 2.486063e-01
5.510000e+01 0.000000e+00 2.483331e-01 2.483331e-01
5.520000e+01 0.000000e+00 2.480605e-01 2.480605e-01
5.530000e+01 0.000000e+00 2.477884e-01 2.477884e-01
5.540000e+01 0.000000e+00 2.475168e-01 2.475168e-01
5.550000e+01 0.000000e+00 2.472458e-01 2.472458e-01
5.560000e+01 0.000000e+00 2.469753e-01 2.469753e-01
5.570000e+01 0.000000e+00 2.467053e-01 2.467053e-01
5.580000e+01 0.000000e+00 2.464358e-01 2.464358e-01
5.590000e+01 0.000000e+00 2.461669e-01 2.461669e-01
5.600000e+01 0.000000e+00 2.458984e-01 2.458984e-01
5.610000e+01 0.000000e+00 2.456305e-01 2.456305e-01
5.620000e+01 0.000000e+00 2.453631e-01 2.453631e-01
5.630000e+01 0.000000e+00 2.450963e-01 2.450963e-01
5.640000e+01 0.000000e+00 2.448299e-01 2.448299e-01
5.650000e+01 0.000000e+00 2.445641e-01 2.445641e-01
5.660000e+01 0.000000e+00 2.442988e-01 2.442988e-01
5.670000e+01 0.000000e+00 2.440340e-01 2.440340e-01
5.680000e+01 0.000000e+00 2.437698e-01 2.437698e-01
5.690000e+01 0.000000e+00 2.435060e-01 2.435060e-01
5.700000e+01 0.000000e+00 2.432427e-01 2.432427e-01
5.710000e+01 0.000000e+00 2.429800e-01 2.429800e-01
5.720000e+01 0.000000e+00 2.427177e-01 2.427177e-01
5.730000e+01 0.000000e+00 2.424560e-01 2.424560e-01
5.740000e+01 0.000000e+00 2.421947e-01 2.421947e-01
5.750000e+01 0.000000e+00 2.419340e-01 2.419340e-01
5.760000e+01 0.000000e+00 2.416737e-01 2.416737e-01
5.770000e+01 0.000000e+00 2.414140e-01 2.414140e-01
5.780000e+01 0.000000e+00 2.411547e-01 2.411547e-01
5.790000e+01 0.000000e+00 2.408959e-01 2.408959e-01
5.800000e+01 0.000000e+00 2.406377e-01 2.406377e-01
5.810000e+01 0.000000e+00 2.403799e-01 2.403799e-01
5.820000e+01 0.000000e+00 2.401226e-01 2.401226e-01
5.830000e+01 0.000000e+00 2.398658e-01 2.398658e-01
5.840000e+01 0.000000e+00 2.396095e-01 2.396095e-01
5.850000e+01 0.000000e+00 2.393537e-01 2.393537e-01
5.860000e+01 0.000000e+00 2.390984e-01 2.390984e-01
5.870000e+01 0.000000e+00 2.388436e-01 2.388436e-01
5.880000e+01 0.000000e+00 2.385892e-01 2.385892e-01
5.890000e+01 0.000000e+00 2.383353e-01 2.383353e-01
5.900000e+01 0.000000e+00 2.380820e-01 2.380820e-01
5.910000e+01 0.000000e+00 2.378291e-01 2.378291e-01
5.920000e+01 0.000000e+00 2.375766e-01 2.375766e-01
5.930000e+01 0.000000e+00 2.373247e-01 2.373247e-01
5.940000e+01 0.000000e+00 2.370732e-01 2.370732e-01
5.950000e+01 0.000000e+00 2.368223e-01 2.368223e-01
5.960000e+01 0.000000e+00 2.365718e-01 2.365718e-01
5.970000e+01 0.000000e+00 2.363217e-01 2.363217e-01
5.980000e+01 0.000000e+00 2.360721e-01 2.360721e-01
5.990000e+01 0.000000e+00 2.358230e-01 2.358230e-01
6.000000e+01 0.000000e+00 2.355744e-01 2.355744e-01
6.010000e+01 0.000000e+00 2.353262e-01 2.353262e-01
6.020000e+01 0.000000e+00 2.350785e-01 2.350785e-01
6.030000e+01 0.000000e+00 2.348313e-01 2.348313e-01
6.040000e+01 0.000000e+00 2.345845e-01 2.345845e-01
6.050000e+01 0.000000e+00 2.343382e-01 2.343382e-01
6.060000e+01 0.000000e+00 2.340924e-01 2.340924e-01
6.070000e+01 0.000000e+00 2.338470e-01 2.338470e-01
6.080000e+01 0.000000e+00 2.336021e-01 2.336021e-01
6.090000e+01 0.000000e+00 2.333576e-01 2.333576e-01
6.100000e+01 0.000000e+00 2.331136e-01 2.331136e-01
6.110000e+01 0.000000e+00 2.328700e-01 2.328700e-01
6.120000e+01 0.000000e+00 2.326269e-01 2.326269e-01
6.130000e+01 0.000000e+00 2.323842e-01 2.323842e-01
6.140000e+01 0.000000e+00 2.321420e-01 2.321420e-01
6.150000e+01 0.000000e+00 2.319002e-01 2.319002e-01
6.160000e+01 0.000000e+00 2.316589e-01 2.316589e-01
6.170000e+01 0.000000e+00 2.314180e-01 2.314180e-01
6.180000e+01 0.000000e+00 2.311776e-01 2.311776e-01
6.190000e+01 0.000000e+00 2.309376e-01 2.309376e-01
6.200000e+01 0.000000e+00 2.306980e-01 2.306980e-01
6.210000e+01 0.000000e+00 2.304589e-01 2.304589e-01
6.220000e+01 0.000000e+00 2.302203e-01 2.302203e-01
6.230000e+01 0.000000e+00 2.299821e-01 2.299821e-01
6.240000e+01 0.000000e+00 2.297443e-01 2.297443e-01
6.250000e+01 0.000000e+00 2.295069e-01 2.295069e-01
6.260000e+01 0.000000e+00 2.292700e-01 2.292700e-01
6.270000e+01 0.000000e+00 2.290336e-01 2.290336e-01
6.280000e+01 0.000000e+00 2.287975e-01 2.287975e-01
6.290000e+01 0.000000e+00 2.285619e-01 2.285619e-01
6.300000e+01 0.000000e+00 2.283267e-01 2.283267e-01
6.310000e+01 0.000000e+00 2.280920e-01 2.280920e-01
6.320000e+01 0.000000e+00 2.278577e-01 2.278577e-01
6.330000e+01 0.000000e+00 2.276238e-01 2.276238e-01
6.340000e+01 0.000000e+00 2.273903e-01 2.273903e-01
6.350000e+01 0.000000e+00 2.271572e-01 2.271572e-01
6.360000e+01 0.000000e+00 2.269246e-01 2.269246e-01
6.370000e+01 0.000000e+00 2.266924e-01 2.266924e-01
6.380000e+01 0.000000e+00 2.264606e-01 2.264606e-01
6.390000e+01 0.000000e+00 2.262293e-01 2.262293e-01
6.400000e+01 0.000000e+00 2.259983e-01 2.259983e-01
6.410000e+01 0.000000e+00 2.257678e-01 2.257678e-01
6.420000e+01 0.000000e+00 2.255377e-01 2.255377e-01
6.430000e+01 0.000000e+00 2.253080e-01 2.253080e-01
6.440000e+01 0.000000e+00 2.250787e-01 2.250787e-01
6.450000e+01 0.000000e+00 2.248498e-01 2.248498e-01
6.460000e+01 0.000000e+00 2.246214e-01 2.246214e-01
6.470000e+01 0.000000e+00 2.243933e-01 2.243933e-01
6.480000e+01 0.000000e+00 2.241657e-01 2.241657e-01
6.490000e+01 0.000000e+00 2.239385e-01 2.239385e-01
6.500000e+01 0.000000e+00 2.237117e-01 2.237117e-01
6.510000e+01 0.000000e+00 2.234853e-01 2.234853e-01
6.520000e+01 0.000000e+00 2.232593e-01 2.232593e-01
6.530000e+01 0.000000e+00 2.230337e-01 2.230337e-01
6.540000e+01 0.000000e+00 2.228085e-01 2.228085e-01
6.550000e+01 0.000000e+00 2.225837e-01 2.225837e-01
6.560000e+01 0.000000e+00 2.223593e-01 2.223593e-01
6.570000e+01 0.000000e+00 2.221353e-01 2.221353e-01
6.580000e+01 0.000000e+00 2.219118e-01 2.219118e-01
6.590000e+01 0.000000e+00 2.216886e-01 2.216886e-01
6.600000e+01 0.000000e+00 2.214658e-01 2.214658e-01
6.610000e+01 0.000000e+00 2.212435e-01 2.212435e-01
6.620000e+01 0.000000e+00 2.210215e-01 2.210215e-01
6.630000e+01 0.000000e+00 2.207999e-01 2.207999e-01
6.640000e+01 0.000000e+00 2.205787e-01 2.205787e-01
6.650000e+01 0.000000e+00 2.203579e-01 2.203579e-01
6.660000e+01 0.000000e+00 2.201374e-01 2.201374e-01
6.670000e+01 0.000000e+00 2.199174e-01 2.199174e-01
6.680000e+01 0.000000e+00 2.196977e-01 2.196977e-01
6.690000e+01 0.000000e+00 2.194785e-01 2.194785e-01
6.700000e+01 0.000000e+00 2.192596e-01 2.192596e-01
6.710000e+01 0.000000e+00 2.190411e-01 2.190411e-01
6.720000e+01 0.000000e+00 2.188229e-01 2.188229e-01
6.730000e+01 0.000000e+00 2.186052e-01 2.186052e-01
6.740000e+01 0.000000e+00 2.183878e-01 2.183878e-01
6.750000e+01 0.000000e+00 2.181709e-01 2.181709e-01
6.760000e+01 0.000000e+00 2.179543e-01 2.179543e-01
6.770000e+01 0.000000e+00 2.177381e-01 2.177381e-01
6.780000e+01 0.000000e+00 2.175223e-01 2.175223e-01
6.790000e+01 0.000000e+00 2.173069e-01 2.173069e-01
6.800000e+01 0.000000e+00 2.170918e-01 2.170918e-01
6.810000e+01 0.000000e+00 2.168771e-01 2.168771e-01
6.820000e+01 0.000000e+00 2.166628e-01 2.166628e-01
6.830000e+01 0.000000e+00 2.164488e-01 2.164488e-01
6.840000e+01 0.000000e+00 2.162352e-01 2.162352e-01
6.850000e+01 0.000000e+00 2.160220e-01 2.160220e-01
6.860000e+01 0.000000e+00 2.158091e-01 2.158091e-01
6.870000e+01 0.000000e+00 2.155966e-01 2.155966e-01
6.880000e+01 0.000000e+00 2.153845e-01 2.153845e-01
6.890000e+01 0.000000e+00 2.151727e-01 2.151727e-01
6.900000e+01 0.000000e+00 2.149613e-01 2.149613e-01
6.910000e+01 0.000000e+00 2.147503e-01 2.147503e-01
6.920000e+01 0.000000e+00 2.145397e-01 2.145397e-01
6.930000e+01 0.000000e+00 2.143294e-01 2.143294e-01
6.940000e+01 0.000000e+00 2.141195e-01 2.141195e-01
6.950000e+01 0.000000e+00 2.139100e-01 2.139100e-01
6.960000e+01 0.000000e+00 2.137008e-01 2.137008e-01
6.970000e+01 0.000000e+00 2.134920e-01 2.134920e-01
6.980000e+01 0.000000e+00 2.132835e-01 2.132835e-01
6.990000e+01 0.000000e+00 2.130754e-01 2.130754e-01
7.000000e+01 0.000000e+00 2.128676e-01 2.128676e-01
7.010000e+01 0.000000e+00 2.126602e-01 2.126602e-01
7.020000e+01 0.000000e+00 2.124531e-01 2.124531e-01
7.030000e+01 0.000000e+00 2.122464e-01 2.122464e-01
7.040000e+01 0.000000e+00 2.120401e-01 2.120401e-01
7.050000e+01 0.000000e+00 2.118341e-01 2.118341e-01
7.060000e+01 0.000000e+00 2.116284e-01 2.116284e-01
7.070000e+01 0.000000e+00 2.114231e-01 2.114231e-01
7.080000e+01 0.000000e+00 2.112182e-01 2.112182e-01
7.090000e+01 0.000000e+00 2.110136e-01 2.110136e-01
7.100000e+01 0.000000e+00 2.108093e-01 2.108093e-01
7.110000e+01 0.000000e+00 2.106054e-01 2.106054e-01
7.120000e+01 0.000000e+00 2.104019e-01 2.104019e-01
7.130000e+01 0.000000e+00 2.101987e-01 2.101987e-01
7.140000e+01 0.000000e+00 2.099958e-01 2.099958e-01
7.150000e+01 0.000000e+00 2.097933e-01 2.097933e-01
7.160000e+01 0.000000e+00 2.095911e-01 2.095911e-01
7.170000e+01 0.000000e+00 2.093893e-01 2.093893e-01
7.180000e+01 0.000000e+00 2.091878e-01 2.091878e-01
7.190000e+01 0.000000e+00 2.089867e-01 2.089867e-01
7.200000e+01 0.000000e+00 2.087859e-01 2.087859e-01
7.210000e+01 0.000000e+00 2.085854e-01 2.085854e-01
7.220000e+01 0.000000e+00 2.083853e-01 2.083853e-01
7.230000e+01 0.000000e+00 2.081854e-01 2.081854e-01
7.240000e+01 0.000000e+00 2.079860e-01 2.079860e-01
7.250000e+01 0.000000e+00 2.077868e-01 2.077868e-01
7.260000e+01 0.000000e+00 2.075880e-01 2.075880e-01
7.270000e+01 0.000000e+00 2.073896e-01 2.073896e-01
7.280000e+01 0.000000e+00 2.071914e-01 2.071914e-01
7.290000e+01 0.000000e+00 2.069936e-01 2.069936e-01
7.300000e+01 0.000000e+00 2.067962e-01 2.067962e-01
7.310000e+01 0.000000e+00 2.065990e-01 2.065990e-01
7.320000e+01 0.000000e+00 2.064022e-01 2.064022e-01
7.330000e+01 0.000000e+00 2.062057e-01 2.062057e-01
7.340000e+01 0.000000e+00 2.060096e-01 2.060096e-01
7.350000e+01 0.000000e+00 2.058137e-01 2.058137e-01
7.360000e+01 0.000000e+00 2.056182e-01 2.056182e-01
7.370000e+01 0.000000e+00 2.054231e-01 2.054231e-01
7.380000e+01 0.000000e+00 2.052282e-01 2.052282e-01
7.390000e+01 0.000000e+00 2.050337e-01 2.050337e-01
7.400000e+01 0.000000e+00 2.048395e-01 2.048395e-01
7.410000e+01 0.000000e+00 2.046456e-01 2.046456e-01
7.420000e+01 0.000000e+00 2.044520e-01 2.044520e-01
7.430000e+01 0.000000e+00 2.042587e-01 2.042587e-01
7.440000e+01 0.000000e+00 2.040658e-01 2.040658e-01
7.450000e+01 0.000000e+00 2.038732e-01 2.038732e-01
7.460000e+01 0.000000e+00 2.036808e-01 2.036808e-01
7.470000e+01 0.000000e+00 2.034889e-01 2.034889e-01
7.480000e+01 0.000000e+00 2.032972e-01 2.032972e-01
7.490000e+01 0.000000e+00 2.031058e-01 2.031058e-01
7.500000e+01 0.000000e+00 2.029148e-01 2.029148e-01
7.510000e+01 0.000000e+00 2.027240e-01 2.027240e-01
7.520000e+01 0.000000e+00 2.025336e-01 2.025336e-01
7.530000e+01 0.000000e+00 2.023435e-01 2.023435e-01
7.540000e+01 0.000000e+00 2.021537e-01 2.021537e-01
7.550000e+01 0.000000e+00 2.019642e-01 2.019642e-01
7.560000e+01 0.000000e+00 2.017751e-01 2.017751e-01
7.570000e+01 0.000000e+00 2.015862e-01 2.015862e-01
7.580000e+01 0.000000e+00 2.013976e-01 2.013976e-01
7.590000e+01 0.000000e+00 2.012094e-01 2.012094e-01
7.600000e+01 0.000000e+00 2.010214e-01 2.010214e-01
7.610000e+01 0.000000e+00 2.008337e-01 2.008337e-01
7.620000e+01 0.000000e+00 2.006464e-01 2.006464e-01
7.630000e+01 0.000000e+00 2.004593e-01 2.004593e-01
7.640000e+01 0.000000e+00 2.002726e-01 2.002726e-01
7.650000e+01 0.000000e+00 2.000862e-01 2.000862e-01
7.660000e+01 0.000000e+00 1.999000e-01 1.999000e-01
7.670000e+01 0.000000e+00 1.997142e-01 1.997142e-01
7.680000e+01 0.000000e+00 1.995287e-01 1.995287e-01
7.690000e+01 0.000000e+00 1.993434e-01 1.993434e-01
7.700000e+01 0.000000e+00 1.991585e-01 1.991585e-01
7.710000e+01 0.000000e+00 1.989738e-01 1.989738e-01
7.720000e+01 0.000000e+00 1.987895e-01 1.987895e-01
7.730000e+01 0.000000e+00 1.986054e-01 1.986054e-01
7.740000e+01 0.000000e+00 1.984216e-01 1.984216e-01
7.750000e+01 0.000000e+00 1.982382e-01 1.982382e-01
7.760000e+01 0.000000e+00 1.980550e-01 1.980550e-01
7.770000e+01 0.000000e+00 1.978721e-01 1.978721e-01
7.780000e+01 0.000000e+00 1.976895e-01 1.976895e-01
7.790000e+01 0.000000e+00 1.975072e-01 1.975072e-01
7.800000e+01 0.000000e+00 1.973252e-01 1.973252e-01
7.810000e+01 0.000000e+00 1.971435e-01 1.971435e-01
7.820000e+01 0.000000e+00 1.969621e-01 1.969621e-01
7.830000e+01 0.000000e+00 1.967809e-01 1.967809e-01
7.840000e+01 0.000000e+00 1.966001e-01 1.966001e-01
7.850000e+01 0.000000e+00 1.964195e-01 1.964195e-01
7.860000e+01 0.000000e+00 1.962393e-01 1.962393e-01
7.870000e+01 0.000000e+00 1.960593e-01 1.960593e-01
7.880000e+01 0.000000e+00 1.958796e-01 1.958796e-01
7.890000e+01 0.000000e+00 1.957002e-01 1.957002e-01
7.900000e+01 0.000000e+00 1.955210e-01 1.955210e-01
7.910000e+01 0.000000e+00 1.953422e-01 1.953422e-01
7.920000e+01 0.000000e+00 1.951636e-01 1.951636e-01
7.930000e+01 0.000000e+00 1.949853e-01 1.949853e-01
7.940000e+01 0.000000e+00 1.948073e-01 1.948073e-01
7.950000e+01 0.000000e+00 1.946296e-01 1.946296e-01
7.960000e+01 0.000000e+00 1.944521e-01 1.944521e-01
7.970000e+01 0.000000e+00 1.942749e-01 1.942749e-01
7.980000e+01 0.000000e+00 1.940980e-01 1.940980e-01
7.990000e+01 0.000000e+00 1.939214e-01 1.939214e-01
8.000000e+01 0.000000e+00 1.937451e-01 1.937451e-01
8.010000e+01 0.000000e+00 1.935690e-01 1.935690e-01
8.020000e+01 0.000000e+00 1.933932e-01 1.933932e-01
8.030000e+01 0.000000e+00 1.932177e-01 1.932177e-01
8.040000e+01 0.000000e+00 1.930424e-01 1.930424e-01
8.050000e+01 0.000000e+00 1.928675e-01 1.928675e-01
8.060000e+01 0.000000e+00 1.926928e-01 1.926928e-01
8.070000e+01 0.000000e+00 1.925184e-01 1.925184e-01
8.080000e+01 0.000000e+00 1.923442e-01 1.923442e-01
8.090000e+01 0.000000e+00 1.921703e-01 1.921703e-01
8.100000e+01 0.000000e+00 1.919967e-01 1.919967e-01
8.110000e+01 0.000000e+00 1.918234e-01 1.918234e-01
8.120000e+01 0.000000e+00 1.916503e-01 1.916503e-01
8.130000e+01 0.000000e+00 1.914775e-01 1.914775e-01
8.140000e+01 0.000000e+00 1.913049e-01 1.913049e-01
8.150000e+01 0.000000e+00 1.911326e-01 1.911326e-01
8.160000e+01 0.000000e+00 1.909605e-01 1.909605e-01
8.170000e+01 0.000000e+00 1.907888e-01 1.907888e-01
8.180000e+01 0.000000e+00 1.906173e-01 1.906173e-01
8.190000e+01 0.000000e+00 1.904460e-01 1.904460e-01
8.200000e+01 0.000000e+00 1.902750e-01 1.902750e-01
8.210000e+01 0.000000e+00 1.901043e-01 1.901043e-01
8.220000e+01 0.000000e+00 1.899339e-01 1.899339e-01
8.230000e+01 0.000000e+00 1.897637e-01 1.897637e-01
8.240000e+01 0.000000e+00 1.895938e-01 1.895938e-01
8.250000e+01 0.000000e+00 1.894241e-01 1.894241e-01
8.260000e+01 0.000000e+00 1.892547e-01 1.892547e-01
8.270000e+01 0.000000e+00 1.890856e-01 1.890856e-01
8.280000e+01 0.000000e+00 1.889167e-01 1.889167e-01
8.290000e+01 0.000000e+00 1.887481e-01 1.887481e-01
8.300000e+01 0.000000e+00 1.885797e-01 1.885797e-01
8.310000e+01 0.000000e+00 1.884116e-01 1.884116e-01
8.320000e+01 0.000000e+00 1.882437e-01 1.882437e-01
8.330000e+01 0.000000e+00 1.880761e-01 1.880761e-01
8.340000e+01 0.000000e+00 1.879087e-01 1.879087e-01
8.350000e+01 0.000000e+00 1.877416e-01 1.877416e-01
8.360000e+01 0.000000e+00 1.875748e-01 1.875748e-01
8.370000e+01 0.000000e+00 1.874082e-01 1.874082e-01
8.380000e+01 0.000000e+00 1.872419e-01 1.872419e-01
8.390000e+01 0.000000e+00 1.870758e-01 1.870758e-01
8.400000e+01 0.000000e+00 1.869100e-01 1.869100e-01
8.410000e+01 0.000000e+00 1.867444e-01 1.867444e-01
8.420000e+01 0.000000e+00 1.865791e-01 1.865791e-01
8.430000e+01 0.000000e+00 1.864140e-01 1.864140e-01
8.440000e+01 0.000000e+00 1.862491e-01 1.862491e-01
8.450000e+01 0.000000e+00 1.860845e-01 1.860845e-01
8.460000e+01 0.000000e+00 1.859201e-01 1.859201e-01
8.470000e+01 0.000000e+00 1.857560e-01 1.857560e-01
8.480000e+01 0.000000e+00 1.855921e-01 1.855921e-01
8.490000e+01 0.000000e+00 1.854284e-01 1.854284e-01
8.500000e+01 0.000000e+00 1.852650e-01 1.852650e-01
8.510000e+01 0.000000e+00 1.851019e-01 1.851019e-01
8.520000e+01 0.000000e+00 1.849390e-01 1.849390e-01
8.530000e+01 0.000000e+00 1.847764e-01 1.847764e-01
8.540000e+01 0.000000e+00 1.846139e-01 1.846139e-01
8.550000e+01 0.000000e+00 1.844518e-01 1.844518e-01
8.560000e+01 0.000000e+00 1.842898e-01 1.842898e-01
8.570000e+01 0.000000e+00 1.841282e-01 1.841282e-01
8.580000e+01 0.000000e+00 1.839667e-01 1.839667e-01
8.590000e+01 0.000000e+00 1.838055e-01 1.838055e-01
8.600000e+01 0.000000e+00 1.836446e-01 1.836446e-01
8.610000e+01 0.000000e+00 1.834838e-01 1.834838e-01
8.620000e+01 0.000000e+00 1.833234e-01 1.833234e-01
8.630000e+01 0.000000e+00 1.831631e-01 1.831631e-01
8.640000e+01 0.000000e+00 1.830031e-01 1.830031e-01
8.650000e+01 0.000000e+00 1.828433e-01 1.828433e-01
8.660000e+01 0.000000e+00 1.826838e-01 1.826838e-01
8.670000e+01 0.000000e+00 1.825245e-01 1.825245e-01
8.680000e+01 0.000000e+00 1.823654e-01 1.823654e-01
8.690000e+01 0.000000e+00 1.822065e-01 1.822065e-01
8.700000e+01 0.000000e+00 1.820479e-01 1.820479e-01
8.710000e+01 0.000000e+00 1.818896e-01 1.818896e-01
8.720000e+01 0.000000e+00 1.817314e-01 1.817314e-01
8.730000e+01 0.000000e+00 1.815735e-01 1.815735e-01
8.740000e+01 0.000000e+00 1.814159e-01 1.814159e-01
8.750000e+01 0.000000e+00 1.812584e-01 1.812584e-01
8.760000e+01 0.000000e+00 1.811012e-01 1.811012e-01
8.770000e+01 0.000000e+00 1.809442e-01 1.809442e-01
8.780000e+01 0.000000e+00 1.807875e-01 1.807875e-01
8.790000e+01 0.000000e+00 1.806309e-01 1.806309e-01
8.800000e+01 0.000000e+00 1.804746e-01 1.804746e-01
8.810000e+01 0.000000e+00 1.803185e-01 1.803185e-01
8.820000e+01 0.000000e+00 1.801627e-01 1.801627e-01
8.830000e+01 0.000000e+00 1.800071e-01 1.800071e-01
8.840000e+01 0.000000e+00 1.798517e-01 1.798517e-01
8.850000e+01 0.000000e+00 1.796965e-01 1.796965e-01
8.860000e+01 0.000000e+00 1.795415e-01 1.795415e-01
8.870000e+01 0.000000e+00 1.793868e-01 1.793868e-01
8.880000e+01 0.000000e+00 1.792323e-01 1.792323e-01
8.890000e+01 0.000000e+00 1.790780e-01 1.790780e-01
8.900000e+01 0.000000e+00 1.789240e-01 1.789240e-01
8.910000e+01 0.000000e+00 1.787701e-01 1.787701e-01
8.920000e+01 0.000000e+00 1.786165e-01 1.786165e-01
8.930000e+01 0.000000e+00 1.784631e-01 1.784631e-01
8.940000e+01 0.000000e+00 1.783100e-01 1.783100e-01
8.950000e+01 0.000000e+00 1.781570e-01 1.781570e-01
8.960000e+01 0.000000e+00 1.780043e-01 1.780043e-01
8.970000e+01 0.000000e+00 1.778518e-01 1.778518e-01
8.980000e+01 0.000000e+00 1.776995e-01 1.776995e-01
8.990000e+01 0.000000e+00 1.775474e-01 1.775474e-01
9.000000e+01 0.000000e+00 1.773955e-01 1.773955e-01
9.010000e+01 0.000000e+00 1.772439e-01 1.772439e-01
9.020000e+01 0.000000e+00 1.770925e-01 1.770925e-01
9.030000e+01 0.000000e+00 1.769412e-01 1.769412e-01
9.040000e+01 0.000000e+00 1.767903e-01 1.767903e-01
9.050000e+01 0.000000e+00 1.766395e-01 1.766395e-01
9.060000e+01 0.000000e+00 1.764889e-01 1.764889e-01
9.070000e+01 0.000000e+00 1.763386e-01 1.763386e-01
9.080000e+01 0.000000e+00 1.761884e-01 1.761884e-01
9.090000e+01 0.000000e+00 1.760385e-01 1.760385e-01
9.100000e+01 0.000000e+00 1.758888e-01 1.758888e-01
9.110000e+01 0.000000e+00 1.757393e-01 1.757393e-01
9.120000e+01 0.000000e+00 1.755900e-01 1.755900e-01
9.130000e+01 0.000000e+00 1.754409e-01 1.754409e-01
9.140000e+01 0.000000e+00 1.752921e-01 1.752921e-01
9.150000e+01 0.000000e+00 1.751434e-01 1.751434e-01
9.160000e+01 0.000000e+00 1.749950e-01 1.749950e-01
9.170000e+01 0.000000e+00 1.748467e-01 1.748467e-01
9.180000e+01 0.000000e+00 1.746987e-01 1.746987e-01
9.190000e+01 0.000000e+00 1.745509e-01 1.745509e-01
9.200000e+01 0.000000e+00 1.744033e-01 1.744033e-01
9.210000e+01 0.000000e+00 1.742559e-01 1.742559e-01
9.220000e+01 0.000000e+00 1.741087e-01 1.741087e-01
9.230000e+01 0.000000e+00 1.739617e-01 1.739617e-01
9.240000e+01 0.000000e+00 1.738149e-01 1.738149e-01
9.250000e+01 0.000000e+00 1.736683e-01 1.736683e-01
9.260000e+01 0.000000e+00 1.735219e-01 1.735219e-01
9.270000e+01 0.000000e+00 1.733758e-01 1.733758e-01
9.280000e+01 0.000000e+00 1.732298e-01 1.732298e-01
9.290000e+01 0.000000e+00 1.730840e-01 1.730840e-01
9.300000e+01 0.000000e+00 1.729385e-01 1.729385e-01
9.310000e+01 0.000000e+00 1.727931e-01 1.727931e-01
9.320000e+01 0.000000e+00 1.726480e-01 1.726480e-01
9.330000e+01 0.000000e+00 1.725030e-01 1.725030e-01
9.340000e+01 0.000000e+00 1.723583e-01 1.723583e-01
9.350000e+01 0.000000e+00 1.722137e-01 1.722137e-01
9.360000e+01 0.000000e+00 1.720694e-01 1.720694e-01
9.370000e+01 0.000000e+00 1.719252e-01 1.719252e-01
9.380000e+01 0.000000e+00 1.717813e-01 1.717813e-01
9.390000e+01 0.000000e+00 1.716375e-01 1.716375e-01
9.400000e+01 0.000000e+00 1.714940e-01 1.714940e-01
9.410000e+01 0.000000e+00 1.713506e-01 1.713506e-01
9.420000e+01 0.000000e+00 1.712075e-01 1.712075e-01
9.430000e+01 0.000000e+00 1.710645e-01 1.710645e-01
9.440000e+01 0.000000e+00 1.709218e-01 1.709218e-01
9.450000e+01 0.000000e+00 1.707792e-01 1.707792e-01
9.460000e+01 0.000000e+00 1.706368e-01 1.706368e-01
9.470000e+01 0.000000e+00 1.704946e-01 1.704946e-01
9.480000e+01 0.000000e+00 1.703526e-01 1.703526e-01
9.490000e+01 0.000000e+00 1.702108e-01 1.702108e-01
9.500000e+01 0.000000e+00 1.700692e-01 1.700692e-01
9.510000e+01 0.000000e+00 1.699278e-01 1.699278e-01
9.520000e+01 0.000000e+00 1.697866e-01 1.697866e-01
9.530000e+01 0.000000e+00 1.696455e-01 1.696455e-01
9.540000e+01 0.000000e+00 1.695047e-01 1.695047e-01
9.550000e+01 0.000000e+00 1.693640e-01 1.693640e-01
9.560000e+01 0.000000e+00 1.692236e-01 1.692236e-01
9.570000e+01 0.000000e+00 1.690833e-01 1.690833e-01
9.580000e+01 0.000000e+00 1.689432e-01 1.689432e-01
9.590000e+01 0.000000e+00 1.688033e-01 1.688033e-01
9.600000e+01 0.000000e+00 1.686636e-01 1.686636e-01
9.610000e+01 0.000000e+00 1.685241e-01 1.685241e-01
9.620000e+01 0.000000e+00 1.683848e-01 1.683848e-01
9.630000e+01 0.000000e+00 1.682457e-01 1.682457e-01
9.640000e+01 0.000000e+00 1.681067e-01 1.681067e-01
9.650000e+01 0.000000e+00 1.679680e-01 1.679680e-01
9.660000e+01 0.000000e+00 1.678294e-01 1.678294e-01
9.670000e+01 0.000000e+00 1.676910e-01 1.676910e-01
9.680000e+01 0.000000e+00 1.675528e-01 1.675528e-01
9.690000e+01 0.000000e+00 1.674147e-01 1.674147e-01
9.700000e+01 0.000000e+00 1.672769e-01 1.672769e-01
9.710000e+01 0.000000e+00 1.671393e-01 1.671393e-01
9.720000e+01 0.000000e+00 1.670018e-01 1.670018e-01
9.730000e+01 0.000000e+00 1.668646e-01 1.668646e-01
9.740000e+01 0.000000e+00 1.667275e-01 1.667275e-01
9.750000e+01 0.000000e+00 1.665906e-01 1.665906e-01
9.760000e+01 0.000000e+00 1.664539e-01 1.664539e-01
9.770000e+01 0.000000e+00 1.663173e-01 1.663173e-01
9.780000e+01 0.000000e+00 1.661810e-01 1.661810e-01
9.790000e+01 0.000000e+00 1.660448e-01 1.660448e-01
9.800000e+01 0.000000e+00 1.659088e-01 1.659088e-01
9.810000e+01 0.000000e+00 1.657729e-01 1.657729e-01
9.820000e+01 0.000000e+00 1.656373e-01 1.656373e-01
9.830000e+01 0.000000e+00 1.655018e-01 1.655018e-01
9.840000e+01 0.000000e+00 1.653665e-01 1.653665e-01
9.850000e+01 0.000000e+00 1.652314e-01 1.652314e-01
9.860000e+01 0.000000e+00 1.650965e-01 1.650965e-01
9.870000e+01 0.000000e+00 1.649617e-01 1.649617e-01
9.880000e+01 0.000000e+00 1.648271e-01 1.648271e-01
9.890000e+01 0.000000e+00 1.646927e-01 1.646927e-01
9.900000e+01 0.000000e+00 1.645585e-01 1.645585e-01
9.910000e+01 0.000000e+00 1.644245e-01 1.644245e-01
9.920000e+01 0.000000e+00 1.642906e-01 1.642906e-01
9.930000e+01 0.000000e+00 1.641569e-01 1.641569e-01
9.940000e+01 0.000000e+00 1.640234e-01 1.640234e-01
9.950000e+01 0.000000e+00 1.638901e-01 1.638901e-01
9.960000e+01 0.000000e+00 1.637570e-01 1.637570e-01
9.970000e+01 0.000000e+00 1.636240e-01 1.636240e-01
9.980000e+01 0.000000e+00 1.634912e-01 1.634912e-01
9.990000e+01 0.000000e+00 1.633585e-01 1.633585e-01
1.000000e+02 0.000000e+00 1.632261e-01 1.632261e-01
