# # chi(t) for Pe = 300, beta = 0.5, bridge_width = 1.0
# # Columns: time, chi, I_T (signed), I_|T| (unsigned)
0.000000e+00 0.000000e+00 3.835511e-01 3.835511e-01
1.000000e-01 3.530000e-05 3.992358e-01 3.992499e-01
2.000000e-01 0.000000e+00 4.002133e-01 4.002133e-01
3.000000e-01 0.000000e+00 4.002527e-01 4.002527e-01
4.000000e-01 0.000000e+00 4.003105e-01 4.003105e-01
5.000000e-01 2.000000e-07 4.003197e-01 4.003198e-01
6.000000e-01 5.100000e-06 4.003038e-01 4.003058e-01
7.000000e-01 2.290000e-05 4.002423e-01 4.002514e-01
8.000000e-01 3.390000e-05 4.002773e-01 4.002909e-01
9.000000e-01 2.360000e-05 4.003117e-01 4.003211e-01
1.000000e+00 5.300000e-06 4.003406e-01 4.003427e-01
1.100000e+00 0.000000e+00 4.003588e-01 4.003588e-01
1.200000e+00 0.000000e+00 4.003617e-01 4.003617e-01
1.300000e+00 0.000000e+00 4.003461e-01 4.003461e-01
1.400000e+00 0.000000e+00 4.003100e-01 4.003100e-01
1.500000e+00 0.000000e+00 4.002522e-01 4.002522e-01
1.600000e+00 0.000000e+00 4.001727e-01 4.001727e-01
1.700000e+00 0.000000e+00 4.000718e-01 4.000718e-01
1.800000e+00 0.000000e+00 3.999503e-01 3.999503e-01
1.900000e+00 0.000000e+00 3.998090e-01 3.998090e-01
2.000000e+00 0.000000e+00 3.996491e-01 3.996491e-01
2.100000e+00 0.000000e+00 3.994716e-01 3.994716e-01
2.200000e+00 0.000000e+00 3.992779e-01 3.992779e-01
2.300000e+00 0.000000e+00 3.990691e-01 3.990691e-01
2.400000e+00 0.000000e+00 3.988463e-01 3.988463e-01
2.500000e+00 0.000000e+00 3.986106e-01 3.986106e-01
2.600000e+00 0.000000e+00 3.983631e-01 3.983631e-01
2.700000e+00 0.000000e+00 3.981048e-01 3.981048e-01
2.800000e+00 0.000000e+00 3.978366e-01 3.978366e-01
2.900000e+00 0.000000e+00 3.975594e-01 3.975594e-01
3.000000e+00 0.000000e+00 3.972740e-01 3.972740e-01
3.100000e+00 0.000000e+00 3.969812e-01 3.969812e-01
3.200000e+00 0.000000e+00 3.966818e-01 3.966818e-01
3.300000e+00 0.000000e+00 3.963763e-01 3.963763e-01
3.400000e+00 0.000000e+00 3.960654e-01 3.960654e-01
3.500000e+00 0.000000e+00 3.957497e-01 3.957497e-01
3.600000e+00 0.000000e+00 3.954296e-01 3.954296e-01
3.700000e+00 0.000000e+00 3.951057e-01 3.951057e-01
3.800000e+00 0.000000e+00 3.947784e-01 3.947784e-01
3.900000e+00 0.000000e+00 3.944482e-01 3.944482e-01
4.000000e+00 0.000000e+00 3.941153e-01 3.941153e-01
4.100000e+00 0.000000e+00 3.937802e-01 3.937802e-01
4.200000e+00 0.000000e+00 3.934431e-01 3.934431e-01
4.300000e+00 0.000000e+00 3.931044e-01 3.931044e-01
4.400000e+00 0.000000e+00 3.927643e-01 3.927643e-01
4.500000e+00 0.000000e+00 3.924231e-01 3.924231e-01
4.600000e+00 0.000000e+00 3.920810e-01 3.920810e-01
4.700000e+00 0.000000e+00 3.917382e-01 3.917382e-01
4.800000e+00 0.000000e+00 3.913949e-01 3.913949e-01
4.900000e+00 0.000000e+00 3.910512e-01 3.910512e-01
5.000000e+00 0.000000e+00 3.907073e-01 3.907073e-01
5.100000e+00 0.000000e+00 3.903635e-01 3.903635e-01
5.200000e+00 0.000000e+00 3.900197e-01 3.900197e-01
5.300000e+00 0.000000e+00 3.896761e-01 3.896761e-01
5.400000e+00 0.000000e+00 3.893328e-01 3.893328e-01
5.500000e+00 0.000000e+00 3.889900e-01 3.889900e-01
5.600000e+00 0.000000e+00 3.886476e-01 3.886476e-01
5.700000e+00 0.000000e+00 3.883059e-01 3.883059e-01
5.800000e+00 0.000000e+00 3.879647e-01 3.879647e-01
5.900000e+00 0.000000e+00 3.876244e-01 3.876244e-01
6.000000e+00 0.000000e+00 3.872847e-01 3.872847e-01
6.100000e+00 0.000000e+00 3.869459e-01 3.869459e-01
6.200000e+00 0.000000e+00 3.866080e-01 3.866080e-01
6.300000e+00 0.000000e+00 3.862710e-01 3.862710e-01
6.400000e+00 0.000000e+00 3.859349e-01 3.859349e-01
6.500000e+00 0.000000e+00 3.855998e-01 3.855998e-01
6.600000e+00 0.000000e+00 3.852657e-01 3.852657e-01
6.700000e+00 0.000000e+00 3.849326e-01 3.849326e-01
6.800000e+00 0.000000e+00 3.846005e-01 3.846005e-01
6.900000e+00 0.000000e+00 3.842694e-01 3.842694e-01
7.000000e+00 0.000000e+00 3.839394e-01 3.839394e-01
7.100000e+00 0.000000e+00 3.836104e-01 3.836104e-01
7.200000e+00 0.000000e+00 3.832825e-01 3.832825e-01
7.300000e+00 0.000000e+00 3.829556e-01 3.829556e-01
7.400000e+00 0.000000e+00 3.826297e-01 3.826297e-01
7.500000e+00 0.000000e+00 3.823048e-01 3.823048e-01
7.600000e+00 0.000000e+00 3.819810e-01 3.819810e-01
7.700000e+00 0.000000e+00 3.816582e-01 3.816582e-01
7.800000e+00 0.000000e+00 3.813363e-01 3.813363e-01
7.900000e+00 0.000000e+00 3.810154e-01 3.810154e-01
8.000000e+00 0.000000e+00 3.806955e-01 3.806955e-01
8.100000e+00 0.000000e+00 3.803764e-01 3.803764e-01
8.200000e+00 0.000000e+00 3.800582e-01 3.800582e-01
8.300000e+00 0.000000e+00 3.797409e-01 3.797409e-01
8.400000e+00 0.000000e+00 3.794244e-01 3.794244e-01
8.500000e+00 0.000000e+00 3.791087e-01 3.791087e-01
8.600000e+00 0.000000e+00 3.787938e-01 3.787938e-01
8.700000e+00 0.000000e+00 3.784796e-01 3.784796e-01
8.800000e+00 0.000000e+00 3.781661e-01 3.781661e-01
8.900000e+00 0.000000e+00 3.778532e-01 3.778532e-01
9.000000e+00 0.000000e+00 3.775409e-01 3.775409e-01
9.100000e+00 0.000000e+00 3.772292e-01 3.772292e-01
9.200000e+00 0.000000e+00 3.769180e-01 3.769180e-01
9.300000e+00 0.000000e+00 3.766073e-01 3.766073e-01
9.400000e+00 0.000000e+00 3.762970e-01 3.762970e-01
9.500000e+00 0.000000e+00 3.759871e-01 3.759871e-01
9.600000e+00 0.000000e+00 3.756775e-01 3.756775e-01
9.700000e+00 0.000000e+00 3.753682e-01 3.753682e-01
9.800000e+00 0.000000e+00 3.750591e-01 3.750591e-01
9.900000e+00 0.000000e+00 3.747502e-01 3.747502e-01
1.000000e+01 0.000000e+00 3.744415e-01 3.744415e-01
1.010000e+01 0.000000e+00 3.741328e-01 3.741328e-01
1.020000e+01 0.000000e+00 3.738241e-01 3.738241e-01
1.030000e+01 0.000000e+00 3.735155e-01 3.735155e-01
1.040000e+01 0.000000e+00 3.732067e-01 3.732067e-01
1.050000e+01 0.000000e+00 3.728978e-01 3.728978e-01
1.060000e+01 0.000000e+00 3.725887e-01 3.725887e-01
1.070000e+01 0.000000e+00 3.722794e-01 3.722794e-01
1.080000e+01 0.000000e+00 3.719698e-01 3.719698e-01
1.090000e+01 0.000000e+00 3.716598e-01 3.716598e-01
1.100000e+01 0.000000e+00 3.713494e-01 3.713494e-01
1.110000e+01 0.000000e+00 3.710386e-01 3.710386e-01
1.120000e+01 0.000000e+00 3.707272e-01 3.707272e-01
1.130000e+01 0.000000e+00 3.704153e-01 3.704153e-01
1.140000e+01 0.000000e+00 3.701027e-01 3.701027e-01
1.150000e+01 0.000000e+00 3.697894e-01 3.697894e-01
1.160000e+01 0.000000e+00 3.694755e-01 3.694755e-01
1.170000e+01 0.000000e+00 3.691607e-01 3.691607e-01
1.180000e+01 0.000000e+00 3.688451e-01 3.688451e-01
1.190000e+01 0.000000e+00 3.685286e-01 3.685286e-01
1.200000e+01 0.000000e+00 3.682112e-01 3.682112e-01
1.210000e+01 0.000000e+00 3.678927e-01 3.678927e-01
1.220000e+01 0.000000e+00 3.675733e-01 3.675733e-01
1.230000e+01 0.000000e+00 3.672527e-01 3.672527e-01
1.240000e+01 0.000000e+00 3.669310e-01 3.669310e-01
1.250000e+01 0.000000e+00 3.666081e-01 3.666081e-01
1.260000e+01 0.000000e+00 3.662840e-01 3.662840e-01
1.270000e+01 0.000000e+00 3.659586e-01 3.659586e-01
1.280000e+01 0.000000e+00 3.656319e-01 3.656319e-01
1.290000e+01 0.000000e+00 3.653038e-01 3.653038e-01
1.300000e+01 0.000000e+00 3.649744e-01 3.649744e-01
1.310000e+01 0.000000e+00 3.646434e-01 3.646434e-01
1.320000e+01 0.000000e+00 3.643110e-01 3.643110e-01
1.330000e+01 0.000000e+00 3.639771e-01 3.639771e-01
1.340000e+01 0.000000e+00 3.636416e-01 3.636416e-01
1.350000e+01 0.000000e+00 3.633045e-01 3.633045e-01
1.360000e+01 0.000000e+00 3.629657e-01 3.629657e-01
1.370000e+01 0.000000e+00 3.626253e-01 3.626253e-01
1.380000e+01 0.000000e+00 3.622832e-01 3.622832e-01
1.390000e+01 0.000000e+00 3.619394e-01 3.619394e-01
1.400000e+01 0.000000e+00 3.615938e-01 3.615938e-01
1.410000e+01 0.000000e+00 3.612465e-01 3.612465e-01
1.420000e+01 0.000000e+00 3.608973e-01 3.608973e-01
1.430000e+01 0.000000e+00 3.605463e-01 3.605463e-01
1.440000e+01 0.000000e+00 3.601934e-01 3.601934e-01
1.450000e+01 0.000000e+00 3.598387e-01 3.598387e-01
1.460000e+01 0.000000e+00 3.594820e-01 3.594820e-01
1.470000e+01 0.000000e+00 3.591235e-01 3.591235e-01
1.480000e+01 0.000000e+00 3.587630e-01 3.587630e-01
1.490000e+01 0.000000e+00 3.584006e-01 3.584006e-01
1.500000e+01 0.000000e+00 3.580362e-01 3.580362e-01
1.510000e+01 0.000000e+00 3.576699e-01 3.576699e-01
1.520000e+01 0.000000e+00 3.573016e-01 3.573016e-01
1.530000e+01 0.000000e+00 3.569312e-01 3.569312e-01
1.540000e+01 0.000000e+00 3.565589e-01 3.565589e-01
1.550000e+01 0.000000e+00 3.561846e-01 3.561846e-01
1.560000e+01 0.000000e+00 3.558083e-01 3.558083e-01
1.570000e+01 0.000000e+00 3.554300e-01 3.554300e-01
1.580000e+01 0.000000e+00 3.550496e-01 3.550496e-01
1.590000e+01 0.000000e+00 3.546673e-01 3.546673e-01
1.600000e+01 0.000000e+00 3.542830e-01 3.542830e-01
1.610000e+01 0.000000e+00 3.538966e-01 3.538966e-01
1.620000e+01 0.000000e+00 3.535083e-01 3.535083e-01
1.630000e+01 0.000000e+00 3.531179e-01 3.531179e-01
1.640000e+01 0.000000e+00 3.527256e-01 3.527256e-01
1.650000e+01 0.000000e+00 3.523313e-01 3.523313e-01
1.660000e+01 0.000000e+00 3.519350e-01 3.519350e-01
1.670000e+01 0.000000e+00 3.515368e-01 3.515368e-01
1.680000e+01 0.000000e+00 3.511366e-01 3.511366e-01
1.690000e+01 0.000000e+00 3.507345e-01 3.507345e-01
1.700000e+01 0.000000e+00 3.503305e-01 3.503305e-01
1.710000e+01 0.000000e+00 3.499246e-01 3.499246e-01
1.720000e+01 0.000000e+00 3.495168e-01 3.495168e-01
1.730000e+01 0.000000e+00 3.491072e-01 3.491072e-01
1.740000e+01 0.000000e+00 3.486957e-01 3.486957e-01
1.750000e+01 0.000000e+00 3.482823e-01 3.482823e-01
1.760000e+01 0.000000e+00 3.478672e-01 3.478672e-01
1.770000e+01 0.000000e+00 3.474503e-01 3.474503e-01
1.780000e+01 0.000000e+00 3.470316e-01 3.470316e-01
1.790000e+01 0.000000e+00 3.466112e-01 3.466112e-01
1.800000e+01 0.000000e+00 3.461891e-01 3.461891e-01
1.810000e+01 0.000000e+00 3.457653e-01 3.457653e-01
1.820000e+01 0.000000e+00 3.453398e-01 3.453398e-01
1.830000e+01 0.000000e+00 3.449127e-01 3.449127e-01
1.840000e+01 0.000000e+00 3.444840e-01 3.444840e-01
1.850000e+01 0.000000e+00 3.440537e-01 3.440537e-01
1.860000e+01 0.000000e+00 3.436218e-01 3.436218e-01
1.870000e+01 0.000000e+00 3.431885e-01 3.431885e-01
1.880000e+01 0.000000e+00 3.427536e-01 3.427536e-01
1.890000e+01 0.000000e+00 3.423173e-01 3.423173e-01
1.900000e+01 0.000000e+00 3.418795e-01 3.418795e-01
1.910000e+01 0.000000e+00 3.414403e-01 3.414403e-01
1.920000e+01 0.000000e+00 3.409997e-01 3.409997e-01
1.930000e+01 0.000000e+00 3.405578e-01 3.405578e-01
1.940000e+01 0.000000e+00 3.401146e-01 3.401146e-01
1.950000e+01 0.000000e+00 3.396701e-01 3.396701e-01
1.960000e+01 0.000000e+00 3.392244e-01 3.392244e-01
1.970000e+01 0.000000e+00 3.387774e-01 3.387774e-01
1.980000e+01 0.000000e+00 3.383292e-01 3.383292e-01
1.990000e+01 0.000000e+00 3.378799e-01 3.378799e-01
2.000000e+01 0.000000e+00 3.374295e-01 3.374295e-01
2.010000e+01 0.000000e+00 3.369780e-01 3.369780e-01
2.020000e+01 0.000000e+00 3.365254e-01 3.365254e-01
2.030000e+01 0.000000e+00 3.360718e-01 3.360718e-01
2.040000e+01 0.000000e+00 3.356172e-01 3.356172e-01
2.050000e+01 0.000000e+00 3.351616e-01 3.351616e-01
2.060000e+01 0.000000e+00 3.347051e-01 3.347051e-01
2.070000e+01 0.000000e+00 3.342477e-01 3.342477e-01
2.080000e+01 0.000000e+00 3.337895e-01 3.337895e-01
2.090000e+01 0.000000e+00 3.333304e-01 3.333304e-01
2.100000e+01 0.000000e+00 3.328705e-01 3.328705e-01
2.110000e+01 0.000000e+00 3.324098e-01 3.324098e-01
2.120000e+01 0.000000e+00 3.319484e-01 3.319484e-01
2.130000e+01 0.000000e+00 3.314863e-01 3.314863e-01
2.140000e+01 0.000000e+00 3.310235e-01 3.310235e-01
2.150000e+01 0.000000e+00 3.305601e-01 3.305601e-01
2.160000e+01 0.000000e+00 3.300960e-01 3.300960e-01
2.170000e+01 0.000000e+00 3.296314e-01 3.296314e-01
2.180000e+01 0.000000e+00 3.291662e-01 3.291662e-01
2.190000e+01 0.000000e+00 3.287005e-01 3.287005e-01
2.200000e+01 0.000000e+00 3.282343e-01 3.282343e-01
2.210000e+01 0.000000e+00 3.277676e-01 3.277676e-01
2.220000e+01 0.000000e+00 3.273005e-01 3.273005e-01
2.230000e+01 0.000000e+00 3.268330e-01 3.268330e-01
2.240000e+01 0.000000e+00 3.263651e-01 3.263651e-01
2.250000e+01 0.000000e+00 3.258969e-01 3.258969e-01
2.260000e+01 0.000000e+00 3.254283e-01 3.254283e-01
2.270000e+01 0.000000e+00 3.249595e-01 3.249595e-01
2.280000e+01 0.000000e+00 3.244903e-01 3.244903e-01
2.290000e+01 0.000000e+00 3.240209e-01 3.240209e-01
2.300000e+01 0.000000e+00 3.235514e-01 3.235514e-01
2.310000e+01 0.000000e+00 3.230816e-01 3.230816e-01
2.320000e+01 0.000000e+00 3.226116e-01 3.226116e-01
2.330000e+01 0.000000e+00 3.221416e-01 3.221416e-01
2.340000e+01 0.000000e+00 3.216714e-01 3.216714e-01
2.350000e+01 0.000000e+00 3.212011e-01 3.212011e-01
2.360000e+01 0.000000e+00 3.207307e-01 3.207307e-01
2.370000e+01 0.000000e+00 3.202603e-01 3.202603e-01
2.380000e+01 0.000000e+00 3.197899e-01 3.197899e-01
2.390000e+01 0.000000e+00 3.193195e-01 3.193195e-01
2.400000e+01 0.000000e+00 3.188492e-01 3.188492e-01
2.410000e+01 0.000000e+00 3.183788e-01 3.183788e-01
2.420000e+01 0.000000e+00 3.179086e-01 3.179086e-01
2.430000e+01 0.000000e+00 3.174384e-01 3.174384e-01
2.440000e+01 0.000000e+00 3.169684e-01 3.169684e-01
2.450000e+01 0.000000e+00 3.164985e-01 3.164985e-01
2.460000e+01 0.000000e+00 3.160287e-01 3.160287e-01
2.470000e+01 0.000000e+00 3.155591e-01 3.155591e-01
2.480000e+01 0.000000e+00 3.150898e-01 3.150898e-01
2.490000e+01 0.000000e+00 3.146206e-01 3.146206e-01
2.500000e+01 0.000000e+00 3.141517e-01 3.141517e-01
2.510000e+01 0.000000e+00 3.136830e-01 3.136830e-01
2.520000e+01 0.000000e+00 3.132146e-01 3.132146e-01
2.530000e+01 0.000000e+00 3.127464e-01 3.127464e-01
2.540000e+01 0.000000e+00 3.122786e-01 3.122786e-01
2.550000e+01 0.000000e+00 3.118111e-01 3.118111e-01
2.560000e+01 0.000000e+00 3.113440e-01 3.113440e-01
2.570000e+01 0.000000e+00 3.108772e-01 3.108772e-01
2.580000e+01 0.000000e+00 3.104107e-01 3.104107e-01
2.590000e+01 0.000000e+00 3.099447e-01 3.099447e-01
2.600000e+01 0.000000e+00 3.094791e-01 3.094791e-01
2.610000e+01 0.000000e+00 3.090138e-01 3.090138e-01
2.620000e+01 0.000000e+00 3.085490e-01 3.085490e-01
2.630000e+01 0.000000e+00 3.080847e-01 3.080847e-01
2.640000e+01 0.000000e+00 3.076208e-01 3.076208e-01
2.650000e+01 0.000000e+00 3.071574e-01 3.071574e-01
2.660000e+01 0.000000e+00 3.066944e-01 3.066944e-01
2.670000e+01 0.000000e+00 3.062320e-01 3.062320e-01
2.680000e+01 0.000000e+00 3.057701e-01 3.057701e-01
2.690000e+01 0.000000e+00 3.053087e-01 3.053087e-01
2.700000e+01 0.000000e+00 3.048478e-01 3.048478e-01
2.710000e+01 0.000000e+00 3.043875e-01 3.043875e-01
2.720000e+01 0.000000e+00 3.039278e-01 3.039278e-01
2.730000e+01 0.000000e+00 3.034686e-01 3.034686e-01
2.740000e+01 0.000000e+00 3.030100e-01 3.030100e-01
2.750000e+01 0.000000e+00 3.025520e-01 3.025520e-01
2.760000e+01 0.000000e+00 3.020946e-01 3.020946e-01
2.770000e+01 0.000000e+00 3.016378e-01 3.016378e-01
2.780000e+01 0.000000e+00 3.011816e-01 3.011816e-01
2.790000e+01 0.000000e+00 3.007261e-01 3.007261e-01
2.800000e+01 0.000000e+00 3.002712e-01 3.002712e-01
2.810000e+01 0.000000e+00 2.998169e-01 2.998169e-01
2.820000e+01 0.000000e+00 2.993633e-01 2.993633e-01
2.830000e+01 0.000000e+00 2.989104e-01 2.989104e-01
2.840000e+01 0.000000e+00 2.984582e-01 2.984582e-01
2.850000e+01 0.000000e+00 2.980066e-01 2.980066e-01
2.860000e+01 0.000000e+00 2.975558e-01 2.975558e-01
2.870000e+01 0.000000e+00 2.971056e-01 2.971056e-01
2.880000e+01 0.000000e+00 2.966562e-01 2.966562e-01
2.890000e+01 0.000000e+00 2.962074e-01 2.962074e-01
2.900000e+01 0.000000e+00 2.957594e-01 2.957594e-01
2.910000e+01 0.000000e+00 2.953121e-01 2.953121e-01
2.920000e+01 0.000000e+00 2.948656e-01 2.948656e-01
2.930000e+01 0.000000e+00 2.944198e-01 2.944198e-01
2.940000e+01 0.000000e+00 2.939747e-01 2.939747e-01
2.950000e+01 0.000000e+00 2.935304e-01 2.935304e-01
2.960000e+01 0.000000e+00 2.930868e-01 2.930868e-01
2.970000e+01 0.000000e+00 2.926440e-01 2.926440e-01
2.980000e+01 0.000000e+00 2.922020e-01 2.922020e-01
2.990000e+01 0.000000e+00 2.917608e-01 2.917608e-01
3.000000e+01 0.000000e+00 2.913203e-01 2.913203e-01
3.010000e+01 0.000000e+00 2.908806e-01 2.908806e-01
3.020000e+01 0.000000e+00 2.904417e-01 2.904417e-01
3.030000e+01 0.000000e+00 2.900036e-01 2.900036e-01
3.040000e+01 0.000000e+00 2.895664e-01 2.895664e-01
3.050000e+01 0.000000e+00 2.891299e-01 2.891299e-01
3.060000e+01 0.000000e+00 2.886942e-01 2.886942e-01
3.070000e+01 0.000000e+00 2.882593e-01 2.882593e-01
3.080000e+01 0.000000e+00 2.878253e-01 2.878253e-01
3.090000e+01 0.000000e+00 2.873920e-01 2.873920e-01
3.100000e+01 0.000000e+00 2.869596e-01 2.869596e-01
3.110000e+01 0.000000e+00 2.865281e-01 2.865281e-01
3.120000e+01 0.000000e+00 2.860973e-01 2.860973e-01
3.130000e+01 0.000000e+00 2.856674e-01 2.856674e-01
3.140000e+01 0.000000e+00 2.852383e-01 2.852383e-01
3.150000e+01 0.000000e+00 2.848101e-01 2.848101e-01
3.160000e+01 0.000000e+00 2.843826e-01 2.843826e-01
3.170000e+01 0.000000e+00 2.839561e-01 2.839561e-01
3.180000e+01 0.000000e+00 2.835304e-01 2.835304e-01
3.190000e+01 0.000000e+00 2.831055e-01 2.831055e-01
3.200000e+01 0.000000e+00 2.826815e-01 2.826815e-01
3.210000e+01 0.000000e+00 2.822583e-01 2.822583e-01
3.220000e+01 0.000000e+00 2.818360e-01 2.818360e-01
3.230000e+01 0.000000e+00 2.814145e-01 2.814145e-01
3.240000e+01 0.000000e+00 2.809939e-01 2.809939e-01
3.250000e+01 0.000000e+00 2.805741e-01 2.805741e-01
3.260000e+01 0.000000e+00 2.801553e-01 2.801553e-01
3.270000e+01 0.000000e+00 2.797372e-01 2.797372e-01
3.280000e+01 0.000000e+00 2.793201e-01 2.793201e-01
3.290000e+01 0.000000e+00 2.789038e-01 2.789038e-01
3.300000e+01 0.000000e+00 2.784883e-01 2.784883e-01
3.310000e+01 0.000000e+00 2.780738e-01 2.780738e-01
3.320000e+01 0.000000e+00 2.776600e-01 2.776600e-01
3.330000e+01 0.000000e+00 2.772472e-01 2.772472e-01
3.340000e+01 0.000000e+00 2.768353e-01 2.768353e-01
3.350000e+01 0.000000e+00 2.764242e-01 2.764242e-01
3.360000e+01 0.000000e+00 2.760139e-01 2.760139e-01
3.370000e+01 0.000000e+00 2.756046e-01 2.756046e-01
3.380000e+01 0.000000e+00 2.751961e-01 2.751961e-01
3.390000e+01 0.000000e+00 2.747885e-01 2.747885e-01
3.400000e+01 0.000000e+00 2.743817e-01 2.743817e-01
3.410000e+01 0.000000e+00 2.739759e-01 2.739759e-01
3.420000e+01 0.000000e+00 2.735709e-01 2.735709e-01
3.430000e+01 0.000000e+00 2.731667e-01 2.731667e-01
3.440000e+01 0.000000e+00 2.727635e-01 2.727635e-01
3.450000e+01 0.000000e+00 2.723611e-01 2.723611e-01
3.460000e+01 0.000000e+00 2.719596e-01 2.719596e-01
3.470000e+01 0.000000e+00 2.715590e-01 2.715590e-01
3.480000e+01 0.000000e+00 2.711592e-01 2.711592e-01
3.490000e+01 0.000000e+00 2.707604e-01 2.707604e-01
3.500000e+01 0.000000e+00 2.703624e-01 2.703624e-01
3.510000e+01 0.000000e+00 2.699652e-01 2.699652e-01
3.520000e+01 0.000000e+00 2.695690e-01 2.695690e-01
3.530000e+01 0.000000e+00 2.691736e-01 2.691736e-01
3.540000e+01 0.000000e+00 2.687791e-01 2.687791e-01
3.550000e+01 0.000000e+00 2.683854e-01 2.683854e-01
3.560000e+01 0.000000e+00 2.679927e-01 2.679927e-01
3.570000e+01 0.000000e+00 2.676008e-01 2.676008e-01
3.580000e+01 0.000000e+00 2.672097e-01 2.672097e-01
3.590000e+01 0.000000e+00 2.668195e-01 2.668195e-01
3.600000e+01 0.000000e+00 2.664302e-01 2.664302e-01
3.610000e+01 0.000000e+00 2.660418e-01 2.660418e-01
3.620000e+01 0.000000e+00 2.656543e-01 2.656543e-01
3.630000e+01 0.000000e+00 2.652676e-01 2.652676e-01
3.640000e+01 0.000000e+00 2.648817e-01 2.648817e-01
3.650000e+01 0.000000e+00 2.644968e-01 2.644968e-01
3.660000e+01 0.000000e+00 2.641126e-01 2.641126e-01
3.670000e+01 0.000000e+00 2.637294e-01 2.637294e-01
3.680000e+01 0.000000e+00 2.633470e-01 2.633470e-01
3.690000e+01 0.000000e+00 2.629655e-01 2.629655e-01
3.700000e+01 0.000000e+00 2.625848e-01 2.625848e-01
3.710000e+01 0.000000e+00 2.622050e-01 2.622050e-01
3.720000e+01 0.000000e+00 2.618260e-01 2.618260e-01
3.730000e+01 0.000000e+00 2.614479e-01 2.614479e-01
3.740000e+01 0.000000e+00 2.610707e-01 2.610707e-01
3.750000e+01 0.000000e+00 2.606943e-01 2.606943e-01
3.760000e+01 0.000000e+00 2.603187e-01 2.603187e-01
3.770000e+01 0.000000e+00 2.599440e-01 2.599440e-01
3.780000e+01 0.000000e+00 2.595702e-01 2.595702e-01
3.790000e+01 0.000000e+00 2.591972e-01 2.591972e-01
3.800000e+01 0.000000e+00 2.588250e-01 2.588250e-01
3.810000e+01 0.000000e+00 2.584537e-01 2.584537e-01
3.820000e+01 0.000000e+00 2.580832e-01 2.580832e-01
3.830000e+01 0.000000e+00 2.577136e-01 2.577136e-01
3.840000e+01 0.000000e+00 2.573448e-01 2.573448e-01
3.850000e+01 0.000000e+00 2.569769e-01 2.569769e-01
3.860000e+01 0.000000e+00 2.566098e-01 2.566098e-01
3.870000e+01 0.000000e+00 2.562435e-01 2.562435e-01
3.880000e+01 0.000000e+00 2.558780e-01 2.558780e-01
3.890000e+01 0.000000e+00 2.555134e-01 2.555134e-01
3.900000e+01 0.000000e+00 2.551497e-01 2.551497e-01
3.910000e+01 0.000000e+00 2.547867e-01 2.547867e-01
3.920000e+01 0.000000e+00 2.544246e-01 2.544246e-01
3.930000e+01 0.000000e+00 2.540633e-01 2.540633e-01
3.940000e+01 0.000000e+00 2.537028e-01 2.537028e-01
3.950000e+01 0.000000e+00 2.533432e-01 2.533432e-01
3.960000e+01 0.000000e+00 2.529844e-01 2.529844e-01
3.970000e+01 0.000000e+00 2.526264e-01 2.526264e-01
3.980000e+01 0.000000e+00 2.522692e-01 2.522692e-01
3.990000e+01 0.000000e+00 2.519128e-01 2.519128e-01
4.000000e+01 0.000000e+00 2.515572e-01 2.515572e-01
4.010000e+01 0.000000e+00 2.512025e-01 2.512025e-01
4.020000e+01 0.000000e+00 2.508486e-01 2.508486e-01
4.030000e+01 0.000000e+00 2.504955e-01 2.504955e-01
4.040000e+01 0.000000e+00 2.501431e-01 2.501431e-01
4.050000e+01 0.000000e+00 2.497916e-01 2.497916e-01
4.060000e+01 0.000000e+00 2.494409e-01 2.494409e-01
4.070000e+01 0.000000e+00 2.490910e-01 2.490910e-01
4.080000e+01 0.000000e+00 2.487419e-01 2.487419e-01
4.090000e+01 0.000000e+00 2.483936e-01 2.483936e-01
4.100000e+01 0.000000e+00 2.480461e-01 2.480461e-01
4.110000e+01 0.000000e+00 2.476994e-01 2.476994e-01
4.120000e+01 0.000000e+00 2.473535e-01 2.473535e-01
4.130000e+01 0.000000e+00 2.470084e-01 2.470084e-01
4.140000e+01 0.000000e+00 2.466641e-01 2.466641e-01
4.150000e+01 0.000000e+00 2.463205e-01 2.463205e-01
4.160000e+01 0.000000e+00 2.459778e-01 2.459778e-01
4.170000e+01 0.000000e+00 2.456358e-01 2.456358e-01
4.180000e+01 0.000000e+00 2.452947e-01 2.452947e-01
4.190000e+01 0.000000e+00 2.449543e-01 2.449543e-01
4.200000e+01 0.000000e+00 2.446146e-01 2.446146e-01
4.210000e+01 0.000000e+00 2.442758e-01 2.442758e-01
4.220000e+01 0.000000e+00 2.439377e-01 2.439377e-01
4.230000e+01 0.000000e+00 2.436004e-01 2.436004e-01
4.240000e+01 0.000000e+00 2.432639e-01 2.432639e-01
4.250000e+01 0.000000e+00 2.429282e-01 2.429282e-01
4.260000e+01 0.000000e+00 2.425932e-01 2.425932e-01
4.270000e+01 0.000000e+00 2.422590e-01 2.422590e-01
4.280000e+01 0.000000e+00 2.419255e-01 2.419255e-01
4.290000e+01 0.000000e+00 2.415928e-01 2.415928e-01
4.300000e+01 0.000000e+00 2.412609e-01 2.412609e-01
4.310000e+01 0.000000e+00 2.409297e-01 2.409297e-01
4.320000e+01 0.000000e+00 2.405993e-01 2.405993e-01
4.330000e+01 0.000000e+00 2.402696e-01 2.402696e-01
4.340000e+01 0.000000e+00 2.399407e-01 2.399407e-01
4.350000e+01 0.000000e+00 2.396125e-01 2.396125e-01
4.360000e+01 0.000000e+00 2.392851e-01 2.392851e-01
4.370000e+01 0.000000e+00 2.389584e-01 2.389584e-01
4.380000e+01 0.000000e+00 2.386325e-01 2.386325e-01
4.390000e+01 0.000000e+00 2.383073e-01 2.383073e-01
4.400000e+01 0.000000e+00 2.379829e-01 2.379829e-01
4.410000e+01 0.000000e+00 2.376592e-01 2.376592e-01
4.420000e+01 0.000000e+00 2.373362e-01 2.373362e-01
4.430000e+01 0.000000e+00 2.370140e-01 2.370140e-01
4.440000e+01 0.000000e+00 2.366925e-01 2.366925e-01
4.450000e+01 0.000000e+00 2.363718e-01 2.363718e-01
4.460000e+01 0.000000e+00 2.360518e-01 2.360518e-01
4.470000e+01 0.000000e+00 2.357325e-01 2.357325e-01
4.480000e+01 0.000000e+00 2.354139e-01 2.354139e-01
4.490000e+01 0.000000e+00 2.350960e-01 2.350960e-01
4.500000e+01 0.000000e+00 2.347789e-01 2.347789e-01
4.510000e+01 0.000000e+00 2.344625e-01 2.344625e-01
4.520000e+01 0.000000e+00 2.341468e-01 2.341468e-01
4.530000e+01 0.000000e+00 2.338318e-01 2.338318e-01
4.540000e+01 0.000000e+00 2.335175e-01 2.335175e-01
4.550000e+01 0.000000e+00 2.332040e-01 2.332040e-01
4.560000e+01 0.000000e+00 2.328911e-01 2.328911e-01
4.570000e+01 0.000000e+00 2.325790e-01 2.325790e-01
4.580000e+01 0.000000e+00 2.322675e-01 2.322675e-01
4.590000e+01 0.000000e+00 2.319568e-01 2.319568e-01
4.600000e+01 0.000000e+00 2.316468e-01 2.316468e-01
4.610000e+01 0.000000e+00 2.313375e-01 2.313375e-01
4.620000e+01 0.000000e+00 2.310288e-01 2.310288e-01
4.630000e+01 0.000000e+00 2.307209e-01 2.307209e-01
4.640000e+01 0.000000e+00 2.304137e-01 2.304137e-01
4.650000e+01 0.000000e+00 2.301071e-01 2.301071e-01
4.660000e+01 0.000000e+00 2.298013e-01 2.298013e-01
4.670000e+01 0.000000e+00 2.294961e-01 2.294961e-01
4.680000e+01 0.000000e+00 2.291916e-01 2.291916e-01
4.690000e+01 0.000000e+00 2.288878e-01 2.288878e-01
4.700000e+01 0.000000e+00 2.285847e-01 2.285847e-01
4.710000e+01 0.000000e+00 2.282823e-01 2.282823e-01
4.720000e+01 0.000000e+00 2.279805e-01 2.279805e-01
4.730000e+01 0.000000e+00 2.276795e-01 2.276795e-01
4.740000e+01 0.000000e+00 2.273791e-01 2.273791e-01
4.750000e+01 0.000000e+00 2.270793e-01 2.270793e-01
4.760000e+01 0.000000e+00 2.267803e-01 2.267803e-01
4.770000e+01 0.000000e+00 2.264819e-01 2.264819e-01
4.780000e+01 0.000000e+00 2.261842e-01 2.261842e-01
4.790000e+01 0.000000e+00 2.258872e-01 2.258872e-01
4.800000e+01 0.000000e+00 2.255908e-01 2.255908e-01
4.810000e+01 0.000000e+00 2.252951e-01 2.252951e-01
4.820000e+01 0.000000e+00 2.250000e-01 2.250000e-01
4.830000e+01 0.000000e+00 2.247056e-01 2.247056e-01
4.840000e+01 0.000000e+00 2.244118e-01 2.244118e-01
4.850000e+01 0.000000e+00 2.241187e-01 2.241187e-01
4.860000e+01 0.000000e+00 2.238263e-01 2.238263e-01
4.870000e+01 0.000000e+00 2.235345e-01 2.235345e-01
4.880000e+01 0.000000e+00 2.232434e-01 2.232434e-01
4.890000e+01 0.000000e+00 2.229529e-01 2.229529e-01
4.900000e+01 0.000000e+00 2.226630e-01 2.226630e-01
4.910000e+01 0.000000e+00 2.223739e-01 2.223739e-01
4.920000e+01 0.000000e+00 2.220853e-01 2.220853e-01
4.930000e+01 0.000000e+00 2.217974e-01 2.217974e-01
4.940000e+01 0.000000e+00 2.215102e-01 2.215102e-01
4.950000e+01 0.000000e+00 2.212235e-01 2.212235e-01
4.960000e+01 0.000000e+00 2.209375e-01 2.209375e-01
4.970000e+01 0.000000e+00 2.206522e-01 2.206522e-01
4.980000e+01 0.000000e+00 2.203674e-01 2.203674e-01
4.990000e+01 0.000000e+00 2.200833e-01 2.200833e-01
5.000000e+01 0.000000e+00 2.197998e-01 2.197998e-01
5.010000e+01 0.000000e+00 2.195170e-01 2.195170e-01
5.020000e+01 0.000000e+00 2.192347e-01 2.192347e-01
5.030000e+01 0.000000e+00 2.189531e-01 2.189531e-01
5.040000e+01 0.000000e+00 2.186720e-01 2.186720e-01
5.050000e+01 0.000000e+00 2.183916e-01 2.183916e-01
5.060000e+01 0.000000e+00 2.181119e-01 2.181119e-01
5.070000e+01 0.000000e+00 2.178327e-01 2.178327e-01
5.080000e+01 0.000000e+00 2.175542e-01 2.175542e-01
5.090000e+01 0.000000e+00 2.172763e-01 2.172763e-01
5.100000e+01 0.000000e+00 2.169990e-01 2.169990e-01
5.110000e+01 0.000000e+00 2.167223e-01 2.167223e-01
5.120000e+01 0.000000e+00 2.164463e-01 2.164463e-01
5.130000e+01 0.000000e+00 2.161708e-01 2.161708e-01
5.140000e+01 0.000000e+00 2.158959e-01 2.158959e-01
5.150000e+01 0.000000e+00 2.156216e-01 2.156216e-01
5.160000e+01 0.000000e+00 2.153479e-01 2.153479e-01
5.170000e+01 0.000000e+00 2.150748e-01 2.150748e-01
5.180000e+01 0.000000e+00 2.148023e-01 2.148023e-01
5.190000e+01 0.000000e+00 2.145304e-01 2.145304e-01
5.200000e+01 0.000000e+00 2.142590e-01 2.142590e-01
5.210000e+01 0.000000e+00 2.139883e-01 2.139883e-01
5.220000e+01 0.000000e+00 2.137181e-01 2.137181e-01
5.230000e+01 0.000000e+00 2.134485e-01 2.134485e-01
5.240000e+01 0.000000e+00 2.131795e-01 2.131795e-01
5.250000e+01 0.000000e+00 2.129111e-01 2.129111e-01
5.260000e+01 0.000000e+00 2.126434e-01 2.126434e-01
5.270000e+01 0.000000e+00 2.123761e-01 2.123761e-01
5.280000e+01 0.000000e+00 2.121095e-01 2.121095e-01
5.290000e+01 0.000000e+00 2.118435e-01 2.118435e-01
5.300000e+01 0.000000e+00 2.115780e-01 2.115780e-01
5.310000e+01 0.000000e+00 2.113131e-01 2.113131e-01
5.320000e+01 0.000000e+00 2.110488e-01 2.110488e-01
5.330000e+01 0.000000e+00 2.107850e-01 2.107850e-01
5.340000e+01 0.000000e+00 2.105218e-01 2.105218e-01
5.350000e+01 0.000000e+00 2.102592e-01 2.102592e-01
5.360000e+01 0.000000e+00 2.099971e-01 2.099971e-01
5.370000e+01 0.000000e+00 2.097356e-01 2.097356e-01
5.380000e+01 0.000000e+00 2.094747e-01 2.094747e-01
5.390000e+01 0.000000e+00 2.092143e-01 2.092143e-01
5.400000e+01 0.000000e+00 2.089544e-01 2.089544e-01
5.410000e+01 0.000000e+00 2.086951e-01 2.086951e-01
5.420000e+01 0.000000e+00 2.084364e-01 2.084364e-01
5.430000e+01 0.000000e+00 2.081782e-01 2.081782e-01
5.440000e+01 0.000000e+00 2.079206e-01 2.079206e-01
5.450000e+01 0.000000e+00 2.076635e-01 2.076635e-01
5.460000e+01 0.000000e+00 2.074070e-01 2.074070e-01
5.470000e+01 0.000000e+00 2.071510e-01 2.071510e-01
5.480000e+01 0.000000e+00 2.068956e-01 2.068956e-01
5.490000e+01 0.000000e+00 2.066407e-01 2.066407e-01
5.500000e+01 0.000000e+00 2.063864e-01 2.063864e-01
5.510000e+01 0.000000e+00 2.061326e-01 2.061326e-01
5.520000e+01 0.000000e+00 2.058793e-01 2.058793e-01
5.530000e+01 0.000000e+00 2.056266e-01 2.056266e-01
5.540000e+01 0.000000e+00 2.053744e-01 2.053744e-01
5.550000e+01 0.000000e+00 2.051228e-01 2.051228e-01
5.560000e+01 0.000000e+00 2.048717e-01 2.048717e-01
5.570000e+01 0.000000e+00 2.046211e-01 2.046211e-01
5.580000e+01 0.000000e+00 2.043710e-01 2.043710e-01
5.590000e+01 0.000000e+00 2.041215e-01 2.041215e-01
5.600000e+01 0.000000e+00 2.038725e-01 2.038725e-01
5.610000e+01 0.000000e+00 2.036240e-01 2.036240e-01
5.620000e+01 0.000000e+00 2.033761e-01 2.033761e-01
5.630000e+01 0.000000e+00 2.031287e-01 2.031287e-01
5.640000e+01 0.000000e+00 2.028818e-01 2.028818e-01
5.650000e+01 0.000000e+00 2.026354e-01 2.026354e-01
5.660000e+01 0.000000e+00 2.023896e-01 2.023896e-01
5.670000e+01 0.000000e+00 2.021442e-01 2.021442e-01
5.680000e+01 0.000000e+00 2.018994e-01 2.018994e-01
5.690000e+01 0.000000e+00 2.016550e-01 2.016550e-01
5.700000e+01 0.000000e+00 2.014112e-01 2.014112e-01
5.710000e+01 0.000000e+00 2.011679e-01 2.011679e-01
5.720000e+01 0.000000e+00 2.009251e-01 2.009251e-01
5.730000e+01 0.000000e+00 2.006828e-01 2.006828e-01
5.740000e+01 0.000000e+00 2.004410e-01 2.004410e-01
5.750000e+01 0.000000e+00 2.001997e-01 2.001997e-01
5.760000e+01 0.000000e+00 1.999589e-01 1.999589e-01
5.770000e+01 0.000000e+00 1.997186e-01 1.997186e-01
5.780000e+01 0.000000e+00 1.994789e-01 1.994789e-01
5.790000e+01 0.000000e+00 1.992396e-01 1.992396e-01
5.800000e+01 0.000000e+00 1.990009e-01 1.990009e-01
5.810000e+01 0.000000e+00 1.987626e-01 1.987626e-01
5.820000e+01 0.000000e+00 1.985248e-01 1.985248e-01
5.830000e+01 0.000000e+00 1.982876e-01 1.982876e-01
5.840000e+01 0.000000e+00 1.980508e-01 1.980508e-01
5.850000e+01 0.000000e+00 1.978144e-01 1.978144e-01
5.860000e+01 0.000000e+00 1.975786e-01 1.975786e-01
5.870000e+01 0.000000e+00 1.973433e-01 1.973433e-01
5.880000e+01 0.000000e+00 1.971084e-01 1.971084e-01
5.890000e+01 0.000000e+00 1.968740e-01 1.968740e-01
5.900000e+01 0.000000e+00 1.966401e-01 1.966401e-01
5.910000e+01 0.000000e+00 1.964067e-01 1.964067e-01
5.920000e+01 0.000000e+00 1.961738e-01 1.961738e-01
5.930000e+01 0.000000e+00 1.959413e-01 1.959413e-01
5.940000e+01 0.000000e+00 1.957093e-01 1.957093e-01
5.950000e+01 0.000000e+00 1.954778e-01 1.954778e-01
5.960000e+01 0.000000e+00 1.952468e-01 1.952468e-01
5.970000e+01 0.000000e+00 1.950163e-01 1.950163e-01
5.980000e+01 0.000000e+00 1.947862e-01 1.947862e-01
5.990000e+01 0.000000e+00 1.945566e-01 1.945566e-01
6.000000e+01 0.000000e+00 1.943274e-01 1.943274e-01
6.010000e+01 0.000000e+00 1.940988e-01 1.940988e-01
6.020000e+01 0.000000e+00 1.938706e-01 1.938706e-01
6.030000e+01 0.000000e+00 1.936428e-01 1.936428e-01
6.040000e+01 0.000000e+00 1.934155e-01 1.934155e-01
6.050000e+01 0.000000e+00 1.931887e-01 1.931887e-01
6.060000e+01 0.000000e+00 1.929624e-01 1.929624e-01
6.070000e+01 0.000000e+00 1.927365e-01 1.927365e-01
6.080000e+01 0.000000e+00 1.925110e-01 1.925110e-01
6.090000e+01 0.000000e+00 1.922860e-01 1.922860e-01
6.100000e+01 0.000000e+00 1.920615e-01 1.920615e-01
6.110000e+01 0.000000e+00 1.918374e-01 1.918374e-01
6.120000e+01 0.000000e+00 1.916138e-01 1.916138e-01
6.130000e+01 0.000000e+00 1.913906e-01 1.913906e-01
6.140000e+01 0.000000e+00 1.911678e-01 1.911678e-01
6.150000e+01 0.000000e+00 1.909456e-01 1.909456e-01
6.160000e+01 0.000000e+00 1.907237e-01 1.907237e-01
6.170000e+01 0.000000e+00 1.905023e-01 1.905023e-01
6.180000e+01 0.000000e+00 1.902814e-01 1.902814e-01
6.190000e+01 0.000000e+00 1.900609e-01 1.900609e-01
6.200000e+01 0.000000e+00 1.898408e-01 1.898408e-01
6.210000e+01 0.000000e+00 1.896212e-01 1.896212e-01
6.220000e+01 0.000000e+00 1.894020e-01 1.894020e-01
6.230000e+01 0.000000e+00 1.891833e-01 1.891833e-01
6.240000e+01 0.000000e+00 1.889650e-01 1.889650e-01
6.250000e+01 0.000000e+00 1.887471e-01 1.887471e-01
6.260000e+01 0.000000e+00 1.885297e-01 1.885297e-01
6.270000e+01 0.000000e+00 1.883127e-01 1.883127e-01
6.280000e+01 0.000000e+00 1.880962e-01 1.880962e-01
6.290000e+01 0.000000e+00 1.878801e-01 1.878801e-01
6.300000e+01 0.000000e+00 1.876644e-01 1.876644e-01
6.310000e+01 0.000000e+00 1.874492e-01 1.874492e-01
6.320000e+01 0.000000e+00 1.872343e-01 1.872343e-01
6.330000e+01 0.000000e+00 1.870199e-01 1.870199e-01
6.340000e+01 0.000000e+00 1.868059e-01 1.868059e-01
6.350000e+01 0.000000e+00 1.865924e-01 1.865924e-01
6.360000e+01 0.000000e+00 1.863792e-01 1.863792e-01
6.370000e+01 0.000000e+00 1.861665e-01 1.861665e-01
6.380000e+01 0.000000e+00 1.859541e-01 1.859541e-01
6.390000e+01 0.000000e+00 1.857422e-01 1.857422e-01
6.400000e+01 0.000000e+00 1.855308e-01 1.855308e-01
6.410000e+01 0.000000e+00 1.853197e-01 1.853197e-01
6.420000e+01 0.000000e+00 1.851091e-01 1.851091e-01
6.430000e+01 0.000000e+00 1.848988e-01 1.848988e-01
6.440000e+01 0.000000e+00 1.846890e-01 1.846890e-01
6.450000e+01 0.000000e+00 1.844797e-01 1.844797e-01
6.460000e+01 0.000000e+00 1.842707e-01 1.842707e-01
6.470000e+01 0.000000e+00 1.840621e-01 1.840621e-01
6.480000e+01 0.000000e+00 1.838539e-01 1.838539e-01
6.490000e+01 0.000000e+00 1.836462e-01 1.836462e-01
6.500000e+01 0.000000e+00 1.834388e-01 1.834388e-01
6.510000e+01 0.000000e+00 1.832319e-01 1.832319e-01
6.520000e+01 0.000000e+00 1.830254e-01 1.830254e-01
6.530000e+01 0.000000e+00 1.828192e-01 1.828192e-01
6.540000e+01 0.000000e+00 1.826135e-01 1.826135e-01
6.550000e+01 0.000000e+00 1.824081e-01 1.824081e-01
6.560000e+01 0.000000e+00 1.822032e-01 1.822032e-01
6.570000e+01 0.000000e+00 1.819986e-01 1.819986e-01
6.580000e+01 0.000000e+00 1.817945e-01 1.817945e-01
6.590000e+01 0.000000e+00 1.815907e-01 1.815907e-01
6.600000e+01 0.000000e+00 1.813874e-01 1.813874e-01
6.610000e+01 0.000000e+00 1.811844e-01 1.811844e-01
6.620000e+01 0.000000e+00 1.809818e-01 1.809818e-01
6.630000e+01 0.000000e+00 1.807797e-01 1.807797e-01
6.640000e+01 0.000000e+00 1.805779e-01 1.805779e-01
6.650000e+01 0.000000e+00 1.803765e-01 1.803765e-01
6.660000e+01 0.000000e+00 1.801755e-01 1.801755e-01
6.670000e+01 0.000000e+00 1.799749e-01 1.799749e-01
6.680000e+01 0.000000e+00 1.797746e-01 1.797746e-01
6.690000e+01 0.000000e+00 1.795748e-01 1.795748e-01
6.700000e+01 0.000000e+00 1.793753e-01 1.793753e-01
6.710000e+01 0.000000e+00 1.791762e-01 1.791762e-01
6.720000e+01 0.000000e+00 1.789775e-01 1.789775e-01
6.730000e+01 0.000000e+00 1.787792e-01 1.787792e-01
6.740000e+01 0.000000e+00 1.785812e-01 1.785812e-01
6.750000e+01 0.000000e+00 1.783837e-01 1.783837e-01
6.760000e+01 0.000000e+00 1.781865e-01 1.781865e-01
6.770000e+01 0.000000e+00 1.779897e-01 1.779897e-01
6.780000e+01 0.000000e+00 1.777932e-01 1.777932e-01
6.790000e+01 0.000000e+00 1.775972e-01 1.775972e-01
6.800000e+01 0.000000e+00 1.774015e-01 1.774015e-01
6.810000e+01 0.000000e+00 1.772061e-01 1.772061e-01
6.820000e+01 0.000000e+00 1.770112e-01 1.770112e-01
6.830000e+01 0.000000e+00 1.768166e-01 1.768166e-01
6.840000e+01 0.000000e+00 1.766224e-01 1.766224e-01
6.850000e+01 0.000000e+00 1.764285e-01 1.764285e-01
6.860000e+01 0.000000e+00 1.762351e-01 1.762351e-01
6.870000e+01 0.000000e+00 1.760419e-01 1.760419e-01
6.880000e+01 0.000000e+00 1.758492e-01 1.758492e-01
6.890000e+01 0.000000e+00 1.756568e-01 1.756568e-01
6.900000e+01 0.000000e+00 1.754648e-01 1.754648e-01
6.910000e+01 0.000000e+00 1.752731e-01 1.752731e-01
6.920000e+01 0.000000e+00 1.750818e-01 1.750818e-01
6.930000e+01 0.000000e+00 1.748909e-01 1.748909e-01
6.940000e+01 0.000000e+00 1.747003e-01 1.747003e-01
6.950000e+01 0.000000e+00 1.745100e-01 1.745100e-01
6.960000e+01 0.000000e+00 1.743202e-01 1.743202e-01
6.970000e+01 0.000000e+00 1.741307e-01 1.741307e-01
6.980000e+01 0.000000e+00 1.739415e-01 1.739415e-01
6.990000e+01 0.000000e+00 1.737527e-01 1.737527e-01
7.000000e+01 0.000000e+00 1.735643e-01 1.735643e-01
7.010000e+01 0.000000e+00 1.733762e-01 1.733762e-01
7.020000e+01 0.000000e+00 1.731884e-01 1.731884e-01
7.030000e+01 0.000000e+00 1.730010e-01 1.730010e-01
7.040000e+01 0.000000e+00 1.728140e-01 1.728140e-01
7.050000e+01 0.000000e+00 1.726273e-01 1.726273e-01
7.060000e+01 0.000000e+00 1.724409e-01 1.724409e-01
7.070000e+01 0.000000e+00 1.722549e-01 1.722549e-01
7.080000e+01 0.000000e+00 1.720692e-01 1.720692e-01
7.090000e+01 0.000000e+00 1.718839e-01 1.718839e-01
7.100000e+01 0.000000e+00 1.716989e-01 1.716989e-01
7.110000e+01 0.000000e+00 1.715143e-01 1.715143e-01
7.120000e+01 0.000000e+00 1.713300e-01 1.713300e-01
7.130000e+01 0.000000e+00 1.711460e-01 1.711460e-01
7.140000e+01 0.000000e+00 1.709624e-01 1.709624e-01
7.150000e+01 0.000000e+00 1.707791e-01 1.707791e-01
7.160000e+01 0.000000e+00 1.705962e-01 1.705962e-01
7.170000e+01 0.000000e+00 1.704136e-01 1.704136e-01
7.180000e+01 0.000000e+00 1.702313e-01 1.702313e-01
7.190000e+01 0.000000e+00 1.700494e-01 1.700494e-01
7.200000e+01 0.000000e+00 1.698678e-01 1.698678e-01
7.210000e+01 0.000000e+00 1.696865e-01 1.696865e-01
7.220000e+01 0.000000e+00 1.695056e-01 1.695056e-01
7.230000e+01 0.000000e+00 1.693250e-01 1.693250e-01
7.240000e+01 0.000000e+00 1.691447e-01 1.691447e-01
7.250000e+01 0.000000e+00 1.689648e-01 1.689648e-01
7.260000e+01 0.000000e+00 1.687852e-01 1.687852e-01
7.270000e+01 0.000000e+00 1.686059e-01 1.686059e-01
7.280000e+01 0.000000e+00 1.684269e-01 1.684269e-01
7.290000e+01 0.000000e+00 1.682483e-01 1.682483e-01
7.300000e+01 0.000000e+00 1.680699e-01 1.680699e-01
7.310000e+01 0.000000e+00 1.678919e-01 1.678919e-01
7.320000e+01 0.000000e+00 1.677143e-01 1.677143e-01
7.330000e+01 0.000000e+00 1.675369e-01 1.675369e-01
7.340000e+01 0.000000e+00 1.673599e-01 1.673599e-01
7.350000e+01 0.000000e+00 1.671832e-01 1.671832e-01
7.360000e+01 0.000000e+00 1.670068e-01 1.670068e-01
7.370000e+01 0.000000e+00 1.668307e-01 1.668307e-01
7.380000e+01 0.000000e+00 1.666550e-01 1.666550e-01
7.390000e+01 0.000000e+00 1.664795e-01 1.664795e-01
7.400000e+01 0.000000e+00 1.663044e-01 1.663044e-01
7.410000e+01 0.000000e+00 1.661296e-01 1.661296e-01
7.420000e+01 0.000000e+00 1.659551e-01 1.659551e-01
7.430000e+01 0.000000e+00 1.657810e-01 1.657810e-01
7.440000e+01 0.000000e+00 1.656071e-01 1.656071e-01
7.450000e+01 0.000000e+00 1.654336e-01 1.654336e-01
7.460000e+01 0.000000e+00 1.652603e-01 1.652603e-01
7.470000e+01 0.000000e+00 1.650874e-01 1.650874e-01
7.480000e+01 0.000000e+00 1.649148e-01 1.649148e-01
7.490000e+01 0.000000e+00 1.647425e-01 1.647425e-01
7.500000e+01 0.000000e+00 1.645705e-01 1.645705e-01
7.510000e+01 0.000000e+00 1.643988e-01 1.643988e-01
7.520000e+01 0.000000e+00 1.642274e-01 1.642274e-01
7.530000e+01 0.000000e+00 1.640563e-01 1.640563e-01
7.540000e+01 0.000000e+00 1.638855e-01 1.638855e-01
7.550000e+01 0.000000e+00 1.637150e-01 1.637150e-01
7.560000e+01 0.000000e+00 1.635448e-01 1.635448e-01
7.570000e+01 0.000000e+00 1.633749e-01 1.633749e-01
7.580000e+01 0.000000e+00 1.632053e-01 1.632053e-01
7.590000e+01 0.000000e+00 1.630360e-01 1.630360e-01
7.600000e+01 0.000000e+00 1.628670e-01 1.628670e-01
7.610000e+01 0.000000e+00 1.626984e-01 1.626984e-01
7.620000e+01 0.000000e+00 1.625300e-01 1.625300e-01
7.630000e+01 0.000000e+00 1.623619e-01 1.623619e-01
7.640000e+01 0.000000e+00 1.621941e-01 1.621941e-01
7.650000e+01 0.000000e+00 1.620267e-01 1.620267e-01
7.660000e+01 0.000000e+00 1.618595e-01 1.618595e-01
7.670000e+01 0.000000e+00 1.616926e-01 1.616926e-01
7.680000e+01 0.000000e+00 1.615260e-01 1.615260e-01
7.690000e+01 0.000000e+00 1.613597e-01 1.613597e-01
7.700000e+01 0.000000e+00 1.611936e-01 1.611936e-01
7.710000e+01 0.000000e+00 1.610279e-01 1.610279e-01
7.720000e+01 0.000000e+00 1.608625e-01 1.608625e-01
7.730000e+01 0.000000e+00 1.606973e-01 1.606973e-01
7.740000e+01 0.000000e+00 1.605325e-01 1.605325e-01
7.750000e+01 0.000000e+00 1.603679e-01 1.603679e-01
7.760000e+01 0.000000e+00 1.602036e-01 1.602036e-01
7.770000e+01 0.000000e+00 1.600396e-01 1.600396e-01
7.780000e+01 0.000000e+00 1.598759e-01 1.598759e-01
7.790000e+01 0.000000e+00 1.597125e-01 1.597125e-01
7.800000e+01 0.000000e+00 1.595493e-01 1.595493e-01
7.810000e+01 0.000000e+00 1.593864e-01 1.593864e-01
7.820000e+01 0.000000e+00 1.592239e-01 1.592239e-01
7.830000e+01 0.000000e+00 1.590615e-01 1.590615e-01
7.840000e+01 0.000000e+00 1.588995e-01 1.588995e-01
7.850000e+01 0.000000e+00 1.587378e-01 1.587378e-01
7.860000e+01 0.000000e+00 1.585763e-01 1.585763e-01
7.870000e+01 0.000000e+00 1.584151e-01 1.584151e-01
7.880000e+01 0.000000e+00 1.582542e-01 1.582542e-01
7.890000e+01 0.000000e+00 1.580936e-01 1.580936e-01
7.900000e+01 0.000000e+00 1.579332e-01 1.579332e-01
7.910000e+01 0.000000e+00 1.577731e-01 1.577731e-01
7.920000e+01 0.000000e+00 1.576133e-01 1.576133e-01
7.930000e+01 0.000000e+00 1.574538e-01 1.574538e-01
7.940000e+01 0.000000e+00 1.572946e-01 1.572946e-01
7.950000e+01 0.000000e+00 1.571356e-01 1.571356e-01
7.960000e+01 0.000000e+00 1.569769e-01 1.569769e-01
7.970000e+01 0.000000e+00 1.568184e-01 1.568184e-01
7.980000e+01 0.000000e+00 1.566603e-01 1.566603e-01
7.990000e+01 0.000000e+00 1.565024e-01 1.565024e-01
8.000000e+01 0.000000e+00 1.563448e-01 1.563448e-01
8.010000e+01 0.000000e+00 1.561874e-01 1.561874e-01
8.020000e+01 0.000000e+00 1.560303e-01 1.560303e-01
8.030000e+01 0.000000e+00 1.558735e-01 1.558735e-01
8.040000e+01 0.000000e+00 1.557170e-01 1.557170e-01
8.050000e+01 0.000000e+00 1.555607e-01 1.555607e-01
8.060000e+01 0.000000e+00 1.554047e-01 1.554047e-01
8.070000e+01 0.000000e+00 1.552489e-01 1.552489e-01
8.080000e+01 0.000000e+00 1.550934e-01 1.550934e-01
8.090000e+01 0.000000e+00 1.549382e-01 1.549382e-01
8.100000e+01 0.000000e+00 1.547833e-01 1.547833e-01
8.110000e+01 0.000000e+00 1.546286e-01 1.546286e-01
8.120000e+01 0.000000e+00 1.544741e-01 1.544741e-01
8.130000e+01 0.000000e+00 1.543199e-01 1.543199e-01
8.140000e+01 0.000000e+00 1.541660e-01 1.541660e-01
8.150000e+01 0.000000e+00 1.540123e-01 1.540123e-01
8.160000e+01 0.000000e+00 1.538589e-01 1.538589e-01
8.170000e+01 0.000000e+00 1.537058e-01 1.537058e-01
8.180000e+01 0.000000e+00 1.535529e-01 1.535529e-01
8.190000e+01 0.000000e+00 1.534003e-01 1.534003e-01
8.200000e+01 0.000000e+00 1.532480e-01 1.532480e-01
8.210000e+01 0.000000e+00 1.530959e-01 1.530959e-01
8.220000e+01 0.000000e+00 1.529440e-01 1.529440e-01
8.230000e+01 0.000000e+00 1.527925e-01 1.527925e-01
8.240000e+01 0.000000e+00 1.526411e-01 1.526411e-01
8.250000e+01 0.000000e+00 1.524900e-01 1.524900e-01
8.260000e+01 0.000000e+00 1.523392e-01 1.523392e-01
8.270000e+01 0.000000e+00 1.521886e-01 1.521886e-01
8.280000e+01 0.000000e+00 1.520382e-01 1.520382e-01
8.290000e+01 0.000000e+00 1.518881e-01 1.518881e-01
8.300000e+01 0.000000e+00 1.517383e-01 1.517383e-01
8.310000e+01 0.000000e+00 1.515887e-01 1.515887e-01
8.320000e+01 0.000000e+00 1.514393e-01 1.514393e-01
8.330000e+01 0.000000e+00 1.512902e-01 1.512902e-01
8.340000e+01 0.000000e+00 1.511414e-01 1.511414e-01
8.350000e+01 0.000000e+00 1.509928e-01 1.509928e-01
8.360000e+01 0.000000e+00 1.508444e-01 1.508444e-01
8.370000e+01 0.000000e+00 1.506963e-01 1.506963e-01
8.380000e+01 0.000000e+00 1.505484e-01 1.505484e-01
8.390000e+01 0.000000e+00 1.504008e-01 1.504008e-01
8.400000e+01 0.000000e+00 1.502535e-01 1.502535e-01
8.410000e+01 0.000000e+00 1.501063e-01 1.501063e-01
8.420000e+01 0.000000e+00 1.499595e-01 1.499595e-01
8.430000e+01 0.000000e+00 1.498128e-01 1.498128e-01
8.440000e+01 0.000000e+00 1.496664e-01 1.496664e-01
8.450000e+01 0.000000e+00 1.495203e-01 1.495203e-01
8.460000e+01 0.000000e+00 1.493744e-01 1.493744e-01
8.470000e+01 0.000000e+00 1.492287e-01 1.492287e-01
8.480000e+01 0.000000e+00 1.490832e-01 1.490832e-01
8.490000e+01 0.000000e+00 1.489380e-01 1.489380e-01
8.500000e+01 0.000000e+00 1.487931e-01 1.487931e-01
8.510000e+01 0.000000e+00 1.486484e-01 1.486484e-01
8.520000e+01 0.000000e+00 1.485039e-01 1.485039e-01
8.530000e+01 0.000000e+00 1.483596e-01 1.483596e-01
8.540000e+01 0.000000e+00 1.482156e-01 1.482156e-01
8.550000e+01 0.000000e+00 1.480718e-01 1.480718e-01
8.560000e+01 0.000000e+00 1.479283e-01 1.479283e-01
8.570000e+01 0.000000e+00 1.477850e-01 1.477850e-01
8.580000e+01 0.000000e+00 1.476419e-01 1.476419e-01
8.590000e+01 0.000000e+00 1.474991e-01 1.474991e-01
8.600000e+01 0.000000e+00 1.473565e-01 1.473565e-01
8.610000e+01 0.000000e+00 1.472141e-01 1.472141e-01
8.620000e+01 0.000000e+00 1.470720e-01 1.470720e-01
8.630000e+01 0.000000e+00 1.469300e-01 1.469300e-01
8.640000e+01 0.000000e+00 1.467884e-01 1.467884e-01
8.650000e+01 0.000000e+00 1.466469e-01 1.466469e-01
8.660000e+01 0.000000e+00 1.465057e-01 1.465057e-01
8.670000e+01 0.000000e+00 1.463647e-01 1.463647e-01
8.680000e+01 0.000000e+00 1.462239e-01 1.462239e-01
8.690000e+01 0.000000e+00 1.460834e-01 1.460834e-01
8.700000e+01 0.000000e+00 1.459431e-01 1.459431e-01
8.710000e+01 0.000000e+00 1.458030e-01 1.458030e-01
8.720000e+01 0.000000e+00 1.456632e-01 1.456632e-01
8.730000e+01 0.000000e+00 1.455235e-01 1.455235e-01
8.740000e+01 0.000000e+00 1.453841e-01 1.453841e-01
8.750000e+01 0.000000e+00 1.452449e-01 1.452449e-01
8.760000e+01 0.000000e+00 1.451060e-01 1.451060e-01
8.770000e+01 0.000000e+00 1.449673e-01 1.449673e-01
8.780000e+01 0.000000e+00 1.448287e-01 1.448287e-01
8.790000e+01 0.000000e+00 1.446905e-01 1.446905e-01
8.800000e+01 0.000000e+00 1.445524e-01 1.445524e-01
8.810000e+01 0.000000e+00 1.444145e-01 1.444145e-01
8.820000e+01 0.000000e+00 1.442769e-01 1.442769e-01
8.830000e+01 0.000000e+00 1.441395e-01 1.441395e-01
8.840000e+01 0.000000e+00 1.440023e-01 1.440023e-01
8.850000e+01 0.000000e+00 1.438653e-01 1.438653e-01
8.860000e+01 0.000000e+00 1.437286e-01 1.437286e-01
8.870000e+01 0.000000e+00 1.435920e-01 1.435920e-01
8.880000e+01 0.000000e+00 1.434557e-01 1.434557e-01
8.890000e+01 0.000000e+00 1.433196e-01 1.433196e-01
8.900000e+01 0.000000e+00 1.431837e-01 1.431837e-01
8.910000e+01 0.000000e+00 1.430480e-01 1.430480e-01
8.920000e+01 0.000000e+00 1.429126e-01 1.429126e-01
8.930000e+01 0.000000e+00 1.427773e-01 1.427773e-01
8.940000e+01 0.000000e+00 1.426423e-01 1.426423e-01
8.950000e+01 0.000000e+00 1.425075e-01 1.425075e-01
8.960000e+01 0.000000e+00 1.423729e-01 1.423729e-01
8.970000e+01 0.000000e+00 1.422385e-01 1.422385e-01
8.980000e+01 0.000000e+00 1.421043e-01 1.421043e-01
8.990000e+01 0.000000e+00 1.419703e-01 1.419703e-01
9.000000e+01 0.000000e+00 1.418365e-01 1.418365e-01
9.010000e+01 0.000000e+00 1.417030e-01 1.417030e-01
9.020000e+01 0.000000e+00 1.415696e-01 1.415696e-01
9.030000e+01 0.000000e+00 1.414365e-01 1.414365e-01
9.040000e+01 0.000000e+00 1.413036e-01 1.413036e-01
9.050000e+01 0.000000e+00 1.411708e-01 1.411708e-01
9.060000e+01 0.000000e+00 1.410383e-01 1.410383e-01
9.070000e+01 0.000000e+00 1.409060e-01 1.409060e-01
9.080000e+01 0.000000e+00 1.407739e-01 1.407739e-01
9.090000e+01 0.000000e+00 1.406420e-01 1.406420e-01
9.100000e+01 0.000000e+00 1.405103e-01 1.405103e-01
9.110000e+01 0.000000e+00 1.403789e-01 1.403789e-01
9.120000e+01 0.000000e+00 1.402476e-01 1.402476e-01
9.130000e+01 0.000000e+00 1.401165e-01 1.401165e-01
9.140000e+01 0.000000e+00 1.399856e-01 1.399856e-01
9.150000e+01 0.000000e+00 1.398550e-01 1.398550e-01
9.160000e+01 0.000000e+00 1.397245e-01 1.397245e-01
9.170000e+01 0.000000e+00 1.395943e-01 1.395943e-01
9.180000e+01 0.000000e+00 1.394643e-01 1.394643e-01
9.190000e+01 0.000000e+00 1.393344e-01 1.393344e-01
9.200000e+01 0.000000e+00 1.392048e-01 1.392048e-01
9.210000e+01 0.000000e+00 1.390754e-01 1.390754e-01
9.220000e+01 0.000000e+00 1.389461e-01 1.389461e-01
9.230000e+01 0.000000e+00 1.388171e-01 1.388171e-01
9.240000e+01 0.000000e+00 1.386882e-01 1.386882e-01
9.250000e+01 0.000000e+00 1.385596e-01 1.385596e-01
9.260000e+01 0.000000e+00 1.384311e-01 1.384311e-01
9.270000e+01 0.000000e+00 1.383029e-01 1.383029e-01
9.280000e+01 0.000000e+00 1.381748e-01 1.381748e-01
9.290000e+01 0.000000e+00 1.380469e-01 1.380469e-01
9.300000e+01 0.000000e+00 1.379193e-01 1.379193e-01
9.310000e+01 0.000000e+00 1.377918e-01 1.377918e-01
9.320000e+01 0.000000e+00 1.376645e-01 1.376645e-01
9.330000e+01 0.000000e+00 1.375375e-01 1.375375e-01
9.340000e+01 0.000000e+00 1.374106e-01 1.374106e-01
9.350000e+01 0.000000e+00 1.372839e-01 1.372839e-01
9.360000e+01 0.000000e+00 1.371574e-01 1.371574e-01
9.370000e+01 0.000000e+00 1.370311e-01 1.370311e-01
9.380000e+01 0.000000e+00 1.369050e-01 1.369050e-01
9.390000e+01 0.000000e+00 1.367792e-01 1.367792e-01
9.400000e+01 0.000000e+00 1.366535e-01 1.366535e-01
9.410000e+01 0.000000e+00 1.365280e-01 1.365280e-01
9.420000e+01 0.000000e+00 1.364026e-01 1.364026e-01
9.430000e+01 0.000000e+00 1.362775e-01 1.362775e-01
9.440000e+01 0.000000e+00 1.361526e-01 1.361526e-01
9.450000e+01 0.000000e+00 1.360278e-01 1.360278e-01
9.460000e+01 0.000000e+00 1.359033e-01 1.359033e-01
9.470000e+01 0.000000e+00 1.357789e-01 1.357789e-01
9.480000e+01 0.000000e+00 1.356547e-01 1.356547e-01
9.490000e+01 0.000000e+00 1.355307e-01 1.355307e-01
9.500000e+01 0.000000e+00 1.354069e-01 1.354069e-01
9.510000e+01 0.000000e+00 1.352833e-01 1.352833e-01
9.520000e+01 0.000000e+00 1.351599e-01 1.351599e-01
9.530000e+01 0.000000e+00 1.350366e-01 1.350366e-01
9.540000e+01 0.000000e+00 1.349136e-01 1.349136e-01
9.550000e+01 0.000000e+00 1.347907e-01 1.347907e-01
9.560000e+01 0.000000e+00 1.346681e-01 1.346681e-01
9.570000e+01 0.000000e+00 1.345456e-01 1.345456e-01
9.580000e+01 0.000000e+00 1.344233e-01 1.344233e-01
9.590000e+01 0.000000e+00 1.343012e-01 1.343012e-01
9.600000e+01 0.000000e+00 1.341792e-01 1.341792e-01
9.610000e+01 0.000000e+00 1.340575e-01 1.340575e-01
9.620000e+01 0.000000e+00 1.339359e-01 1.339359e-01
9.630000e+01 0.000000e+00 1.338145e-01 1.338145e-01
9.640000e+01 0.000000e+00 1.336933e-01 1.336933e-01
9.650000e+01 0.000000e+00 1.335723e-01 1.335723e-01
9.660000e+01 0.000000e+00 1.334514e-01 1.334514e-01
9.670000e+01 0.000000e+00 1.333308e-01 1.333308e-01
9.680000e+01 0.000000e+00 1.332103e-01 1.332103e-01
9.690000e+01 0.000000e+00 1.330900e-01 1.330900e-01
9.700000e+01 0.000000e+00 1.329699e-01 1.329699e-01
9.710000e+01 0.000000e+00 1.328500e-01 1.328500e-01
9.720000e+01 0.000000e+00 1.327302e-01 1.327302e-01
9.730000e+01 0.000000e+00 1.326106e-01 1.326106e-01
9.740000e+01 0.000000e+00 1.324912e-01 1.324912e-01
9.750000e+01 0.000000e+00 1.323720e-01 1.323720e-01
9.760000e+01 0.000000e+00 1.322529e-01 1.322529e-01
9.770000e+01 0.000000e+00 1.321340e-01 1.321340e-01
9.780000e+01 0.000000e+00 1.320153e-01 1.320153e-01
9.790000e+01 0.000000e+00 1.318968e-01 1.318968e-01
9.800000e+01 0.000000e+00 1.317784e-01 1.317784e-01
9.810000e+01 0.000000e+00 1.316603e-01 1.316603e-01
9.820000e+01 0.000000e+00 1.315423e-01 1.315423e-01
9.830000e+01 0.000000e+00 1.314245e-01 1.314245e-01
9.840000e+01 0.000000e+00 1.313068e-01 1.313068e-01
9.850000e+01 0.000000e+00 1.311894e-01 1.311894e-01
9.860000e+01 0.000000e+00 1.310721e-01 1.310721e-01
9.870000e+01 0.000000e+00 1.309550e-01 1.309550e-01
9.880000e+01 0.000000e+00 1.308381e-01 1.308381e-01
9.890000e+01 0.000000e+00 1.307213e-01 1.307213e-01
9.900000e+01 0.000000e+00 1.306047e-01 1.306047e-01
9.910000e+01 0.000000e+00 1.304882e-01 1.304882e-01
9.920000e+01 0.000000e+00 1.303720e-01 1.303720e-01
9.930000e+01 0.000000e+00 1.302559e-01 1.302559e-01
9.940000e+01 0.000000e+00 1.301399e-01 1.301399e-01
9.950000e+01 0.000000e+00 1.300241e-01 1.300241e-01
9.960000e+01 0.000000e+00 1.299085e-01 1.299085e-01
9.970000e+01 0.000000e+00 1.297931e-01 1.297931e-01
9.980000e+01 0.000000e+00 1.296778e-01 1.296778e-01
9.990000e+01 0.000000e+00 1.295627e-01 1.295627e-01
1.000000e+02 0.000000e+00 1.294478e-01 1.294478e-01
