# # chi(t) for Pe = 10, beta = 0.5, bridge_width = 1.0
# # Columns: time, chi, I_T (signed), I_|T| (unsigned)
0.000000e+00 0.000000e+00 3.835511e-01 3.835511e-01
1.000000e-01 0.000000e+00 4.000171e-01 4.000171e-01
2.000000e-01 0.000000e+00 4.000506e-01 4.000506e-01
3.000000e-01 0.000000e+00 3.999000e-01 3.999000e-01
4.000000e-01 0.000000e+00 3.994004e-01 3.994004e-01
5.000000e-01 0.000000e+00 3.983678e-01 3.983678e-01
6.000000e-01 0.000000e+00 3.966941e-01 3.966941e-01
7.000000e-01 0.000000e+00 3.943713e-01 3.943713e-01
8.000000e-01 0.000000e+00 3.914752e-01 3.914752e-01
9.000000e-01 0.000000e+00 3.881177e-01 3.881177e-01
1.000000e+00 0.000000e+00 3.844156e-01 3.844156e-01
1.100000e+00 0.000000e+00 3.804725e-01 3.804725e-01
1.200000e+00 0.000000e+00 3.763736e-01 3.763736e-01
1.300000e+00 0.000000e+00 3.721851e-01 3.721851e-01
1.400000e+00 0.000000e+00 3.679578e-01 3.679578e-01
1.500000e+00 0.000000e+00 3.637295e-01 3.637295e-01
1.600000e+00 0.000000e+00 3.595282e-01 3.595282e-01
1.700000e+00 0.000000e+00 3.553744e-01 3.553744e-01
1.800000e+00 0.000000e+00 3.512831e-01 3.512831e-01
1.900000e+00 0.000000e+00 3.472644e-01 3.472644e-01
2.000000e+00 0.000000e+00 3.433256e-01 3.433256e-01
2.100000e+00 0.000000e+00 3.394713e-01 3.394713e-01
2.200000e+00 0.000000e+00 3.357039e-01 3.357039e-01
2.300000e+00 0.000000e+00 3.320248e-01 3.320248e-01
2.400000e+00 0.000000e+00 3.284341e-01 3.284341e-01
2.500000e+00 0.000000e+00 3.249311e-01 3.249311e-01
2.600000e+00 0.000000e+00 3.215146e-01 3.215146e-01
2.700000e+00 0.000000e+00 3.181828e-01 3.181828e-01
2.800000e+00 0.000000e+00 3.149337e-01 3.149337e-01
2.900000e+00 0.000000e+00 3.117653e-01 3.117653e-01
3.000000e+00 0.000000e+00 3.086751e-01 3.086751e-01
3.100000e+00 0.000000e+00 3.056608e-01 3.056608e-01
3.200000e+00 0.000000e+00 3.027200e-01 3.027200e-01
3.300000e+00 0.000000e+00 2.998502e-01 2.998502e-01
3.400000e+00 0.000000e+00 2.970492e-01 2.970492e-01
3.500000e+00 0.000000e+00 2.943145e-01 2.943145e-01
3.600000e+00 0.000000e+00 2.916439e-01 2.916439e-01
3.700000e+00 0.000000e+00 2.890351e-01 2.890351e-01
3.800000e+00 0.000000e+00 2.864861e-01 2.864861e-01
3.900000e+00 0.000000e+00 2.839947e-01 2.839947e-01
4.000000e+00 0.000000e+00 2.815589e-01 2.815589e-01
4.100000e+00 0.000000e+00 2.791769e-01 2.791769e-01
4.200000e+00 0.000000e+00 2.768468e-01 2.768468e-01
4.300000e+00 0.000000e+00 2.745668e-01 2.745668e-01
4.400000e+00 0.000000e+00 2.723352e-01 2.723352e-01
4.500000e+00 0.000000e+00 2.701505e-01 2.701505e-01
4.600000e+00 0.000000e+00 2.680109e-01 2.680109e-01
4.700000e+00 0.000000e+00 2.659152e-01 2.659152e-01
4.800000e+00 0.000000e+00 2.638617e-01 2.638617e-01
4.900000e+00 0.000000e+00 2.618492e-01 2.618492e-01
5.000000e+00 0.000000e+00 2.598764e-01 2.598764e-01
5.100000e+00 0.000000e+00 2.579419e-01 2.579419e-01
5.200000e+00 0.000000e+00 2.560447e-01 2.560447e-01
5.300000e+00 0.000000e+00 2.541834e-01 2.541834e-01
5.400000e+00 0.000000e+00 2.523571e-01 2.523571e-01
5.500000e+00 0.000000e+00 2.505646e-01 2.505646e-01
5.600000e+00 0.000000e+00 2.488049e-01 2.488049e-01
5.700000e+00 0.000000e+00 2.470771e-01 2.470771e-01
5.800000e+00 0.000000e+00 2.453802e-01 2.453802e-01
5.900000e+00 0.000000e+00 2.437134e-01 2.437134e-01
6.000000e+00 0.000000e+00 2.420756e-01 2.420756e-01
6.100000e+00 0.000000e+00 2.404662e-01 2.404662e-01
6.200000e+00 0.000000e+00 2.388842e-01 2.388842e-01
6.300000e+00 0.000000e+00 2.373289e-01 2.373289e-01
6.400000e+00 0.000000e+00 2.357997e-01 2.357997e-01
6.500000e+00 0.000000e+00 2.342956e-01 2.342956e-01
6.600000e+00 0.000000e+00 2.328162e-01 2.328162e-01
6.700000e+00 0.000000e+00 2.313606e-01 2.313606e-01
6.800000e+00 0.000000e+00 2.299282e-01 2.299282e-01
6.900000e+00 0.000000e+00 2.285185e-01 2.285185e-01
7.000000e+00 0.000000e+00 2.271308e-01 2.271308e-01
7.100000e+00 0.000000e+00 2.257645e-01 2.257645e-01
7.200000e+00 0.000000e+00 2.244191e-01 2.244191e-01
7.300000e+00 0.000000e+00 2.230940e-01 2.230940e-01
7.400000e+00 0.000000e+00 2.217887e-01 2.217887e-01
7.500000e+00 0.000000e+00 2.205028e-01 2.205028e-01
7.600000e+00 0.000000e+00 2.192356e-01 2.192356e-01
7.700000e+00 0.000000e+00 2.179868e-01 2.179868e-01
7.800000e+00 0.000000e+00 2.167558e-01 2.167558e-01
7.900000e+00 0.000000e+00 2.155422e-01 2.155422e-01
8.000000e+00 0.000000e+00 2.143457e-01 2.143457e-01
8.100000e+00 0.000000e+00 2.131657e-01 2.131657e-01
8.200000e+00 0.000000e+00 2.120019e-01 2.120019e-01
8.300000e+00 0.000000e+00 2.108539e-01 2.108539e-01
8.400000e+00 0.000000e+00 2.097212e-01 2.097212e-01
8.500000e+00 0.000000e+00 2.086036e-01 2.086036e-01
8.600000e+00 0.000000e+00 2.075006e-01 2.075006e-01
8.700000e+00 0.000000e+00 2.064120e-01 2.064120e-01
8.800000e+00 0.000000e+00 2.053373e-01 2.053373e-01
8.900000e+00 0.000000e+00 2.042763e-01 2.042763e-01
9.000000e+00 0.000000e+00 2.032286e-01 2.032286e-01
9.100000e+00 0.000000e+00 2.021939e-01 2.021939e-01
9.200000e+00 0.000000e+00 2.011719e-01 2.011719e-01
9.300000e+00 0.000000e+00 2.001624e-01 2.001624e-01
9.400000e+00 0.000000e+00 1.991650e-01 1.991650e-01
9.500000e+00 0.000000e+00 1.981795e-01 1.981795e-01
9.600000e+00 0.000000e+00 1.972055e-01 1.972055e-01
9.700000e+00 0.000000e+00 1.962430e-01 1.962430e-01
9.800000e+00 0.000000e+00 1.952915e-01 1.952915e-01
9.900000e+00 0.000000e+00 1.943508e-01 1.943508e-01
1.000000e+01 0.000000e+00 1.934207e-01 1.934207e-01
1.010000e+01 0.000000e+00 1.925010e-01 1.925010e-01
1.020000e+01 0.000000e+00 1.915914e-01 1.915914e-01
1.030000e+01 0.000000e+00 1.906917e-01 1.906917e-01
1.040000e+01 0.000000e+00 1.898018e-01 1.898018e-01
1.050000e+01 0.000000e+00 1.889213e-01 1.889213e-01
1.060000e+01 0.000000e+00 1.880501e-01 1.880501e-01
1.070000e+01 0.000000e+00 1.871880e-01 1.871880e-01
1.080000e+01 0.000000e+00 1.863348e-01 1.863348e-01
1.090000e+01 0.000000e+00 1.854903e-01 1.854903e-01
1.100000e+01 0.000000e+00 1.846543e-01 1.846543e-01
1.110000e+01 0.000000e+00 1.838266e-01 1.838266e-01
1.120000e+01 0.000000e+00 1.830072e-01 1.830072e-01
1.130000e+01 0.000000e+00 1.821957e-01 1.821957e-01
1.140000e+01 0.000000e+00 1.813921e-01 1.813921e-01
1.150000e+01 0.000000e+00 1.805961e-01 1.805961e-01
1.160000e+01 0.000000e+00 1.798077e-01 1.798077e-01
1.170000e+01 0.000000e+00 1.790266e-01 1.790266e-01
1.180000e+01 0.000000e+00 1.782528e-01 1.782528e-01
1.190000e+01 0.000000e+00 1.774861e-01 1.774861e-01
1.200000e+01 0.000000e+00 1.767262e-01 1.767262e-01
1.210000e+01 0.000000e+00 1.759732e-01 1.759732e-01
1.220000e+01 0.000000e+00 1.752269e-01 1.752269e-01
1.230000e+01 0.000000e+00 1.744871e-01 1.744871e-01
1.240000e+01 0.000000e+00 1.737536e-01 1.737536e-01
1.250000e+01 0.000000e+00 1.730265e-01 1.730265e-01
1.260000e+01 0.000000e+00 1.723056e-01 1.723056e-01
1.270000e+01 0.000000e+00 1.715906e-01 1.715906e-01
1.280000e+01 0.000000e+00 1.708817e-01 1.708817e-01
1.290000e+01 0.000000e+00 1.701785e-01 1.701785e-01
1.300000e+01 0.000000e+00 1.694810e-01 1.694810e-01
1.310000e+01 0.000000e+00 1.687892e-01 1.687892e-01
1.320000e+01 0.000000e+00 1.681028e-01 1.681028e-01
1.330000e+01 0.000000e+00 1.674219e-01 1.674219e-01
1.340000e+01 0.000000e+00 1.667463e-01 1.667463e-01
1.350000e+01 0.000000e+00 1.660758e-01 1.660758e-01
1.360000e+01 0.000000e+00 1.654105e-01 1.654105e-01
1.370000e+01 0.000000e+00 1.647502e-01 1.647502e-01
1.380000e+01 0.000000e+00 1.640949e-01 1.640949e-01
1.390000e+01 0.000000e+00 1.634444e-01 1.634444e-01
1.400000e+01 0.000000e+00 1.627986e-01 1.627986e-01
1.410000e+01 0.000000e+00 1.621576e-01 1.621576e-01
1.420000e+01 0.000000e+00 1.615211e-01 1.615211e-01
1.430000e+01 0.000000e+00 1.608892e-01 1.608892e-01
1.440000e+01 0.000000e+00 1.602617e-01 1.602617e-01
1.450000e+01 0.000000e+00 1.596386e-01 1.596386e-01
1.460000e+01 0.000000e+00 1.590197e-01 1.590197e-01
1.470000e+01 0.000000e+00 1.584051e-01 1.584051e-01
1.480000e+01 0.000000e+00 1.577947e-01 1.577947e-01
1.490000e+01 0.000000e+00 1.571883e-01 1.571883e-01
1.500000e+01 0.000000e+00 1.565860e-01 1.565860e-01
1.510000e+01 0.000000e+00 1.559876e-01 1.559876e-01
1.520000e+01 0.000000e+00 1.553932e-01 1.553932e-01
1.530000e+01 0.000000e+00 1.548025e-01 1.548025e-01
1.540000e+01 0.000000e+00 1.542157e-01 1.542157e-01
1.550000e+01 0.000000e+00 1.536325e-01 1.536325e-01
1.560000e+01 0.000000e+00 1.530531e-01 1.530531e-01
1.570000e+01 0.000000e+00 1.524772e-01 1.524772e-01
1.580000e+01 0.000000e+00 1.519049e-01 1.519049e-01
1.590000e+01 0.000000e+00 1.513360e-01 1.513360e-01
1.600000e+01 0.000000e+00 1.507706e-01 1.507706e-01
1.610000e+01 0.000000e+00 1.502086e-01 1.502086e-01
1.620000e+01 0.000000e+00 1.496500e-01 1.496500e-01
1.630000e+01 0.000000e+00 1.490946e-01 1.490946e-01
1.640000e+01 0.000000e+00 1.485425e-01 1.485425e-01
1.650000e+01 0.000000e+00 1.479936e-01 1.479936e-01
1.660000e+01 0.000000e+00 1.474479e-01 1.474479e-01
1.670000e+01 0.000000e+00 1.469053e-01 1.469053e-01
1.680000e+01 0.000000e+00 1.463657e-01 1.463657e-01
1.690000e+01 0.000000e+00 1.458292e-01 1.458292e-01
1.700000e+01 0.000000e+00 1.452956e-01 1.452956e-01
1.710000e+01 0.000000e+00 1.447650e-01 1.447650e-01
1.720000e+01 0.000000e+00 1.442373e-01 1.442373e-01
1.730000e+01 0.000000e+00 1.437125e-01 1.437125e-01
1.740000e+01 0.000000e+00 1.431905e-01 1.431905e-01
1.750000e+01 0.000000e+00 1.426713e-01 1.426713e-01
1.760000e+01 0.000000e+00 1.421549e-01 1.421549e-01
1.770000e+01 0.000000e+00 1.416412e-01 1.416412e-01
1.780000e+01 0.000000e+00 1.411302e-01 1.411302e-01
1.790000e+01 0.000000e+00 1.406218e-01 1.406218e-01
1.800000e+01 0.000000e+00 1.401161e-01 1.401161e-01
1.810000e+01 0.000000e+00 1.396129e-01 1.396129e-01
1.820000e+01 0.000000e+00 1.391123e-01 1.391123e-01
1.830000e+01 0.000000e+00 1.386143e-01 1.386143e-01
1.840000e+01 0.000000e+00 1.381187e-01 1.381187e-01
1.850000e+01 0.000000e+00 1.376256e-01 1.376256e-01
1.860000e+01 0.000000e+00 1.371350e-01 1.371350e-01
1.870000e+01 0.000000e+00 1.366467e-01 1.366467e-01
1.880000e+01 0.000000e+00 1.361609e-01 1.361609e-01
1.890000e+01 0.000000e+00 1.356774e-01 1.356774e-01
1.900000e+01 0.000000e+00 1.351963e-01 1.351963e-01
1.910000e+01 0.000000e+00 1.347174e-01 1.347174e-01
1.920000e+01 0.000000e+00 1.342409e-01 1.342409e-01
1.930000e+01 0.000000e+00 1.337666e-01 1.337666e-01
1.940000e+01 0.000000e+00 1.332945e-01 1.332945e-01
1.950000e+01 0.000000e+00 1.328247e-01 1.328247e-01
1.960000e+01 0.000000e+00 1.323570e-01 1.323570e-01
1.970000e+01 0.000000e+00 1.318915e-01 1.318915e-01
1.980000e+01 0.000000e+00 1.314281e-01 1.314281e-01
1.990000e+01 0.000000e+00 1.309669e-01 1.309669e-01
2.000000e+01 0.000000e+00 1.305078e-01 1.305078e-01
2.010000e+01 0.000000e+00 1.300507e-01 1.300507e-01
2.020000e+01 0.000000e+00 1.295957e-01 1.295957e-01
2.030000e+01 0.000000e+00 1.291427e-01 1.291427e-01
2.040000e+01 0.000000e+00 1.286918e-01 1.286918e-01
2.050000e+01 0.000000e+00 1.282428e-01 1.282428e-01
2.060000e+01 0.000000e+00 1.277959e-01 1.277959e-01
2.070000e+01 0.000000e+00 1.273509e-01 1.273509e-01
2.080000e+01 0.000000e+00 1.269078e-01 1.269078e-01
2.090000e+01 0.000000e+00 1.264667e-01 1.264667e-01
2.100000e+01 0.000000e+00 1.260274e-01 1.260274e-01
2.110000e+01 0.000000e+00 1.255901e-01 1.255901e-01
2.120000e+01 0.000000e+00 1.251546e-01 1.251546e-01
2.130000e+01 0.000000e+00 1.247210e-01 1.247210e-01
2.140000e+01 0.000000e+00 1.242892e-01 1.242892e-01
2.150000e+01 0.000000e+00 1.238593e-01 1.238593e-01
2.160000e+01 0.000000e+00 1.234311e-01 1.234311e-01
2.170000e+01 0.000000e+00 1.230048e-01 1.230048e-01
2.180000e+01 0.000000e+00 1.225802e-01 1.225802e-01
2.190000e+01 0.000000e+00 1.221574e-01 1.221574e-01
2.200000e+01 0.000000e+00 1.217364e-01 1.217364e-01
2.210000e+01 0.000000e+00 1.213170e-01 1.213170e-01
2.220000e+01 0.000000e+00 1.208994e-01 1.208994e-01
2.230000e+01 0.000000e+00 1.204836e-01 1.204836e-01
2.240000e+01 0.000000e+00 1.200694e-01 1.200694e-01
2.250000e+01 0.000000e+00 1.196568e-01 1.196568e-01
2.260000e+01 0.000000e+00 1.192460e-01 1.192460e-01
2.270000e+01 0.000000e+00 1.188368e-01 1.188368e-01
2.280000e+01 0.000000e+00 1.184293e-01 1.184293e-01
2.290000e+01 0.000000e+00 1.180234e-01 1.180234e-01
2.300000e+01 0.000000e+00 1.176191e-01 1.176191e-01
2.310000e+01 0.000000e+00 1.172164e-01 1.172164e-01
2.320000e+01 0.000000e+00 1.168153e-01 1.168153e-01
2.330000e+01 0.000000e+00 1.164158e-01 1.164158e-01
2.340000e+01 0.000000e+00 1.160179e-01 1.160179e-01
2.350000e+01 0.000000e+00 1.156215e-01 1.156215e-01
2.360000e+01 0.000000e+00 1.152267e-01 1.152267e-01
2.370000e+01 0.000000e+00 1.148334e-01 1.148334e-01
2.380000e+01 0.000000e+00 1.144417e-01 1.144417e-01
2.390000e+01 0.000000e+00 1.140515e-01 1.140515e-01
2.400000e+01 0.000000e+00 1.136627e-01 1.136627e-01
2.410000e+01 0.000000e+00 1.132755e-01 1.132755e-01
2.420000e+01 0.000000e+00 1.128898e-01 1.128898e-01
2.430000e+01 0.000000e+00 1.125055e-01 1.125055e-01
2.440000e+01 0.000000e+00 1.121227e-01 1.121227e-01
2.450000e+01 0.000000e+00 1.117414e-01 1.117414e-01
2.460000e+01 0.000000e+00 1.113615e-01 1.113615e-01
2.470000e+01 0.000000e+00 1.109831e-01 1.109831e-01
2.480000e+01 0.000000e+00 1.106060e-01 1.106060e-01
2.490000e+01 0.000000e+00 1.102305e-01 1.102305e-01
2.500000e+01 0.000000e+00 1.098563e-01 1.098563e-01
2.510000e+01 0.000000e+00 1.094835e-01 1.094835e-01
2.520000e+01 0.000000e+00 1.091121e-01 1.091121e-01
2.530000e+01 0.000000e+00 1.087421e-01 1.087421e-01
2.540000e+01 0.000000e+00 1.083735e-01 1.083735e-01
2.550000e+01 0.000000e+00 1.080063e-01 1.080063e-01
2.560000e+01 0.000000e+00 1.076404e-01 1.076404e-01
2.570000e+01 0.000000e+00 1.072759e-01 1.072759e-01
2.580000e+01 0.000000e+00 1.069127e-01 1.069127e-01
2.590000e+01 0.000000e+00 1.065509e-01 1.065509e-01
2.600000e+01 0.000000e+00 1.061904e-01 1.061904e-01
2.610000e+01 0.000000e+00 1.058313e-01 1.058313e-01
2.620000e+01 0.000000e+00 1.054734e-01 1.054734e-01
2.630000e+01 0.000000e+00 1.051169e-01 1.051169e-01
2.640000e+01 0.000000e+00 1.047616e-01 1.047616e-01
2.650000e+01 0.000000e+00 1.044077e-01 1.044077e-01
2.660000e+01 0.000000e+00 1.040550e-01 1.040550e-01
2.670000e+01 0.000000e+00 1.037037e-01 1.037037e-01
2.680000e+01 0.000000e+00 1.033536e-01 1.033536e-01
2.690000e+01 0.000000e+00 1.030047e-01 1.030047e-01
2.700000e+01 0.000000e+00 1.026571e-01 1.026571e-01
2.710000e+01 0.000000e+00 1.023108e-01 1.023108e-01
2.720000e+01 0.000000e+00 1.019657e-01 1.019657e-01
2.730000e+01 0.000000e+00 1.016219e-01 1.016219e-01
2.740000e+01 0.000000e+00 1.012793e-01 1.012793e-01
2.750000e+01 0.000000e+00 1.009379e-01 1.009379e-01
2.760000e+01 0.000000e+00 1.005978e-01 1.005978e-01
2.770000e+01 0.000000e+00 1.002588e-01 1.002588e-01
2.780000e+01 0.000000e+00 9.992112e-02 9.992112e-02
2.790000e+01 0.000000e+00 9.958460e-02 9.958460e-02
2.800000e+01 0.000000e+00 9.924928e-02 9.924928e-02
2.810000e+01 0.000000e+00 9.891516e-02 9.891516e-02
2.820000e+01 0.000000e+00 9.858222e-02 9.858222e-02
2.830000e+01 0.000000e+00 9.825046e-02 9.825046e-02
2.840000e+01 0.000000e+00 9.791988e-02 9.791988e-02
2.850000e+01 0.000000e+00 9.759046e-02 9.759046e-02
2.860000e+01 0.000000e+00 9.726221e-02 9.726221e-02
2.870000e+01 0.000000e+00 9.693512e-02 9.693512e-02
2.880000e+01 0.000000e+00 9.660918e-02 9.660918e-02
2.890000e+01 0.000000e+00 9.628439e-02 9.628439e-02
2.900000e+01 0.000000e+00 9.596075e-02 9.596075e-02
2.910000e+01 0.000000e+00 9.563824e-02 9.563824e-02
2.920000e+01 0.000000e+00 9.531686e-02 9.531686e-02
2.930000e+01 0.000000e+00 9.499661e-02 9.499661e-02
2.940000e+01 0.000000e+00 9.467747e-02 9.467747e-02
2.950000e+01 0.000000e+00 9.435945e-02 9.435945e-02
2.960000e+01 0.000000e+00 9.404254e-02 9.404254e-02
2.970000e+01 0.000000e+00 9.372674e-02 9.372674e-02
2.980000e+01 0.000000e+00 9.341204e-02 9.341204e-02
2.990000e+01 0.000000e+00 9.309843e-02 9.309843e-02
3.000000e+01 0.000000e+00 9.278591e-02 9.278591e-02
3.010000e+01 0.000000e+00 9.247448e-02 9.247448e-02
3.020000e+01 0.000000e+00 9.216414e-02 9.216414e-02
3.030000e+01 0.000000e+00 9.185487e-02 9.185487e-02
3.040000e+01 0.000000e+00 9.154668e-02 9.154668e-02
3.050000e+01 0.000000e+00 9.123956e-02 9.123956e-02
3.060000e+01 0.000000e+00 9.093350e-02 9.093350e-02
3.070000e+01 0.000000e+00 9.062850e-02 9.062850e-02
3.080000e+01 0.000000e+00 9.032455e-02 9.032455e-02
3.090000e+01 0.000000e+00 9.002165e-02 9.002165e-02
3.100000e+01 0.000000e+00 8.971980e-02 8.971980e-02
3.110000e+01 0.000000e+00 8.941898e-02 8.941898e-02
3.120000e+01 0.000000e+00 8.911920e-02 8.911920e-02
3.130000e+01 0.000000e+00 8.882046e-02 8.882046e-02
3.140000e+01 0.000000e+00 8.852274e-02 8.852274e-02
3.150000e+01 0.000000e+00 8.822604e-02 8.822604e-02
3.160000e+01 0.000000e+00 8.793036e-02 8.793036e-02
3.170000e+01 0.000000e+00 8.763571e-02 8.763571e-02
3.180000e+01 0.000000e+00 8.734206e-02 8.734206e-02
3.190000e+01 0.000000e+00 8.704942e-02 8.704942e-02
3.200000e+01 0.000000e+00 8.675779e-02 8.675779e-02
3.210000e+01 0.000000e+00 8.646716e-02 8.646716e-02
3.220000e+01 0.000000e+00 8.617753e-02 8.617753e-02
3.230000e+01 0.000000e+00 8.588889e-02 8.588889e-02
3.240000e+01 0.000000e+00 8.560123e-02 8.560123e-02
3.250000e+01 0.000000e+00 8.531456e-02 8.531456e-02
3.260000e+01 0.000000e+00 8.502886e-02 8.502886e-02
3.270000e+01 0.000000e+00 8.474414e-02 8.474414e-02
3.280000e+01 0.000000e+00 8.446040e-02 8.446040e-02
3.290000e+01 0.000000e+00 8.417761e-02 8.417761e-02
3.300000e+01 0.000000e+00 8.389579e-02 8.389579e-02
3.310000e+01 0.000000e+00 8.361493e-02 8.361493e-02
3.320000e+01 0.000000e+00 8.333503e-02 8.333503e-02
3.330000e+01 0.000000e+00 8.305609e-02 8.305609e-02
3.340000e+01 0.000000e+00 8.277809e-02 8.277809e-02
3.350000e+01 0.000000e+00 8.250104e-02 8.250104e-02
3.360000e+01 0.000000e+00 8.222494e-02 8.222494e-02
3.370000e+01 0.000000e+00 8.194977e-02 8.194977e-02
3.380000e+01 0.000000e+00 8.167553e-02 8.167553e-02
3.390000e+01 0.000000e+00 8.140223e-02 8.140223e-02
3.400000e+01 0.000000e+00 8.112986e-02 8.112986e-02
3.410000e+01 0.000000e+00 8.085841e-02 8.085841e-02
3.420000e+01 0.000000e+00 8.058789e-02 8.058789e-02
3.430000e+01 0.000000e+00 8.031828e-02 8.031828e-02
3.440000e+01 0.000000e+00 8.004959e-02 8.004959e-02
3.450000e+01 0.000000e+00 7.978181e-02 7.978181e-02
3.460000e+01 0.000000e+00 7.951494e-02 7.951494e-02
3.470000e+01 0.000000e+00 7.924896e-02 7.924896e-02
3.480000e+01 0.000000e+00 7.898389e-02 7.898389e-02
3.490000e+01 0.000000e+00 7.871972e-02 7.871972e-02
3.500000e+01 0.000000e+00 7.845644e-02 7.845644e-02
3.510000e+01 0.000000e+00 7.819405e-02 7.819405e-02
3.520000e+01 0.000000e+00 7.793255e-02 7.793255e-02
3.530000e+01 0.000000e+00 7.767194e-02 7.767194e-02
3.540000e+01 0.000000e+00 7.741221e-02 7.741221e-02
3.550000e+01 0.000000e+00 7.715336e-02 7.715336e-02
3.560000e+01 0.000000e+00 7.689538e-02 7.689538e-02
3.570000e+01 0.000000e+00 7.663827e-02 7.663827e-02
3.580000e+01 0.000000e+00 7.638203e-02 7.638203e-02
3.590000e+01 0.000000e+00 7.612665e-02 7.612665e-02
3.600000e+01 0.000000e+00 7.587214e-02 7.587214e-02
3.610000e+01 0.000000e+00 7.561848e-02 7.561848e-02
3.620000e+01 0.000000e+00 7.536568e-02 7.536568e-02
3.630000e+01 0.000000e+00 7.511373e-02 7.511373e-02
3.640000e+01 0.000000e+00 7.486264e-02 7.486264e-02
3.650000e+01 0.000000e+00 7.461239e-02 7.461239e-02
3.660000e+01 0.000000e+00 7.436298e-02 7.436298e-02
3.670000e+01 0.000000e+00 7.411441e-02 7.411441e-02
3.680000e+01 0.000000e+00 7.386669e-02 7.386669e-02
3.690000e+01 0.000000e+00 7.361980e-02 7.361980e-02
3.700000e+01 0.000000e+00 7.337373e-02 7.337373e-02
3.710000e+01 0.000000e+00 7.312850e-02 7.312850e-02
3.720000e+01 0.000000e+00 7.288410e-02 7.288410e-02
3.730000e+01 0.000000e+00 7.264051e-02 7.264051e-02
3.740000e+01 0.000000e+00 7.239775e-02 7.239775e-02
3.750000e+01 0.000000e+00 7.215581e-02 7.215581e-02
3.760000e+01 0.000000e+00 7.191468e-02 7.191468e-02
3.770000e+01 0.000000e+00 7.167437e-02 7.167437e-02
3.780000e+01 0.000000e+00 7.143486e-02 7.143486e-02
3.790000e+01 0.000000e+00 7.119616e-02 7.119616e-02
3.800000e+01 0.000000e+00 7.095827e-02 7.095827e-02
3.810000e+01 0.000000e+00 7.072117e-02 7.072117e-02
3.820000e+01 0.000000e+00 7.048488e-02 7.048488e-02
3.830000e+01 0.000000e+00 7.024938e-02 7.024938e-02
3.840000e+01 0.000000e+00 7.001467e-02 7.001467e-02
3.850000e+01 0.000000e+00 6.978076e-02 6.978076e-02
3.860000e+01 0.000000e+00 6.954763e-02 6.954763e-02
3.870000e+01 0.000000e+00 6.931529e-02 6.931529e-02
3.880000e+01 0.000000e+00 6.908373e-02 6.908373e-02
3.890000e+01 0.000000e+00 6.885295e-02 6.885295e-02
3.900000e+01 0.000000e+00 6.862294e-02 6.862294e-02
3.910000e+01 0.000000e+00 6.839371e-02 6.839371e-02
3.920000e+01 0.000000e+00 6.816525e-02 6.816525e-02
3.930000e+01 0.000000e+00 6.793756e-02 6.793756e-02
3.940000e+01 0.000000e+00 6.771063e-02 6.771063e-02
3.950000e+01 0.000000e+00 6.748446e-02 6.748446e-02
3.960000e+01 0.000000e+00 6.725906e-02 6.725906e-02
3.970000e+01 0.000000e+00 6.703441e-02 6.703441e-02
3.980000e+01 0.000000e+00 6.681052e-02 6.681052e-02
3.990000e+01 0.000000e+00 6.658739e-02 6.658739e-02
4.000000e+01 0.000000e+00 6.636500e-02 6.636500e-02
4.010000e+01 0.000000e+00 6.614336e-02 6.614336e-02
4.020000e+01 0.000000e+00 6.592246e-02 6.592246e-02
4.030000e+01 0.000000e+00 6.570231e-02 6.570231e-02
4.040000e+01 0.000000e+00 6.548289e-02 6.548289e-02
4.050000e+01 0.000000e+00 6.526421e-02 6.526421e-02
4.060000e+01 0.000000e+00 6.504627e-02 6.504627e-02
4.070000e+01 0.000000e+00 6.482907e-02 6.482907e-02
4.080000e+01 0.000000e+00 6.461259e-02 6.461259e-02
4.090000e+01 0.000000e+00 6.439685e-02 6.439685e-02
4.100000e+01 0.000000e+00 6.418183e-02 6.418183e-02
4.110000e+01 0.000000e+00 6.396753e-02 6.396753e-02
4.120000e+01 0.000000e+00 6.375396e-02 6.375396e-02
4.130000e+01 0.000000e+00 6.354110e-02 6.354110e-02
4.140000e+01 0.000000e+00 6.332896e-02 6.332896e-02
4.150000e+01 0.000000e+00 6.311753e-02 6.311753e-02
4.160000e+01 0.000000e+00 6.290682e-02 6.290682e-02
4.170000e+01 0.000000e+00 6.269681e-02 6.269681e-02
4.180000e+01 0.000000e+00 6.248752e-02 6.248752e-02
4.190000e+01 0.000000e+00 6.227893e-02 6.227893e-02
4.200000e+01 0.000000e+00 6.207104e-02 6.207104e-02
4.210000e+01 0.000000e+00 6.186385e-02 6.186385e-02
4.220000e+01 0.000000e+00 6.165736e-02 6.165736e-02
4.230000e+01 0.000000e+00 6.145155e-02 6.145155e-02
4.240000e+01 0.000000e+00 6.124643e-02 6.124643e-02
4.250000e+01 0.000000e+00 6.104200e-02 6.104200e-02
4.260000e+01 0.000000e+00 6.083825e-02 6.083825e-02
4.270000e+01 0.000000e+00 6.063518e-02 6.063518e-02
4.280000e+01 0.000000e+00 6.043280e-02 6.043280e-02
4.290000e+01 0.000000e+00 6.023109e-02 6.023109e-02
4.300000e+01 0.000000e+00 6.003007e-02 6.003007e-02
4.310000e+01 0.000000e+00 5.982972e-02 5.982972e-02
4.320000e+01 0.000000e+00 5.963005e-02 5.963005e-02
4.330000e+01 0.000000e+00 5.943106e-02 5.943106e-02
4.340000e+01 0.000000e+00 5.923274e-02 5.923274e-02
4.350000e+01 0.000000e+00 5.903509e-02 5.903509e-02
4.360000e+01 0.000000e+00 5.883811e-02 5.883811e-02
4.370000e+01 0.000000e+00 5.864179e-02 5.864179e-02
4.380000e+01 0.000000e+00 5.844614e-02 5.844614e-02
4.390000e+01 0.000000e+00 5.825114e-02 5.825114e-02
4.400000e+01 0.000000e+00 5.805680e-02 5.805680e-02
4.410000e+01 0.000000e+00 5.786312e-02 5.786312e-02
4.420000e+01 0.000000e+00 5.767008e-02 5.767008e-02
4.430000e+01 0.000000e+00 5.747770e-02 5.747770e-02
4.440000e+01 0.000000e+00 5.728596e-02 5.728596e-02
4.450000e+01 0.000000e+00 5.709486e-02 5.709486e-02
4.460000e+01 0.000000e+00 5.690440e-02 5.690440e-02
4.470000e+01 0.000000e+00 5.671458e-02 5.671458e-02
4.480000e+01 0.000000e+00 5.652540e-02 5.652540e-02
4.490000e+01 0.000000e+00 5.633686e-02 5.633686e-02
4.500000e+01 0.000000e+00 5.614895e-02 5.614895e-02
4.510000e+01 0.000000e+00 5.596167e-02 5.596167e-02
4.520000e+01 0.000000e+00 5.577502e-02 5.577502e-02
4.530000e+01 0.000000e+00 5.558901e-02 5.558901e-02
4.540000e+01 0.000000e+00 5.540363e-02 5.540363e-02
4.550000e+01 0.000000e+00 5.521887e-02 5.521887e-02
4.560000e+01 0.000000e+00 5.503473e-02 5.503473e-02
4.570000e+01 0.000000e+00 5.485122e-02 5.485122e-02
4.580000e+01 0.000000e+00 5.466831e-02 5.466831e-02
4.590000e+01 0.000000e+00 5.448603e-02 5.448603e-02
4.600000e+01 0.000000e+00 5.430435e-02 5.430435e-02
4.610000e+01 0.000000e+00 5.412329e-02 5.412329e-02
4.620000e+01 0.000000e+00 5.394283e-02 5.394283e-02
4.630000e+01 0.000000e+00 5.376298e-02 5.376298e-02
4.640000e+01 0.000000e+00 5.358374e-02 5.358374e-02
4.650000e+01 0.000000e+00 5.340510e-02 5.340510e-02
4.660000e+01 0.000000e+00 5.322707e-02 5.322707e-02
4.670000e+01 0.000000e+00 5.304965e-02 5.304965e-02
4.680000e+01 0.000000e+00 5.287282e-02 5.287282e-02
4.690000e+01 0.000000e+00 5.269660e-02 5.269660e-02
4.700000e+01 0.000000e+00 5.252097e-02 5.252097e-02
4.710000e+01 0.000000e+00 5.234594e-02 5.234594e-02
4.720000e+01 0.000000e+00 5.217150e-02 5.217150e-02
4.730000e+01 0.000000e+00 5.199765e-02 5.199765e-02
4.740000e+01 0.000000e+00 5.182438e-02 5.182438e-02
4.750000e+01 0.000000e+00 5.165170e-02 5.165170e-02
4.760000e+01 0.000000e+00 5.147960e-02 5.147960e-02
4.770000e+01 0.000000e+00 5.130808e-02 5.130808e-02
4.780000e+01 0.000000e+00 5.113714e-02 5.113714e-02
4.790000e+01 0.000000e+00 5.096678e-02 5.096678e-02
4.800000e+01 0.000000e+00 5.079698e-02 5.079698e-02
4.810000e+01 0.000000e+00 5.062776e-02 5.062776e-02
4.820000e+01 0.000000e+00 5.045911e-02 5.045911e-02
4.830000e+01 0.000000e+00 5.029103e-02 5.029103e-02
4.840000e+01 0.000000e+00 5.012350e-02 5.012350e-02
4.850000e+01 0.000000e+00 4.995655e-02 4.995655e-02
4.860000e+01 0.000000e+00 4.979015e-02 4.979015e-02
4.870000e+01 0.000000e+00 4.962432e-02 4.962432e-02
4.880000e+01 0.000000e+00 4.945904e-02 4.945904e-02
4.890000e+01 0.000000e+00 4.929433e-02 4.929433e-02
4.900000e+01 0.000000e+00 4.913017e-02 4.913017e-02
4.910000e+01 0.000000e+00 4.896656e-02 4.896656e-02
4.920000e+01 0.000000e+00 4.880351e-02 4.880351e-02
4.930000e+01 0.000000e+00 4.864101e-02 4.864101e-02
4.940000e+01 0.000000e+00 4.847905e-02 4.847905e-02
4.950000e+01 0.000000e+00 4.831764e-02 4.831764e-02
4.960000e+01 0.000000e+00 4.815678e-02 4.815678e-02
4.970000e+01 0.000000e+00 4.799646e-02 4.799646e-02
4.980000e+01 0.000000e+00 4.783668e-02 4.783668e-02
4.990000e+01 0.000000e+00 4.767744e-02 4.767744e-02
5.000000e+01 0.000000e+00 4.751874e-02 4.751874e-02
5.010000e+01 0.000000e+00 4.736058e-02 4.736058e-02
5.020000e+01 0.000000e+00 4.720295e-02 4.720295e-02
5.030000e+01 0.000000e+00 4.704585e-02 4.704585e-02
5.040000e+01 0.000000e+00 4.688929e-02 4.688929e-02
5.050000e+01 0.000000e+00 4.673325e-02 4.673325e-02
5.060000e+01 0.000000e+00 4.657775e-02 4.657775e-02
5.070000e+01 0.000000e+00 4.642277e-02 4.642277e-02
5.080000e+01 0.000000e+00 4.626831e-02 4.626831e-02
5.090000e+01 0.000000e+00 4.611438e-02 4.611438e-02
5.100000e+01 0.000000e+00 4.596097e-02 4.596097e-02
5.110000e+01 0.000000e+00 4.580808e-02 4.580808e-02
5.120000e+01 0.000000e+00 4.565571e-02 4.565571e-02
5.130000e+01 0.000000e+00 4.550385e-02 4.550385e-02
5.140000e+01 0.000000e+00 4.535251e-02 4.535251e-02
5.150000e+01 0.000000e+00 4.520168e-02 4.520168e-02
5.160000e+01 0.000000e+00 4.505136e-02 4.505136e-02
5.170000e+01 0.000000e+00 4.490154e-02 4.490154e-02
5.180000e+01 0.000000e+00 4.475224e-02 4.475224e-02
5.190000e+01 0.000000e+00 4.460344e-02 4.460344e-02
5.200000e+01 0.000000e+00 4.445514e-02 4.445514e-02
5.210000e+01 0.000000e+00 4.430734e-02 4.430734e-02
5.220000e+01 0.000000e+00 4.416005e-02 4.416005e-02
5.230000e+01 0.000000e+00 4.401325e-02 4.401325e-02
5.240000e+01 0.000000e+00 4.386696e-02 4.386696e-02
5.250000e+01 0.000000e+00 4.372115e-02 4.372115e-02
5.260000e+01 0.000000e+00 4.357584e-02 4.357584e-02
5.270000e+01 0.000000e+00 4.343102e-02 4.343102e-02
5.280000e+01 0.000000e+00 4.328669e-02 4.328669e-02
5.290000e+01 0.000000e+00 4.314286e-02 4.314286e-02
5.300000e+01 0.000000e+00 4.299951e-02 4.299951e-02
5.310000e+01 0.000000e+00 4.285664e-02 4.285664e-02
5.320000e+01 0.000000e+00 4.271426e-02 4.271426e-02
5.330000e+01 0.000000e+00 4.257236e-02 4.257236e-02
5.340000e+01 0.000000e+00 4.243094e-02 4.243094e-02
5.350000e+01 0.000000e+00 4.229000e-02 4.229000e-02
5.360000e+01 0.000000e+00 4.214954e-02 4.214954e-02
5.370000e+01 0.000000e+00 4.200955e-02 4.200955e-02
5.380000e+01 0.000000e+00 4.187003e-02 4.187003e-02
5.390000e+01 0.000000e+00 4.173099e-02 4.173099e-02
5.400000e+01 0.000000e+00 4.159241e-02 4.159241e-02
5.410000e+01 0.000000e+00 4.145431e-02 4.145431e-02
5.420000e+01 0.000000e+00 4.131667e-02 4.131667e-02
5.430000e+01 0.000000e+00 4.117950e-02 4.117950e-02
5.440000e+01 0.000000e+00 4.104279e-02 4.104279e-02
5.450000e+01 0.000000e+00 4.090655e-02 4.090655e-02
5.460000e+01 0.000000e+00 4.077076e-02 4.077076e-02
5.470000e+01 0.000000e+00 4.063544e-02 4.063544e-02
5.480000e+01 0.000000e+00 4.050058e-02 4.050058e-02
5.490000e+01 0.000000e+00 4.036617e-02 4.036617e-02
5.500000e+01 0.000000e+00 4.023222e-02 4.023222e-02
5.510000e+01 0.000000e+00 4.009873e-02 4.009873e-02
5.520000e+01 0.000000e+00 3.996568e-02 3.996568e-02
5.530000e+01 0.000000e+00 3.983309e-02 3.983309e-02
5.540000e+01 0.000000e+00 3.970095e-02 3.970095e-02
5.550000e+01 0.000000e+00 3.956926e-02 3.956926e-02
5.560000e+01 0.000000e+00 3.943801e-02 3.943801e-02
5.570000e+01 0.000000e+00 3.930721e-02 3.930721e-02
5.580000e+01 0.000000e+00 3.917685e-02 3.917685e-02
5.590000e+01 0.000000e+00 3.904694e-02 3.904694e-02
5.600000e+01 0.000000e+00 3.891746e-02 3.891746e-02
5.610000e+01 0.000000e+00 3.878843e-02 3.878843e-02
5.620000e+01 0.000000e+00 3.865983e-02 3.865983e-02
5.630000e+01 0.000000e+00 3.853167e-02 3.853167e-02
5.640000e+01 0.000000e+00 3.840394e-02 3.840394e-02
5.650000e+01 0.000000e+00 3.827665e-02 3.827665e-02
5.660000e+01 0.000000e+00 3.814979e-02 3.814979e-02
5.670000e+01 0.000000e+00 3.802335e-02 3.802335e-02
5.680000e+01 0.000000e+00 3.789735e-02 3.789735e-02
5.690000e+01 0.000000e+00 3.777178e-02 3.777178e-02
5.700000e+01 0.000000e+00 3.764663e-02 3.764663e-02
5.710000e+01 0.000000e+00 3.752191e-02 3.752191e-02
5.720000e+01 0.000000e+00 3.739761e-02 3.739761e-02
5.730000e+01 0.000000e+00 3.727373e-02 3.727373e-02
5.740000e+01 0.000000e+00 3.715028e-02 3.715028e-02
5.750000e+01 0.000000e+00 3.702725e-02 3.702725e-02
5.760000e+01 0.000000e+00 3.690463e-02 3.690463e-02
5.770000e+01 0.000000e+00 3.678244e-02 3.678244e-02
5.780000e+01 0.000000e+00 3.666065e-02 3.666065e-02
5.790000e+01 0.000000e+00 3.653928e-02 3.653928e-02
5.800000e+01 0.000000e+00 3.641832e-02 3.641832e-02
5.810000e+01 0.000000e+00 3.629777e-02 3.629777e-02
5.820000e+01 0.000000e+00 3.617763e-02 3.617763e-02
5.830000e+01 0.000000e+00 3.605789e-02 3.605789e-02
5.840000e+01 0.000000e+00 3.593856e-02 3.593856e-02
5.850000e+01 0.000000e+00 3.581963e-02 3.581963e-02
5.860000e+01 0.000000e+00 3.570110e-02 3.570110e-02
5.870000e+01 0.000000e+00 3.558297e-02 3.558297e-02
5.880000e+01 0.000000e+00 3.546525e-02 3.546525e-02
5.890000e+01 0.000000e+00 3.534792e-02 3.534792e-02
5.900000e+01 0.000000e+00 3.523100e-02 3.523100e-02
5.910000e+01 0.000000e+00 3.511448e-02 3.511448e-02
5.920000e+01 0.000000e+00 3.499835e-02 3.499835e-02
5.930000e+01 0.000000e+00 3.488262e-02 3.488262e-02
5.940000e+01 0.000000e+00 3.476728e-02 3.476728e-02
5.950000e+01 0.000000e+00 3.465234e-02 3.465234e-02
5.960000e+01 0.000000e+00 3.453779e-02 3.453779e-02
5.970000e+01 0.000000e+00 3.442362e-02 3.442362e-02
5.980000e+01 0.000000e+00 3.430985e-02 3.430985e-02
5.990000e+01 0.000000e+00 3.419646e-02 3.419646e-02
6.000000e+01 0.000000e+00 3.408346e-02 3.408346e-02
6.010000e+01 0.000000e+00 3.397084e-02 3.397084e-02
6.020000e+01 0.000000e+00 3.385861e-02 3.385861e-02
6.030000e+01 0.000000e+00 3.374675e-02 3.374675e-02
6.040000e+01 0.000000e+00 3.363527e-02 3.363527e-02
6.050000e+01 0.000000e+00 3.352418e-02 3.352418e-02
6.060000e+01 0.000000e+00 3.341346e-02 3.341346e-02
6.070000e+01 0.000000e+00 3.330312e-02 3.330312e-02
6.080000e+01 0.000000e+00 3.319315e-02 3.319315e-02
6.090000e+01 0.000000e+00 3.308355e-02 3.308355e-02
6.100000e+01 0.000000e+00 3.297433e-02 3.297433e-02
6.110000e+01 0.000000e+00 3.286548e-02 3.286548e-02
6.120000e+01 0.000000e+00 3.275699e-02 3.275699e-02
6.130000e+01 0.000000e+00 3.264887e-02 3.264887e-02
6.140000e+01 0.000000e+00 3.254112e-02 3.254112e-02
6.150000e+01 0.000000e+00 3.243374e-02 3.243374e-02
6.160000e+01 0.000000e+00 3.232672e-02 3.232672e-02
6.170000e+01 0.000000e+00 3.222007e-02 3.222007e-02
6.180000e+01 0.000000e+00 3.211377e-02 3.211377e-02
6.190000e+01 0.000000e+00 3.200784e-02 3.200784e-02
6.200000e+01 0.000000e+00 3.190227e-02 3.190227e-02
6.210000e+01 0.000000e+00 3.179706e-02 3.179706e-02
6.220000e+01 0.000000e+00 3.169220e-02 3.169220e-02
6.230000e+01 0.000000e+00 3.158770e-02 3.158770e-02
6.240000e+01 0.000000e+00 3.148356e-02 3.148356e-02
6.250000e+01 0.000000e+00 3.137977e-02 3.137977e-02
6.260000e+01 0.000000e+00 3.127633e-02 3.127633e-02
6.270000e+01 0.000000e+00 3.117325e-02 3.117325e-02
6.280000e+01 0.000000e+00 3.107051e-02 3.107051e-02
6.290000e+01 0.000000e+00 3.096813e-02 3.096813e-02
6.300000e+01 0.000000e+00 3.086609e-02 3.086609e-02
6.310000e+01 0.000000e+00 3.076440e-02 3.076440e-02
6.320000e+01 0.000000e+00 3.066306e-02 3.066306e-02
6.330000e+01 0.000000e+00 3.056206e-02 3.056206e-02
6.340000e+01 0.000000e+00 3.046141e-02 3.046141e-02
6.350000e+01 0.000000e+00 3.036110e-02 3.036110e-02
6.360000e+01 0.000000e+00 3.026112e-02 3.026112e-02
6.370000e+01 0.000000e+00 3.016149e-02 3.016149e-02
6.380000e+01 0.000000e+00 3.006220e-02 3.006220e-02
6.390000e+01 0.000000e+00 2.996325e-02 2.996325e-02
6.400000e+01 0.000000e+00 2.986463e-02 2.986463e-02
6.410000e+01 0.000000e+00 2.976635e-02 2.976635e-02
6.420000e+01 0.000000e+00 2.966840e-02 2.966840e-02
6.430000e+01 0.000000e+00 2.957079e-02 2.957079e-02
6.440000e+01 0.000000e+00 2.947351e-02 2.947351e-02
6.450000e+01 0.000000e+00 2.937656e-02 2.937656e-02
6.460000e+01 0.000000e+00 2.927994e-02 2.927994e-02
6.470000e+01 0.000000e+00 2.918365e-02 2.918365e-02
6.480000e+01 0.000000e+00 2.908769e-02 2.908769e-02
6.490000e+01 0.000000e+00 2.899205e-02 2.899205e-02
6.500000e+01 0.000000e+00 2.889674e-02 2.889674e-02
6.510000e+01 0.000000e+00 2.880175e-02 2.880175e-02
6.520000e+01 0.000000e+00 2.870708e-02 2.870708e-02
6.530000e+01 0.000000e+00 2.861274e-02 2.861274e-02
6.540000e+01 0.000000e+00 2.851871e-02 2.851871e-02
6.550000e+01 0.000000e+00 2.842501e-02 2.842501e-02
6.560000e+01 0.000000e+00 2.833163e-02 2.833163e-02
6.570000e+01 0.000000e+00 2.823857e-02 2.823857e-02
6.580000e+01 0.000000e+00 2.814582e-02 2.814582e-02
6.590000e+01 0.000000e+00 2.805339e-02 2.805339e-02
6.600000e+01 0.000000e+00 2.796127e-02 2.796127e-02
6.610000e+01 0.000000e+00 2.786946e-02 2.786946e-02
6.620000e+01 0.000000e+00 2.777797e-02 2.777797e-02
6.630000e+01 0.000000e+00 2.768679e-02 2.768679e-02
6.640000e+01 0.000000e+00 2.759591e-02 2.759591e-02
6.650000e+01 0.000000e+00 2.750535e-02 2.750535e-02
6.660000e+01 0.000000e+00 2.741510e-02 2.741510e-02
6.670000e+01 0.000000e+00 2.732515e-02 2.732515e-02
6.680000e+01 0.000000e+00 2.723551e-02 2.723551e-02
6.690000e+01 0.000000e+00 2.714618e-02 2.714618e-02
6.700000e+01 0.000000e+00 2.705714e-02 2.705714e-02
6.710000e+01 0.000000e+00 2.696842e-02 2.696842e-02
6.720000e+01 0.000000e+00 2.687999e-02 2.687999e-02
6.730000e+01 0.000000e+00 2.679186e-02 2.679186e-02
6.740000e+01 0.000000e+00 2.670404e-02 2.670404e-02
6.750000e+01 0.000000e+00 2.661651e-02 2.661651e-02
6.760000e+01 0.000000e+00 2.652928e-02 2.652928e-02
6.770000e+01 0.000000e+00 2.644234e-02 2.644234e-02
6.780000e+01 0.000000e+00 2.635570e-02 2.635570e-02
6.790000e+01 0.000000e+00 2.626936e-02 2.626936e-02
6.800000e+01 0.000000e+00 2.618330e-02 2.618330e-02
6.810000e+01 0.000000e+00 2.609754e-02 2.609754e-02
6.820000e+01 0.000000e+00 2.601208e-02 2.601208e-02
6.830000e+01 0.000000e+00 2.592690e-02 2.592690e-02
6.840000e+01 0.000000e+00 2.584201e-02 2.584201e-02
6.850000e+01 0.000000e+00 2.575741e-02 2.575741e-02
6.860000e+01 0.000000e+00 2.567310e-02 2.567310e-02
6.870000e+01 0.000000e+00 2.558908e-02 2.558908e-02
6.880000e+01 0.000000e+00 2.550534e-02 2.550534e-02
6.890000e+01 0.000000e+00 2.542188e-02 2.542188e-02
6.900000e+01 0.000000e+00 2.533871e-02 2.533871e-02
6.910000e+01 0.000000e+00 2.525582e-02 2.525582e-02
6.920000e+01 0.000000e+00 2.517322e-02 2.517322e-02
6.930000e+01 0.000000e+00 2.509090e-02 2.509090e-02
6.940000e+01 0.000000e+00 2.500885e-02 2.500885e-02
6.950000e+01 0.000000e+00 2.492709e-02 2.492709e-02
6.960000e+01 0.000000e+00 2.484560e-02 2.484560e-02
6.970000e+01 0.000000e+00 2.476439e-02 2.476439e-02
6.980000e+01 0.000000e+00 2.468346e-02 2.468346e-02
6.990000e+01 0.000000e+00 2.460280e-02 2.460280e-02
7.000000e+01 0.000000e+00 2.452242e-02 2.452242e-02
7.010000e+01 0.000000e+00 2.444231e-02 2.444231e-02
7.020000e+01 0.000000e+00 2.436247e-02 2.436247e-02
7.030000e+01 0.000000e+00 2.428290e-02 2.428290e-02
7.040000e+01 0.000000e+00 2.420360e-02 2.420360e-02
7.050000e+01 0.000000e+00 2.412458e-02 2.412458e-02
7.060000e+01 0.000000e+00 2.404582e-02 2.404582e-02
7.070000e+01 0.000000e+00 2.396733e-02 2.396733e-02
7.080000e+01 0.000000e+00 2.388911e-02 2.388911e-02
7.090000e+01 0.000000e+00 2.381115e-02 2.381115e-02
7.100000e+01 0.000000e+00 2.373346e-02 2.373346e-02
7.110000e+01 0.000000e+00 2.365603e-02 2.365603e-02
7.120000e+01 0.000000e+00 2.357887e-02 2.357887e-02
7.130000e+01 0.000000e+00 2.350197e-02 2.350197e-02
7.140000e+01 0.000000e+00 2.342533e-02 2.342533e-02
7.150000e+01 0.000000e+00 2.334895e-02 2.334895e-02
7.160000e+01 0.000000e+00 2.327283e-02 2.327283e-02
7.170000e+01 0.000000e+00 2.319697e-02 2.319697e-02
7.180000e+01 0.000000e+00 2.312137e-02 2.312137e-02
7.190000e+01 0.000000e+00 2.304603e-02 2.304603e-02
7.200000e+01 0.000000e+00 2.297094e-02 2.297094e-02
7.210000e+01 0.000000e+00 2.289611e-02 2.289611e-02
7.220000e+01 0.000000e+00 2.282153e-02 2.282153e-02
7.230000e+01 0.000000e+00 2.274721e-02 2.274721e-02
7.240000e+01 0.000000e+00 2.267314e-02 2.267314e-02
7.250000e+01 0.000000e+00 2.259932e-02 2.259932e-02
7.260000e+01 0.000000e+00 2.252575e-02 2.252575e-02
7.270000e+01 0.000000e+00 2.245243e-02 2.245243e-02
7.280000e+01 0.000000e+00 2.237936e-02 2.237936e-02
7.290000e+01 0.000000e+00 2.230654e-02 2.230654e-02
7.300000e+01 0.000000e+00 2.223397e-02 2.223397e-02
7.310000e+01 0.000000e+00 2.216165e-02 2.216165e-02
7.320000e+01 0.000000e+00 2.208956e-02 2.208956e-02
7.330000e+01 0.000000e+00 2.201773e-02 2.201773e-02
7.340000e+01 0.000000e+00 2.194614e-02 2.194614e-02
7.350000e+01 0.000000e+00 2.187479e-02 2.187479e-02
7.360000e+01 0.000000e+00 2.180368e-02 2.180368e-02
7.370000e+01 0.000000e+00 2.173282e-02 2.173282e-02
7.380000e+01 0.000000e+00 2.166220e-02 2.166220e-02
7.390000e+01 0.000000e+00 2.159182e-02 2.159182e-02
7.400000e+01 0.000000e+00 2.152167e-02 2.152167e-02
7.410000e+01 0.000000e+00 2.145177e-02 2.145177e-02
7.420000e+01 0.000000e+00 2.138210e-02 2.138210e-02
7.430000e+01 0.000000e+00 2.131267e-02 2.131267e-02
7.440000e+01 0.000000e+00 2.124347e-02 2.124347e-02
7.450000e+01 0.000000e+00 2.117451e-02 2.117451e-02
7.460000e+01 0.000000e+00 2.110579e-02 2.110579e-02
7.470000e+01 0.000000e+00 2.103730e-02 2.103730e-02
7.480000e+01 0.000000e+00 2.096904e-02 2.096904e-02
7.490000e+01 0.000000e+00 2.090101e-02 2.090101e-02
7.500000e+01 0.000000e+00 2.083322e-02 2.083322e-02
7.510000e+01 0.000000e+00 2.076565e-02 2.076565e-02
7.520000e+01 0.000000e+00 2.069832e-02 2.069832e-02
7.530000e+01 0.000000e+00 2.063121e-02 2.063121e-02
7.540000e+01 0.000000e+00 2.056434e-02 2.056434e-02
7.550000e+01 0.000000e+00 2.049769e-02 2.049769e-02
7.560000e+01 0.000000e+00 2.043126e-02 2.043126e-02
7.570000e+01 0.000000e+00 2.036506e-02 2.036506e-02
7.580000e+01 0.000000e+00 2.029909e-02 2.029909e-02
7.590000e+01 0.000000e+00 2.023334e-02 2.023334e-02
7.600000e+01 0.000000e+00 2.016781e-02 2.016781e-02
7.610000e+01 0.000000e+00 2.010250e-02 2.010250e-02
7.620000e+01 0.000000e+00 2.003742e-02 2.003742e-02
7.630000e+01 0.000000e+00 1.997256e-02 1.997256e-02
7.640000e+01 0.000000e+00 1.990792e-02 1.990792e-02
7.650000e+01 0.000000e+00 1.984350e-02 1.984350e-02
7.660000e+01 0.000000e+00 1.977929e-02 1.977929e-02
7.670000e+01 0.000000e+00 1.971531e-02 1.971531e-02
7.680000e+01 0.000000e+00 1.965155e-02 1.965155e-02
7.690000e+01 0.000000e+00 1.958800e-02 1.958800e-02
7.700000e+01 0.000000e+00 1.952466e-02 1.952466e-02
7.710000e+01 0.000000e+00 1.946155e-02 1.946155e-02
7.720000e+01 0.000000e+00 1.939864e-02 1.939864e-02
7.730000e+01 0.000000e+00 1.933595e-02 1.933595e-02
7.740000e+01 0.000000e+00 1.927347e-02 1.927347e-02
7.750000e+01 0.000000e+00 1.921121e-02 1.921121e-02
7.760000e+01 0.000000e+00 1.914915e-02 1.914915e-02
7.770000e+01 0.000000e+00 1.908731e-02 1.908731e-02
7.780000e+01 0.000000e+00 1.902568e-02 1.902568e-02
7.790000e+01 0.000000e+00 1.896425e-02 1.896425e-02
7.800000e+01 0.000000e+00 1.890304e-02 1.890304e-02
7.810000e+01 0.000000e+00 1.884204e-02 1.884204e-02
7.820000e+01 0.000000e+00 1.878124e-02 1.878124e-02
7.830000e+01 0.000000e+00 1.872065e-02 1.872065e-02
7.840000e+01 0.000000e+00 1.866026e-02 1.866026e-02
7.850000e+01 0.000000e+00 1.860009e-02 1.860009e-02
7.860000e+01 0.000000e+00 1.854011e-02 1.854011e-02
7.870000e+01 0.000000e+00 1.848034e-02 1.848034e-02
7.880000e+01 0.000000e+00 1.842077e-02 1.842077e-02
7.890000e+01 0.000000e+00 1.836141e-02 1.836141e-02
7.900000e+01 0.000000e+00 1.830224e-02 1.830224e-02
7.910000e+01 0.000000e+00 1.824327e-02 1.824327e-02
7.920000e+01 0.000000e+00 1.818451e-02 1.818451e-02
7.930000e+01 0.000000e+00 1.812594e-02 1.812594e-02
7.940000e+01 0.000000e+00 1.806758e-02 1.806758e-02
7.950000e+01 0.000000e+00 1.800941e-02 1.800941e-02
7.960000e+01 0.000000e+00 1.795144e-02 1.795144e-02
7.970000e+01 0.000000e+00 1.789367e-02 1.789367e-02
7.980000e+01 0.000000e+00 1.783609e-02 1.783609e-02
7.990000e+01 0.000000e+00 1.777871e-02 1.777871e-02
8.000000e+01 0.000000e+00 1.772152e-02 1.772152e-02
8.010000e+01 0.000000e+00 1.766453e-02 1.766453e-02
8.020000e+01 0.000000e+00 1.760773e-02 1.760773e-02
8.030000e+01 0.000000e+00 1.755112e-02 1.755112e-02
8.040000e+01 0.000000e+00 1.749471e-02 1.749471e-02
8.050000e+01 0.000000e+00 1.743848e-02 1.743848e-02
8.060000e+01 0.000000e+00 1.738245e-02 1.738245e-02
8.070000e+01 0.000000e+00 1.732661e-02 1.732661e-02
8.080000e+01 0.000000e+00 1.727096e-02 1.727096e-02
8.090000e+01 0.000000e+00 1.721550e-02 1.721550e-02
8.100000e+01 0.000000e+00 1.716022e-02 1.716022e-02
8.110000e+01 0.000000e+00 1.710514e-02 1.710514e-02
8.120000e+01 0.000000e+00 1.705024e-02 1.705024e-02
8.130000e+01 0.000000e+00 1.699553e-02 1.699553e-02
8.140000e+01 0.000000e+00 1.694100e-02 1.694100e-02
8.150000e+01 0.000000e+00 1.688666e-02 1.688666e-02
8.160000e+01 0.000000e+00 1.683251e-02 1.683251e-02
8.170000e+01 0.000000e+00 1.677854e-02 1.677854e-02
8.180000e+01 0.000000e+00 1.672475e-02 1.672475e-02
8.190000e+01 0.000000e+00 1.667114e-02 1.667114e-02
8.200000e+01 0.000000e+00 1.661772e-02 1.661772e-02
8.210000e+01 0.000000e+00 1.656447e-02 1.656447e-02
8.220000e+01 0.000000e+00 1.651141e-02 1.651141e-02
8.230000e+01 0.000000e+00 1.645852e-02 1.645852e-02
8.240000e+01 0.000000e+00 1.640582e-02 1.640582e-02
8.250000e+01 0.000000e+00 1.635329e-02 1.635329e-02
8.260000e+01 0.000000e+00 1.630095e-02 1.630095e-02
8.270000e+01 0.000000e+00 1.624878e-02 1.624878e-02
8.280000e+01 0.000000e+00 1.619678e-02 1.619678e-02
8.290000e+01 0.000000e+00 1.614497e-02 1.614497e-02
8.300000e+01 0.000000e+00 1.609333e-02 1.609333e-02
8.310000e+01 0.000000e+00 1.604186e-02 1.604186e-02
8.320000e+01 0.000000e+00 1.599057e-02 1.599057e-02
8.330000e+01 0.000000e+00 1.593946e-02 1.593946e-02
8.340000e+01 0.000000e+00 1.588851e-02 1.588851e-02
8.350000e+01 0.000000e+00 1.583774e-02 1.583774e-02
8.360000e+01 0.000000e+00 1.578715e-02 1.578715e-02
8.370000e+01 0.000000e+00 1.573672e-02 1.573672e-02
8.380000e+01 0.000000e+00 1.568646e-02 1.568646e-02
8.390000e+01 0.000000e+00 1.563638e-02 1.563638e-02
8.400000e+01 0.000000e+00 1.558646e-02 1.558646e-02
8.410000e+01 0.000000e+00 1.553672e-02 1.553672e-02
8.420000e+01 0.000000e+00 1.548714e-02 1.548714e-02
8.430000e+01 0.000000e+00 1.543773e-02 1.543773e-02
8.440000e+01 0.000000e+00 1.538849e-02 1.538849e-02
8.450000e+01 0.000000e+00 1.533942e-02 1.533942e-02
8.460000e+01 0.000000e+00 1.529051e-02 1.529051e-02
8.470000e+01 0.000000e+00 1.524177e-02 1.524177e-02
8.480000e+01 0.000000e+00 1.519319e-02 1.519319e-02
8.490000e+01 0.000000e+00 1.514478e-02 1.514478e-02
8.500000e+01 0.000000e+00 1.509654e-02 1.509654e-02
8.510000e+01 0.000000e+00 1.504845e-02 1.504845e-02
8.520000e+01 0.000000e+00 1.500053e-02 1.500053e-02
8.530000e+01 0.000000e+00 1.495278e-02 1.495278e-02
8.540000e+01 0.000000e+00 1.490518e-02 1.490518e-02
8.550000e+01 0.000000e+00 1.485774e-02 1.485774e-02
8.560000e+01 0.000000e+00 1.481047e-02 1.481047e-02
8.570000e+01 0.000000e+00 1.476335e-02 1.476335e-02
8.580000e+01 0.000000e+00 1.471640e-02 1.471640e-02
8.590000e+01 0.000000e+00 1.466960e-02 1.466960e-02
8.600000e+01 0.000000e+00 1.462296e-02 1.462296e-02
8.610000e+01 0.000000e+00 1.457648e-02 1.457648e-02
8.620000e+01 0.000000e+00 1.453016e-02 1.453016e-02
8.630000e+01 0.000000e+00 1.448399e-02 1.448399e-02
8.640000e+01 0.000000e+00 1.443798e-02 1.443798e-02
8.650000e+01 0.000000e+00 1.439213e-02 1.439213e-02
8.660000e+01 0.000000e+00 1.434643e-02 1.434643e-02
8.670000e+01 0.000000e+00 1.430089e-02 1.430089e-02
8.680000e+01 0.000000e+00 1.425550e-02 1.425550e-02
8.690000e+01 0.000000e+00 1.421027e-02 1.421027e-02
8.700000e+01 0.000000e+00 1.416519e-02 1.416519e-02
8.710000e+01 0.000000e+00 1.412026e-02 1.412026e-02
8.720000e+01 0.000000e+00 1.407548e-02 1.407548e-02
8.730000e+01 0.000000e+00 1.403085e-02 1.403085e-02
8.740000e+01 0.000000e+00 1.398638e-02 1.398638e-02
8.750000e+01 0.000000e+00 1.394205e-02 1.394205e-02
8.760000e+01 0.000000e+00 1.389788e-02 1.389788e-02
8.770000e+01 0.000000e+00 1.385386e-02 1.385386e-02
8.780000e+01 0.000000e+00 1.380998e-02 1.380998e-02
8.790000e+01 0.000000e+00 1.376626e-02 1.376626e-02
8.800000e+01 0.000000e+00 1.372268e-02 1.372268e-02
8.810000e+01 0.000000e+00 1.367925e-02 1.367925e-02
8.820000e+01 0.000000e+00 1.363597e-02 1.363597e-02
8.830000e+01 0.000000e+00 1.359283e-02 1.359283e-02
8.840000e+01 0.000000e+00 1.354984e-02 1.354984e-02
8.850000e+01 0.000000e+00 1.350700e-02 1.350700e-02
8.860000e+01 0.000000e+00 1.346430e-02 1.346430e-02
8.870000e+01 0.000000e+00 1.342175e-02 1.342175e-02
8.880000e+01 0.000000e+00 1.337934e-02 1.337934e-02
8.890000e+01 0.000000e+00 1.333707e-02 1.333707e-02
8.900000e+01 0.000000e+00 1.329494e-02 1.329494e-02
8.910000e+01 0.000000e+00 1.325296e-02 1.325296e-02
8.920000e+01 0.000000e+00 1.321112e-02 1.321112e-02
8.930000e+01 0.000000e+00 1.316942e-02 1.316942e-02
8.940000e+01 0.000000e+00 1.312786e-02 1.312786e-02
8.950000e+01 0.000000e+00 1.308644e-02 1.308644e-02
8.960000e+01 0.000000e+00 1.304517e-02 1.304517e-02
8.970000e+01 0.000000e+00 1.300403e-02 1.300403e-02
8.980000e+01 0.000000e+00 1.296303e-02 1.296303e-02
8.990000e+01 0.000000e+00 1.292217e-02 1.292217e-02
9.000000e+01 0.000000e+00 1.288145e-02 1.288145e-02
9.010000e+01 0.000000e+00 1.284087e-02 1.284087e-02
9.020000e+01 0.000000e+00 1.280042e-02 1.280042e-02
9.030000e+01 0.000000e+00 1.276012e-02 1.276012e-02
9.040000e+01 0.000000e+00 1.271994e-02 1.271994e-02
9.050000e+01 0.000000e+00 1.267991e-02 1.267991e-02
9.060000e+01 0.000000e+00 1.264000e-02 1.264000e-02
9.070000e+01 0.000000e+00 1.260024e-02 1.260024e-02
9.080000e+01 0.000000e+00 1.256061e-02 1.256061e-02
9.090000e+01 0.000000e+00 1.252111e-02 1.252111e-02
9.100000e+01 0.000000e+00 1.248174e-02 1.248174e-02
9.110000e+01 0.000000e+00 1.244251e-02 1.244251e-02
9.120000e+01 0.000000e+00 1.240341e-02 1.240341e-02
9.130000e+01 0.000000e+00 1.236445e-02 1.236445e-02
9.140000e+01 0.000000e+00 1.232561e-02 1.232561e-02
9.150000e+01 0.000000e+00 1.228691e-02 1.228691e-02
9.160000e+01 0.000000e+00 1.224834e-02 1.224834e-02
9.170000e+01 0.000000e+00 1.220990e-02 1.220990e-02
9.180000e+01 0.000000e+00 1.217159e-02 1.217159e-02
9.190000e+01 0.000000e+00 1.213341e-02 1.213341e-02
9.200000e+01 0.000000e+00 1.209536e-02 1.209536e-02
9.210000e+01 0.000000e+00 1.205744e-02 1.205744e-02
9.220000e+01 0.000000e+00 1.201965e-02 1.201965e-02
9.230000e+01 0.000000e+00 1.198198e-02 1.198198e-02
9.240000e+01 0.000000e+00 1.194444e-02 1.194444e-02
9.250000e+01 0.000000e+00 1.190703e-02 1.190703e-02
9.260000e+01 0.000000e+00 1.186974e-02 1.186974e-02
9.270000e+01 0.000000e+00 1.183258e-02 1.183258e-02
9.280000e+01 0.000000e+00 1.179554e-02 1.179554e-02
9.290000e+01 0.000000e+00 1.175863e-02 1.175863e-02
9.300000e+01 0.000000e+00 1.172184e-02 1.172184e-02
9.310000e+01 0.000000e+00 1.168518e-02 1.168518e-02
9.320000e+01 0.000000e+00 1.164864e-02 1.164864e-02
9.330000e+01 0.000000e+00 1.161223e-02 1.161223e-02
9.340000e+01 0.000000e+00 1.157594e-02 1.157594e-02
9.350000e+01 0.000000e+00 1.153977e-02 1.153977e-02
9.360000e+01 0.000000e+00 1.150372e-02 1.150372e-02
9.370000e+01 0.000000e+00 1.146780e-02 1.146780e-02
9.380000e+01 0.000000e+00 1.143199e-02 1.143199e-02
9.390000e+01 0.000000e+00 1.139631e-02 1.139631e-02
9.400000e+01 0.000000e+00 1.136075e-02 1.136075e-02
9.410000e+01 0.000000e+00 1.132530e-02 1.132530e-02
9.420000e+01 0.000000e+00 1.128998e-02 1.128998e-02
9.430000e+01 0.000000e+00 1.125478e-02 1.125478e-02
9.440000e+01 0.000000e+00 1.121969e-02 1.121969e-02
9.450000e+01 0.000000e+00 1.118473e-02 1.118473e-02
9.460000e+01 0.000000e+00 1.114988e-02 1.114988e-02
9.470000e+01 0.000000e+00 1.111515e-02 1.111515e-02
9.480000e+01 0.000000e+00 1.108053e-02 1.108053e-02
9.490000e+01 0.000000e+00 1.104603e-02 1.104603e-02
9.500000e+01 0.000000e+00 1.101165e-02 1.101165e-02
9.510000e+01 0.000000e+00 1.097739e-02 1.097739e-02
9.520000e+01 0.000000e+00 1.094324e-02 1.094324e-02
9.530000e+01 0.000000e+00 1.090921e-02 1.090921e-02
9.540000e+01 0.000000e+00 1.087529e-02 1.087529e-02
9.550000e+01 0.000000e+00 1.084149e-02 1.084149e-02
9.560000e+01 0.000000e+00 1.080780e-02 1.080780e-02
9.570000e+01 0.000000e+00 1.077422e-02 1.077422e-02
9.580000e+01 0.000000e+00 1.074076e-02 1.074076e-02
9.590000e+01 0.000000e+00 1.070741e-02 1.070741e-02
9.600000e+01 0.000000e+00 1.067418e-02 1.067418e-02
9.610000e+01 0.000000e+00 1.064105e-02 1.064105e-02
9.620000e+01 0.000000e+00 1.060804e-02 1.060804e-02
9.630000e+01 0.000000e+00 1.057514e-02 1.057514e-02
9.640000e+01 0.000000e+00 1.054235e-02 1.054235e-02
9.650000e+01 0.000000e+00 1.050967e-02 1.050967e-02
9.660000e+01 0.000000e+00 1.047710e-02 1.047710e-02
9.670000e+01 0.000000e+00 1.044464e-02 1.044464e-02
9.680000e+01 0.000000e+00 1.041229e-02 1.041229e-02
9.690000e+01 0.000000e+00 1.038005e-02 1.038005e-02
9.700000e+01 0.000000e+00 1.034791e-02 1.034791e-02
9.710000e+01 0.000000e+00 1.031589e-02 1.031589e-02
9.720000e+01 0.000000e+00 1.028397e-02 1.028397e-02
9.730000e+01 0.000000e+00 1.025216e-02 1.025216e-02
9.740000e+01 0.000000e+00 1.022046e-02 1.022046e-02
9.750000e+01 0.000000e+00 1.018887e-02 1.018887e-02
9.760000e+01 0.000000e+00 1.015738e-02 1.015738e-02
9.770000e+01 0.000000e+00 1.012600e-02 1.012600e-02
9.780000e+01 0.000000e+00 1.009472e-02 1.009472e-02
9.790000e+01 0.000000e+00 1.006355e-02 1.006355e-02
9.800000e+01 0.000000e+00 1.003249e-02 1.003249e-02
9.810000e+01 0.000000e+00 1.000153e-02 1.000153e-02
9.820000e+01 0.000000e+00 9.970672e-03 9.970672e-03
9.830000e+01 0.000000e+00 9.939920e-03 9.939920e-03
9.840000e+01 0.000000e+00 9.909271e-03 9.909271e-03
9.850000e+01 0.000000e+00 9.878726e-03 9.878726e-03
9.860000e+01 0.000000e+00 9.848284e-03 9.848284e-03
9.870000e+01 0.000000e+00 9.817945e-03 9.817945e-03
9.880000e+01 0.000000e+00 9.787708e-03 9.787708e-03
9.890000e+01 0.000000e+00 9.757572e-03 9.757572e-03
9.900000e+01 0.000000e+00 9.727539e-03 9.727539e-03
9.910000e+01 0.000000e+00 9.697607e-03 9.697607e-03
9.920000e+01 0.000000e+00 9.667777e-03 9.667777e-03
9.930000e+01 0.000000e+00 9.638047e-03 9.638047e-03
9.940000e+01 0.000000e+00 9.608418e-03 9.608418e-03
9.950000e+01 0.000000e+00 9.578889e-03 9.578889e-03
9.960000e+01 0.000000e+00 9.549460e-03 9.549460e-03
9.970000e+01 0.000000e+00 9.520130e-03 9.520130e-03
9.980000e+01 0.000000e+00 9.490900e-03 9.490900e-03
9.990000e+01 0.000000e+00 9.461768e-03 9.461768e-03
1.000000e+02 0.000000e+00 9.432734e-03 9.432734e-03
