# # chi(t) for Pe = 600, beta = 0.5, bridge_width = 1.0
# # Columns: time, chi, I_T (signed), I_|T| (unsigned)
0.000000e+00 0.000000e+00 3.835511e-01 3.835511e-01
1.000000e-01 1.840000e-05 3.985008e-01 3.985081e-01
2.000000e-01 0.000000e+00 3.997420e-01 3.997420e-01
3.000000e-01 0.000000e+00 4.002117e-01 4.002117e-01
4.000000e-01 0.000000e+00 4.004739e-01 4.004739e-01
5.000000e-01 0.000000e+00 4.004800e-01 4.004800e-01
6.000000e-01 6.000000e-07 4.004248e-01 4.004250e-01
7.000000e-01 5.600000e-06 3.998937e-01 3.998959e-01
8.000000e-01 1.670000e-05 4.000617e-01 4.000684e-01
9.000000e-01 2.230000e-05 4.002999e-01 4.003088e-01
1.000000e+00 1.530000e-05 4.003302e-01 4.003363e-01
1.100000e+00 3.600000e-06 4.003557e-01 4.003572e-01
1.200000e+00 0.000000e+00 4.003730e-01 4.003730e-01
1.300000e+00 0.000000e+00 4.003792e-01 4.003792e-01
1.400000e+00 0.000000e+00 4.003720e-01 4.003720e-01
1.500000e+00 0.000000e+00 4.003499e-01 4.003499e-01
1.600000e+00 0.000000e+00 4.003121e-01 4.003121e-01
1.700000e+00 0.000000e+00 4.002583e-01 4.002583e-01
1.800000e+00 0.000000e+00 4.001885e-01 4.001885e-01
1.900000e+00 0.000000e+00 4.001030e-01 4.001030e-01
2.000000e+00 0.000000e+00 4.000022e-01 4.000022e-01
2.100000e+00 0.000000e+00 3.998869e-01 3.998869e-01
2.200000e+00 0.000000e+00 3.997577e-01 3.997577e-01
2.300000e+00 0.000000e+00 3.996153e-01 3.996153e-01
2.400000e+00 0.000000e+00 3.994605e-01 3.994605e-01
2.500000e+00 0.000000e+00 3.992941e-01 3.992941e-01
2.600000e+00 0.000000e+00 3.991168e-01 3.991168e-01
2.700000e+00 0.000000e+00 3.989293e-01 3.989293e-01
2.800000e+00 0.000000e+00 3.987325e-01 3.987325e-01
2.900000e+00 0.000000e+00 3.985269e-01 3.985269e-01
3.000000e+00 0.000000e+00 3.983132e-01 3.983132e-01
3.100000e+00 0.000000e+00 3.980920e-01 3.980920e-01
3.200000e+00 0.000000e+00 3.978639e-01 3.978639e-01
3.300000e+00 0.000000e+00 3.976295e-01 3.976295e-01
3.400000e+00 0.000000e+00 3.973892e-01 3.973892e-01
3.500000e+00 0.000000e+00 3.971436e-01 3.971436e-01
3.600000e+00 0.000000e+00 3.968932e-01 3.968932e-01
3.700000e+00 0.000000e+00 3.966382e-01 3.966382e-01
3.800000e+00 0.000000e+00 3.963792e-01 3.963792e-01
3.900000e+00 0.000000e+00 3.961165e-01 3.961165e-01
4.000000e+00 0.000000e+00 3.958505e-01 3.958505e-01
4.100000e+00 0.000000e+00 3.955814e-01 3.955814e-01
4.200000e+00 0.000000e+00 3.953097e-01 3.953097e-01
4.300000e+00 0.000000e+00 3.950354e-01 3.950354e-01
4.400000e+00 0.000000e+00 3.947590e-01 3.947590e-01
4.500000e+00 0.000000e+00 3.944806e-01 3.944806e-01
4.600000e+00 0.000000e+00 3.942005e-01 3.942005e-01
4.700000e+00 0.000000e+00 3.939189e-01 3.939189e-01
4.800000e+00 0.000000e+00 3.936360e-01 3.936360e-01
4.900000e+00 0.000000e+00 3.933519e-01 3.933519e-01
5.000000e+00 0.000000e+00 3.930669e-01 3.930669e-01
5.100000e+00 0.000000e+00 3.927810e-01 3.927810e-01
5.200000e+00 0.000000e+00 3.924944e-01 3.924944e-01
5.300000e+00 0.000000e+00 3.922073e-01 3.922073e-01
5.400000e+00 0.000000e+00 3.919197e-01 3.919197e-01
5.500000e+00 0.000000e+00 3.916319e-01 3.916319e-01
5.600000e+00 0.000000e+00 3.913438e-01 3.913438e-01
5.700000e+00 0.000000e+00 3.910556e-01 3.910556e-01
5.800000e+00 0.000000e+00 3.907674e-01 3.907674e-01
5.900000e+00 0.000000e+00 3.904792e-01 3.904792e-01
6.000000e+00 0.000000e+00 3.901912e-01 3.901912e-01
6.100000e+00 0.000000e+00 3.899034e-01 3.899034e-01
6.200000e+00 0.000000e+00 3.896158e-01 3.896158e-01
6.300000e+00 0.000000e+00 3.893285e-01 3.893285e-01
6.400000e+00 0.000000e+00 3.890417e-01 3.890417e-01
6.500000e+00 0.000000e+00 3.887552e-01 3.887552e-01
6.600000e+00 0.000000e+00 3.884693e-01 3.884693e-01
6.700000e+00 0.000000e+00 3.881838e-01 3.881838e-01
6.800000e+00 0.000000e+00 3.878989e-01 3.878989e-01
6.900000e+00 0.000000e+00 3.876146e-01 3.876146e-01
7.000000e+00 0.000000e+00 3.873309e-01 3.873309e-01
7.100000e+00 0.000000e+00 3.870479e-01 3.870479e-01
7.200000e+00 0.000000e+00 3.867655e-01 3.867655e-01
7.300000e+00 0.000000e+00 3.864839e-01 3.864839e-01
7.400000e+00 0.000000e+00 3.862030e-01 3.862030e-01
7.500000e+00 0.000000e+00 3.859228e-01 3.859228e-01
7.600000e+00 0.000000e+00 3.856434e-01 3.856434e-01
7.700000e+00 0.000000e+00 3.853647e-01 3.853647e-01
7.800000e+00 0.000000e+00 3.850869e-01 3.850869e-01
7.900000e+00 0.000000e+00 3.848098e-01 3.848098e-01
8.000000e+00 0.000000e+00 3.845336e-01 3.845336e-01
8.100000e+00 0.000000e+00 3.842582e-01 3.842582e-01
8.200000e+00 0.000000e+00 3.839837e-01 3.839837e-01
8.300000e+00 0.000000e+00 3.837099e-01 3.837099e-01
8.400000e+00 0.000000e+00 3.834371e-01 3.834371e-01
8.500000e+00 0.000000e+00 3.831651e-01 3.831651e-01
8.600000e+00 0.000000e+00 3.828939e-01 3.828939e-01
8.700000e+00 0.000000e+00 3.826236e-01 3.826236e-01
8.800000e+00 0.000000e+00 3.823542e-01 3.823542e-01
8.900000e+00 0.000000e+00 3.820857e-01 3.820857e-01
9.000000e+00 0.000000e+00 3.818180e-01 3.818180e-01
9.100000e+00 0.000000e+00 3.815512e-01 3.815512e-01
9.200000e+00 0.000000e+00 3.812853e-01 3.812853e-01
9.300000e+00 0.000000e+00 3.810202e-01 3.810202e-01
9.400000e+00 0.000000e+00 3.807561e-01 3.807561e-01
9.500000e+00 0.000000e+00 3.804927e-01 3.804927e-01
9.600000e+00 0.000000e+00 3.802303e-01 3.802303e-01
9.700000e+00 0.000000e+00 3.799687e-01 3.799687e-01
9.800000e+00 0.000000e+00 3.797080e-01 3.797080e-01
9.900000e+00 0.000000e+00 3.794482e-01 3.794482e-01
1.000000e+01 0.000000e+00 3.791892e-01 3.791892e-01
1.010000e+01 0.000000e+00 3.789310e-01 3.789310e-01
1.020000e+01 0.000000e+00 3.786737e-01 3.786737e-01
1.030000e+01 0.000000e+00 3.784173e-01 3.784173e-01
1.040000e+01 0.000000e+00 3.781617e-01 3.781617e-01
1.050000e+01 0.000000e+00 3.779069e-01 3.779069e-01
1.060000e+01 0.000000e+00 3.776529e-01 3.776529e-01
1.070000e+01 0.000000e+00 3.773998e-01 3.773998e-01
1.080000e+01 0.000000e+00 3.771475e-01 3.771475e-01
1.090000e+01 0.000000e+00 3.768960e-01 3.768960e-01
1.100000e+01 0.000000e+00 3.766453e-01 3.766453e-01
1.110000e+01 0.000000e+00 3.763954e-01 3.763954e-01
1.120000e+01 0.000000e+00 3.761463e-01 3.761463e-01
1.130000e+01 0.000000e+00 3.758979e-01 3.758979e-01
1.140000e+01 0.000000e+00 3.756504e-01 3.756504e-01
1.150000e+01 0.000000e+00 3.754036e-01 3.754036e-01
1.160000e+01 0.000000e+00 3.751576e-01 3.751576e-01
1.170000e+01 0.000000e+00 3.749123e-01 3.749123e-01
1.180000e+01 0.000000e+00 3.746678e-01 3.746678e-01
1.190000e+01 0.000000e+00 3.744239e-01 3.744239e-01
1.200000e+01 0.000000e+00 3.741809e-01 3.741809e-01
1.210000e+01 0.000000e+00 3.739385e-01 3.739385e-01
1.220000e+01 0.000000e+00 3.736968e-01 3.736968e-01
1.230000e+01 0.000000e+00 3.734559e-01 3.734559e-01
1.240000e+01 0.000000e+00 3.732156e-01 3.732156e-01
1.250000e+01 0.000000e+00 3.729759e-01 3.729759e-01
1.260000e+01 0.000000e+00 3.727370e-01 3.727370e-01
1.270000e+01 0.000000e+00 3.724986e-01 3.724986e-01
1.280000e+01 0.000000e+00 3.722610e-01 3.722610e-01
1.290000e+01 0.000000e+00 3.720239e-01 3.720239e-01
1.300000e+01 0.000000e+00 3.717874e-01 3.717874e-01
1.310000e+01 0.000000e+00 3.715516e-01 3.715516e-01
1.320000e+01 0.000000e+00 3.713163e-01 3.713163e-01
1.330000e+01 0.000000e+00 3.710815e-01 3.710815e-01
1.340000e+01 0.000000e+00 3.708474e-01 3.708474e-01
1.350000e+01 0.000000e+00 3.706137e-01 3.706137e-01
1.360000e+01 0.000000e+00 3.703806e-01 3.703806e-01
1.370000e+01 0.000000e+00 3.701480e-01 3.701480e-01
1.380000e+01 0.000000e+00 3.699158e-01 3.699158e-01
1.390000e+01 0.000000e+00 3.696841e-01 3.696841e-01
1.400000e+01 0.000000e+00 3.694529e-01 3.694529e-01
1.410000e+01 0.000000e+00 3.692221e-01 3.692221e-01
1.420000e+01 0.000000e+00 3.689917e-01 3.689917e-01
1.430000e+01 0.000000e+00 3.687617e-01 3.687617e-01
1.440000e+01 0.000000e+00 3.685320e-01 3.685320e-01
1.450000e+01 0.000000e+00 3.683027e-01 3.683027e-01
1.460000e+01 0.000000e+00 3.680737e-01 3.680737e-01
1.470000e+01 0.000000e+00 3.678450e-01 3.678450e-01
1.480000e+01 0.000000e+00 3.676166e-01 3.676166e-01
1.490000e+01 0.000000e+00 3.673884e-01 3.673884e-01
1.500000e+01 0.000000e+00 3.671605e-01 3.671605e-01
1.510000e+01 0.000000e+00 3.669328e-01 3.669328e-01
1.520000e+01 0.000000e+00 3.667052e-01 3.667052e-01
1.530000e+01 0.000000e+00 3.664778e-01 3.664778e-01
1.540000e+01 0.000000e+00 3.662505e-01 3.662505e-01
1.550000e+01 0.000000e+00 3.660233e-01 3.660233e-01
1.560000e+01 0.000000e+00 3.657962e-01 3.657962e-01
1.570000e+01 0.000000e+00 3.655691e-01 3.655691e-01
1.580000e+01 0.000000e+00 3.653420e-01 3.653420e-01
1.590000e+01 0.000000e+00 3.651148e-01 3.651148e-01
1.600000e+01 0.000000e+00 3.648876e-01 3.648876e-01
1.610000e+01 0.000000e+00 3.646604e-01 3.646604e-01
1.620000e+01 0.000000e+00 3.644330e-01 3.644330e-01
1.630000e+01 0.000000e+00 3.642054e-01 3.642054e-01
1.640000e+01 0.000000e+00 3.639777e-01 3.639777e-01
1.650000e+01 0.000000e+00 3.637497e-01 3.637497e-01
1.660000e+01 0.000000e+00 3.635215e-01 3.635215e-01
1.670000e+01 0.000000e+00 3.632930e-01 3.632930e-01
1.680000e+01 0.000000e+00 3.630641e-01 3.630641e-01
1.690000e+01 0.000000e+00 3.628349e-01 3.628349e-01
1.700000e+01 0.000000e+00 3.626053e-01 3.626053e-01
1.710000e+01 0.000000e+00 3.623753e-01 3.623753e-01
1.720000e+01 0.000000e+00 3.621447e-01 3.621447e-01
1.730000e+01 0.000000e+00 3.619137e-01 3.619137e-01
1.740000e+01 0.000000e+00 3.616821e-01 3.616821e-01
1.750000e+01 0.000000e+00 3.614499e-01 3.614499e-01
1.760000e+01 0.000000e+00 3.612171e-01 3.612171e-01
1.770000e+01 0.000000e+00 3.609836e-01 3.609836e-01
1.780000e+01 0.000000e+00 3.607494e-01 3.607494e-01
1.790000e+01 0.000000e+00 3.605144e-01 3.605144e-01
1.800000e+01 0.000000e+00 3.602786e-01 3.602786e-01
1.810000e+01 0.000000e+00 3.600420e-01 3.600420e-01
1.820000e+01 0.000000e+00 3.598046e-01 3.598046e-01
1.830000e+01 0.000000e+00 3.595662e-01 3.595662e-01
1.840000e+01 0.000000e+00 3.593268e-01 3.593268e-01
1.850000e+01 0.000000e+00 3.590865e-01 3.590865e-01
1.860000e+01 0.000000e+00 3.588451e-01 3.588451e-01
1.870000e+01 0.000000e+00 3.586026e-01 3.586026e-01
1.880000e+01 0.000000e+00 3.583590e-01 3.583590e-01
1.890000e+01 0.000000e+00 3.581143e-01 3.581143e-01
1.900000e+01 0.000000e+00 3.578683e-01 3.578683e-01
1.910000e+01 0.000000e+00 3.576211e-01 3.576211e-01
1.920000e+01 0.000000e+00 3.573727e-01 3.573727e-01
1.930000e+01 0.000000e+00 3.571229e-01 3.571229e-01
1.940000e+01 0.000000e+00 3.568717e-01 3.568717e-01
1.950000e+01 0.000000e+00 3.566192e-01 3.566192e-01
1.960000e+01 0.000000e+00 3.563652e-01 3.563652e-01
1.970000e+01 0.000000e+00 3.561097e-01 3.561097e-01
1.980000e+01 0.000000e+00 3.558527e-01 3.558527e-01
1.990000e+01 0.000000e+00 3.555942e-01 3.555942e-01
2.000000e+01 0.000000e+00 3.553341e-01 3.553341e-01
2.010000e+01 0.000000e+00 3.550724e-01 3.550724e-01
2.020000e+01 0.000000e+00 3.548090e-01 3.548090e-01
2.030000e+01 0.000000e+00 3.545440e-01 3.545440e-01
2.040000e+01 0.000000e+00 3.542772e-01 3.542772e-01
2.050000e+01 0.000000e+00 3.540087e-01 3.540087e-01
2.060000e+01 0.000000e+00 3.537384e-01 3.537384e-01
2.070000e+01 0.000000e+00 3.534663e-01 3.534663e-01
2.080000e+01 0.000000e+00 3.531924e-01 3.531924e-01
2.090000e+01 0.000000e+00 3.529166e-01 3.529166e-01
2.100000e+01 0.000000e+00 3.526389e-01 3.526389e-01
2.110000e+01 0.000000e+00 3.523593e-01 3.523593e-01
2.120000e+01 0.000000e+00 3.520778e-01 3.520778e-01
2.130000e+01 0.000000e+00 3.517944e-01 3.517944e-01
2.140000e+01 0.000000e+00 3.515089e-01 3.515089e-01
2.150000e+01 0.000000e+00 3.512215e-01 3.512215e-01
2.160000e+01 0.000000e+00 3.509320e-01 3.509320e-01
2.170000e+01 0.000000e+00 3.506406e-01 3.506406e-01
2.180000e+01 0.000000e+00 3.503471e-01 3.503471e-01
2.190000e+01 0.000000e+00 3.500515e-01 3.500515e-01
2.200000e+01 0.000000e+00 3.497538e-01 3.497538e-01
2.210000e+01 0.000000e+00 3.494541e-01 3.494541e-01
2.220000e+01 0.000000e+00 3.491523e-01 3.491523e-01
2.230000e+01 0.000000e+00 3.488484e-01 3.488484e-01
2.240000e+01 0.000000e+00 3.485424e-01 3.485424e-01
2.250000e+01 0.000000e+00 3.482343e-01 3.482343e-01
2.260000e+01 0.000000e+00 3.479241e-01 3.479241e-01
2.270000e+01 0.000000e+00 3.476117e-01 3.476117e-01
2.280000e+01 0.000000e+00 3.472973e-01 3.472973e-01
2.290000e+01 0.000000e+00 3.469807e-01 3.469807e-01
2.300000e+01 0.000000e+00 3.466621e-01 3.466621e-01
2.310000e+01 0.000000e+00 3.463413e-01 3.463413e-01
2.320000e+01 0.000000e+00 3.460184e-01 3.460184e-01
2.330000e+01 0.000000e+00 3.456935e-01 3.456935e-01
2.340000e+01 0.000000e+00 3.453664e-01 3.453664e-01
2.350000e+01 0.000000e+00 3.450373e-01 3.450373e-01
2.360000e+01 0.000000e+00 3.447061e-01 3.447061e-01
2.370000e+01 0.000000e+00 3.443729e-01 3.443729e-01
2.380000e+01 0.000000e+00 3.440376e-01 3.440376e-01
2.390000e+01 0.000000e+00 3.437003e-01 3.437003e-01
2.400000e+01 0.000000e+00 3.433610e-01 3.433610e-01
2.410000e+01 0.000000e+00 3.430197e-01 3.430197e-01
2.420000e+01 0.000000e+00 3.426764e-01 3.426764e-01
2.430000e+01 0.000000e+00 3.423312e-01 3.423312e-01
2.440000e+01 0.000000e+00 3.419840e-01 3.419840e-01
2.450000e+01 0.000000e+00 3.416350e-01 3.416350e-01
2.460000e+01 0.000000e+00 3.412840e-01 3.412840e-01
2.470000e+01 0.000000e+00 3.409312e-01 3.409312e-01
2.480000e+01 0.000000e+00 3.405765e-01 3.405765e-01
2.490000e+01 0.000000e+00 3.402200e-01 3.402200e-01
2.500000e+01 0.000000e+00 3.398617e-01 3.398617e-01
2.510000e+01 0.000000e+00 3.395017e-01 3.395017e-01
2.520000e+01 0.000000e+00 3.391399e-01 3.391399e-01
2.530000e+01 0.000000e+00 3.387764e-01 3.387764e-01
2.540000e+01 0.000000e+00 3.384112e-01 3.384112e-01
2.550000e+01 0.000000e+00 3.380444e-01 3.380444e-01
2.560000e+01 0.000000e+00 3.376759e-01 3.376759e-01
2.570000e+01 0.000000e+00 3.373058e-01 3.373058e-01
2.580000e+01 0.000000e+00 3.369342e-01 3.369342e-01
2.590000e+01 0.000000e+00 3.365611e-01 3.365611e-01
2.600000e+01 0.000000e+00 3.361864e-01 3.361864e-01
2.610000e+01 0.000000e+00 3.358103e-01 3.358103e-01
2.620000e+01 0.000000e+00 3.354327e-01 3.354327e-01
2.630000e+01 0.000000e+00 3.350537e-01 3.350537e-01
2.640000e+01 0.000000e+00 3.346734e-01 3.346734e-01
2.650000e+01 0.000000e+00 3.342917e-01 3.342917e-01
2.660000e+01 0.000000e+00 3.339087e-01 3.339087e-01
2.670000e+01 0.000000e+00 3.335245e-01 3.335245e-01
2.680000e+01 0.000000e+00 3.331390e-01 3.331390e-01
2.690000e+01 0.000000e+00 3.327522e-01 3.327522e-01
2.700000e+01 0.000000e+00 3.323644e-01 3.323644e-01
2.710000e+01 0.000000e+00 3.319753e-01 3.319753e-01
2.720000e+01 0.000000e+00 3.315852e-01 3.315852e-01
2.730000e+01 0.000000e+00 3.311940e-01 3.311940e-01
2.740000e+01 0.000000e+00 3.308017e-01 3.308017e-01
2.750000e+01 0.000000e+00 3.304085e-01 3.304085e-01
2.760000e+01 0.000000e+00 3.300142e-01 3.300142e-01
2.770000e+01 0.000000e+00 3.296190e-01 3.296190e-01
2.780000e+01 0.000000e+00 3.292229e-01 3.292229e-01
2.790000e+01 0.000000e+00 3.288260e-01 3.288260e-01
2.800000e+01 0.000000e+00 3.284281e-01 3.284281e-01
2.810000e+01 0.000000e+00 3.280295e-01 3.280295e-01
2.820000e+01 0.000000e+00 3.276301e-01 3.276301e-01
2.830000e+01 0.000000e+00 3.272299e-01 3.272299e-01
2.840000e+01 0.000000e+00 3.268290e-01 3.268290e-01
2.850000e+01 0.000000e+00 3.264275e-01 3.264275e-01
2.860000e+01 0.000000e+00 3.260252e-01 3.260252e-01
2.870000e+01 0.000000e+00 3.256224e-01 3.256224e-01
2.880000e+01 0.000000e+00 3.252189e-01 3.252189e-01
2.890000e+01 0.000000e+00 3.248149e-01 3.248149e-01
2.900000e+01 0.000000e+00 3.244103e-01 3.244103e-01
2.910000e+01 0.000000e+00 3.240052e-01 3.240052e-01
2.920000e+01 0.000000e+00 3.235997e-01 3.235997e-01
2.930000e+01 0.000000e+00 3.231937e-01 3.231937e-01
2.940000e+01 0.000000e+00 3.227872e-01 3.227872e-01
2.950000e+01 0.000000e+00 3.223804e-01 3.223804e-01
2.960000e+01 0.000000e+00 3.219732e-01 3.219732e-01
2.970000e+01 0.000000e+00 3.215656e-01 3.215656e-01
2.980000e+01 0.000000e+00 3.211577e-01 3.211577e-01
2.990000e+01 0.000000e+00 3.207495e-01 3.207495e-01
3.000000e+01 0.000000e+00 3.203411e-01 3.203411e-01
3.010000e+01 0.000000e+00 3.199324e-01 3.199324e-01
3.020000e+01 0.000000e+00 3.195235e-01 3.195235e-01
3.030000e+01 0.000000e+00 3.191144e-01 3.191144e-01
3.040000e+01 0.000000e+00 3.187051e-01 3.187051e-01
3.050000e+01 0.000000e+00 3.182957e-01 3.182957e-01
3.060000e+01 0.000000e+00 3.178862e-01 3.178862e-01
3.070000e+01 0.000000e+00 3.174766e-01 3.174766e-01
3.080000e+01 0.000000e+00 3.170668e-01 3.170668e-01
3.090000e+01 0.000000e+00 3.166571e-01 3.166571e-01
3.100000e+01 0.000000e+00 3.162473e-01 3.162473e-01
3.110000e+01 0.000000e+00 3.158374e-01 3.158374e-01
3.120000e+01 0.000000e+00 3.154276e-01 3.154276e-01
3.130000e+01 0.000000e+00 3.150178e-01 3.150178e-01
3.140000e+01 0.000000e+00 3.146081e-01 3.146081e-01
3.150000e+01 0.000000e+00 3.141984e-01 3.141984e-01
3.160000e+01 0.000000e+00 3.137888e-01 3.137888e-01
3.170000e+01 0.000000e+00 3.133793e-01 3.133793e-01
3.180000e+01 0.000000e+00 3.129699e-01 3.129699e-01
3.190000e+01 0.000000e+00 3.125607e-01 3.125607e-01
3.200000e+01 0.000000e+00 3.121516e-01 3.121516e-01
3.210000e+01 0.000000e+00 3.117427e-01 3.117427e-01
3.220000e+01 0.000000e+00 3.113339e-01 3.113339e-01
3.230000e+01 0.000000e+00 3.109254e-01 3.109254e-01
3.240000e+01 0.000000e+00 3.105171e-01 3.105171e-01
3.250000e+01 0.000000e+00 3.101090e-01 3.101090e-01
3.260000e+01 0.000000e+00 3.097012e-01 3.097012e-01
3.270000e+01 0.000000e+00 3.092937e-01 3.092937e-01
3.280000e+01 0.000000e+00 3.088864e-01 3.088864e-01
3.290000e+01 0.000000e+00 3.084794e-01 3.084794e-01
3.300000e+01 0.000000e+00 3.080728e-01 3.080728e-01
3.310000e+01 0.000000e+00 3.076664e-01 3.076664e-01
3.320000e+01 0.000000e+00 3.072604e-01 3.072604e-01
3.330000e+01 0.000000e+00 3.068547e-01 3.068547e-01
3.340000e+01 0.000000e+00 3.064494e-01 3.064494e-01
3.350000e+01 0.000000e+00 3.060445e-01 3.060445e-01
3.360000e+01 0.000000e+00 3.056399e-01 3.056399e-01
3.370000e+01 0.000000e+00 3.052358e-01 3.052358e-01
3.380000e+01 0.000000e+00 3.048320e-01 3.048320e-01
3.390000e+01 0.000000e+00 3.044287e-01 3.044287e-01
3.400000e+01 0.000000e+00 3.040258e-01 3.040258e-01
3.410000e+01 0.000000e+00 3.036233e-01 3.036233e-01
3.420000e+01 0.000000e+00 3.032213e-01 3.032213e-01
3.430000e+01 0.000000e+00 3.028198e-01 3.028198e-01
3.440000e+01 0.000000e+00 3.024187e-01 3.024187e-01
3.450000e+01 0.000000e+00 3.020181e-01 3.020181e-01
3.460000e+01 0.000000e+00 3.016179e-01 3.016179e-01
3.470000e+01 0.000000e+00 3.012183e-01 3.012183e-01
3.480000e+01 0.000000e+00 3.008192e-01 3.008192e-01
3.490000e+01 0.000000e+00 3.004206e-01 3.004206e-01
3.500000e+01 0.000000e+00 3.000225e-01 3.000225e-01
3.510000e+01 0.000000e+00 2.996249e-01 2.996249e-01
3.520000e+01 0.000000e+00 2.992279e-01 2.992279e-01
3.530000e+01 0.000000e+00 2.988314e-01 2.988314e-01
3.540000e+01 0.000000e+00 2.984354e-01 2.984354e-01
3.550000e+01 0.000000e+00 2.980400e-01 2.980400e-01
3.560000e+01 0.000000e+00 2.976452e-01 2.976452e-01
3.570000e+01 0.000000e+00 2.972510e-01 2.972510e-01
3.580000e+01 0.000000e+00 2.968573e-01 2.968573e-01
3.590000e+01 0.000000e+00 2.964642e-01 2.964642e-01
3.600000e+01 0.000000e+00 2.960717e-01 2.960717e-01
3.610000e+01 0.000000e+00 2.956798e-01 2.956798e-01
3.620000e+01 0.000000e+00 2.952885e-01 2.952885e-01
3.630000e+01 0.000000e+00 2.948978e-01 2.948978e-01
3.640000e+01 0.000000e+00 2.945077e-01 2.945077e-01
3.650000e+01 0.000000e+00 2.941182e-01 2.941182e-01
3.660000e+01 0.000000e+00 2.937294e-01 2.937294e-01
3.670000e+01 0.000000e+00 2.933412e-01 2.933412e-01
3.680000e+01 0.000000e+00 2.929536e-01 2.929536e-01
3.690000e+01 0.000000e+00 2.925666e-01 2.925666e-01
3.700000e+01 0.000000e+00 2.921803e-01 2.921803e-01
3.710000e+01 0.000000e+00 2.917946e-01 2.917946e-01
3.720000e+01 0.000000e+00 2.914096e-01 2.914096e-01
3.730000e+01 0.000000e+00 2.910252e-01 2.910252e-01
3.740000e+01 0.000000e+00 2.906415e-01 2.906415e-01
3.750000e+01 0.000000e+00 2.902585e-01 2.902585e-01
3.760000e+01 0.000000e+00 2.898760e-01 2.898760e-01
3.770000e+01 0.000000e+00 2.894943e-01 2.894943e-01
3.780000e+01 0.000000e+00 2.891132e-01 2.891132e-01
3.790000e+01 0.000000e+00 2.887328e-01 2.887328e-01
3.800000e+01 0.000000e+00 2.883531e-01 2.883531e-01
3.810000e+01 0.000000e+00 2.879740e-01 2.879740e-01
3.820000e+01 0.000000e+00 2.875956e-01 2.875956e-01
3.830000e+01 0.000000e+00 2.872179e-01 2.872179e-01
3.840000e+01 0.000000e+00 2.868409e-01 2.868409e-01
3.850000e+01 0.000000e+00 2.864646e-01 2.864646e-01
3.860000e+01 0.000000e+00 2.860890e-01 2.860890e-01
3.870000e+01 0.000000e+00 2.857140e-01 2.857140e-01
3.880000e+01 0.000000e+00 2.853397e-01 2.853397e-01
3.890000e+01 0.000000e+00 2.849662e-01 2.849662e-01
3.900000e+01 0.000000e+00 2.845933e-01 2.845933e-01
3.910000e+01 0.000000e+00 2.842211e-01 2.842211e-01
3.920000e+01 0.000000e+00 2.838496e-01 2.838496e-01
3.930000e+01 0.000000e+00 2.834788e-01 2.834788e-01
3.940000e+01 0.000000e+00 2.831088e-01 2.831088e-01
3.950000e+01 0.000000e+00 2.827394e-01 2.827394e-01
3.960000e+01 0.000000e+00 2.823707e-01 2.823707e-01
3.970000e+01 0.000000e+00 2.820027e-01 2.820027e-01
3.980000e+01 0.000000e+00 2.816355e-01 2.816355e-01
3.990000e+01 0.000000e+00 2.812689e-01 2.812689e-01
4.000000e+01 0.000000e+00 2.809031e-01 2.809031e-01
4.010000e+01 0.000000e+00 2.805379e-01 2.805379e-01
4.020000e+01 0.000000e+00 2.801735e-01 2.801735e-01
4.030000e+01 0.000000e+00 2.798098e-01 2.798098e-01
4.040000e+01 0.000000e+00 2.794468e-01 2.794468e-01
4.050000e+01 0.000000e+00 2.790845e-01 2.790845e-01
4.060000e+01 0.000000e+00 2.787229e-01 2.787229e-01
4.070000e+01 0.000000e+00 2.783621e-01 2.783621e-01
4.080000e+01 0.000000e+00 2.780019e-01 2.780019e-01
4.090000e+01 0.000000e+00 2.776425e-01 2.776425e-01
4.100000e+01 0.000000e+00 2.772837e-01 2.772837e-01
4.110000e+01 0.000000e+00 2.769257e-01 2.769257e-01
4.120000e+01 0.000000e+00 2.765684e-01 2.765684e-01
4.130000e+01 0.000000e+00 2.762118e-01 2.762118e-01
4.140000e+01 0.000000e+00 2.758560e-01 2.758560e-01
4.150000e+01 0.000000e+00 2.755008e-01 2.755008e-01
4.160000e+01 0.000000e+00 2.751464e-01 2.751464e-01
4.170000e+01 0.000000e+00 2.747926e-01 2.747926e-01
4.180000e+01 0.000000e+00 2.744396e-01 2.744396e-01
4.190000e+01 0.000000e+00 2.740873e-01 2.740873e-01
4.200000e+01 0.000000e+00 2.737357e-01 2.737357e-01
4.210000e+01 0.000000e+00 2.733849e-01 2.733849e-01
4.220000e+01 0.000000e+00 2.730347e-01 2.730347e-01
4.230000e+01 0.000000e+00 2.726852e-01 2.726852e-01
4.240000e+01 0.000000e+00 2.723365e-01 2.723365e-01
4.250000e+01 0.000000e+00 2.719885e-01 2.719885e-01
4.260000e+01 0.000000e+00 2.716411e-01 2.716411e-01
4.270000e+01 0.000000e+00 2.712945e-01 2.712945e-01
4.280000e+01 0.000000e+00 2.709486e-01 2.709486e-01
4.290000e+01 0.000000e+00 2.706034e-01 2.706034e-01
4.300000e+01 0.000000e+00 2.702589e-01 2.702589e-01
4.310000e+01 0.000000e+00 2.699151e-01 2.699151e-01
4.320000e+01 0.000000e+00 2.695720e-01 2.695720e-01
4.330000e+01 0.000000e+00 2.692297e-01 2.692297e-01
4.340000e+01 0.000000e+00 2.688880e-01 2.688880e-01
4.350000e+01 0.000000e+00 2.685470e-01 2.685470e-01
4.360000e+01 0.000000e+00 2.682068e-01 2.682068e-01
4.370000e+01 0.000000e+00 2.678672e-01 2.678672e-01
4.380000e+01 0.000000e+00 2.675284e-01 2.675284e-01
4.390000e+01 0.000000e+00 2.671902e-01 2.671902e-01
4.400000e+01 0.000000e+00 2.668527e-01 2.668527e-01
4.410000e+01 0.000000e+00 2.665160e-01 2.665160e-01
4.420000e+01 0.000000e+00 2.661799e-01 2.661799e-01
4.430000e+01 0.000000e+00 2.658445e-01 2.658445e-01
4.440000e+01 0.000000e+00 2.655099e-01 2.655099e-01
4.450000e+01 0.000000e+00 2.651759e-01 2.651759e-01
4.460000e+01 0.000000e+00 2.648426e-01 2.648426e-01
4.470000e+01 0.000000e+00 2.645100e-01 2.645100e-01
4.480000e+01 0.000000e+00 2.641781e-01 2.641781e-01
4.490000e+01 0.000000e+00 2.638469e-01 2.638469e-01
4.500000e+01 0.000000e+00 2.635164e-01 2.635164e-01
4.510000e+01 0.000000e+00 2.631865e-01 2.631865e-01
4.520000e+01 0.000000e+00 2.628574e-01 2.628574e-01
4.530000e+01 0.000000e+00 2.625289e-01 2.625289e-01
4.540000e+01 0.000000e+00 2.622011e-01 2.622011e-01
4.550000e+01 0.000000e+00 2.618740e-01 2.618740e-01
4.560000e+01 0.000000e+00 2.615476e-01 2.615476e-01
4.570000e+01 0.000000e+00 2.612218e-01 2.612218e-01
4.580000e+01 0.000000e+00 2.608968e-01 2.608968e-01
4.590000e+01 0.000000e+00 2.605724e-01 2.605724e-01
4.600000e+01 0.000000e+00 2.602486e-01 2.602486e-01
4.610000e+01 0.000000e+00 2.599256e-01 2.599256e-01
4.620000e+01 0.000000e+00 2.596032e-01 2.596032e-01
4.630000e+01 0.000000e+00 2.592815e-01 2.592815e-01
4.640000e+01 0.000000e+00 2.589605e-01 2.589605e-01
4.650000e+01 0.000000e+00 2.586402e-01 2.586402e-01
4.660000e+01 0.000000e+00 2.583205e-01 2.583205e-01
4.670000e+01 0.000000e+00 2.580014e-01 2.580014e-01
4.680000e+01 0.000000e+00 2.576831e-01 2.576831e-01
4.690000e+01 0.000000e+00 2.573654e-01 2.573654e-01
4.700000e+01 0.000000e+00 2.570484e-01 2.570484e-01
4.710000e+01 0.000000e+00 2.567320e-01 2.567320e-01
4.720000e+01 0.000000e+00 2.564163e-01 2.564163e-01
4.730000e+01 0.000000e+00 2.561013e-01 2.561013e-01
4.740000e+01 0.000000e+00 2.557869e-01 2.557869e-01
4.750000e+01 0.000000e+00 2.554731e-01 2.554731e-01
4.760000e+01 0.000000e+00 2.551600e-01 2.551600e-01
4.770000e+01 0.000000e+00 2.548476e-01 2.548476e-01
4.780000e+01 0.000000e+00 2.545358e-01 2.545358e-01
4.790000e+01 0.000000e+00 2.542247e-01 2.542247e-01
4.800000e+01 0.000000e+00 2.539142e-01 2.539142e-01
4.810000e+01 0.000000e+00 2.536043e-01 2.536043e-01
4.820000e+01 0.000000e+00 2.532951e-01 2.532951e-01
4.830000e+01 0.000000e+00 2.529866e-01 2.529866e-01
4.840000e+01 0.000000e+00 2.526786e-01 2.526786e-01
4.850000e+01 0.000000e+00 2.523714e-01 2.523714e-01
4.860000e+01 0.000000e+00 2.520647e-01 2.520647e-01
4.870000e+01 0.000000e+00 2.517587e-01 2.517587e-01
4.880000e+01 0.000000e+00 2.514533e-01 2.514533e-01
4.890000e+01 0.000000e+00 2.511486e-01 2.511486e-01
4.900000e+01 0.000000e+00 2.508445e-01 2.508445e-01
4.910000e+01 0.000000e+00 2.505410e-01 2.505410e-01
4.920000e+01 0.000000e+00 2.502382e-01 2.502382e-01
4.930000e+01 0.000000e+00 2.499359e-01 2.499359e-01
4.940000e+01 0.000000e+00 2.496344e-01 2.496344e-01
4.950000e+01 0.000000e+00 2.493334e-01 2.493334e-01
4.960000e+01 0.000000e+00 2.490330e-01 2.490330e-01
4.970000e+01 0.000000e+00 2.487333e-01 2.487333e-01
4.980000e+01 0.000000e+00 2.484342e-01 2.484342e-01
4.990000e+01 0.000000e+00 2.481357e-01 2.481357e-01
5.000000e+01 0.000000e+00 2.478379e-01 2.478379e-01
5.010000e+01 0.000000e+00 2.475406e-01 2.475406e-01
5.020000e+01 0.000000e+00 2.472439e-01 2.472439e-01
5.030000e+01 0.000000e+00 2.469479e-01 2.469479e-01
5.040000e+01 0.000000e+00 2.466525e-01 2.466525e-01
5.050000e+01 0.000000e+00 2.463577e-01 2.463577e-01
5.060000e+01 0.000000e+00 2.460635e-01 2.460635e-01
5.070000e+01 0.000000e+00 2.457698e-01 2.457698e-01
5.080000e+01 0.000000e+00 2.454768e-01 2.454768e-01
5.090000e+01 0.000000e+00 2.451844e-01 2.451844e-01
5.100000e+01 0.000000e+00 2.448926e-01 2.448926e-01
5.110000e+01 0.000000e+00 2.446014e-01 2.446014e-01
5.120000e+01 0.000000e+00 2.443108e-01 2.443108e-01
5.130000e+01 0.000000e+00 2.440208e-01 2.440208e-01
5.140000e+01 0.000000e+00 2.437314e-01 2.437314e-01
5.150000e+01 0.000000e+00 2.434426e-01 2.434426e-01
5.160000e+01 0.000000e+00 2.431544e-01 2.431544e-01
5.170000e+01 0.000000e+00 2.428668e-01 2.428668e-01
5.180000e+01 0.000000e+00 2.425797e-01 2.425797e-01
5.190000e+01 0.000000e+00 2.422933e-01 2.422933e-01
5.200000e+01 0.000000e+00 2.420074e-01 2.420074e-01
5.210000e+01 0.000000e+00 2.417221e-01 2.417221e-01
5.220000e+01 0.000000e+00 2.414374e-01 2.414374e-01
5.230000e+01 0.000000e+00 2.411532e-01 2.411532e-01
5.240000e+01 0.000000e+00 2.408697e-01 2.408697e-01
5.250000e+01 0.000000e+00 2.405867e-01 2.405867e-01
5.260000e+01 0.000000e+00 2.403043e-01 2.403043e-01
5.270000e+01 0.000000e+00 2.400225e-01 2.400225e-01
5.280000e+01 0.000000e+00 2.397412e-01 2.397412e-01
5.290000e+01 0.000000e+00 2.394605e-01 2.394605e-01
5.300000e+01 0.000000e+00 2.391804e-01 2.391804e-01
5.310000e+01 0.000000e+00 2.389009e-01 2.389009e-01
5.320000e+01 0.000000e+00 2.386219e-01 2.386219e-01
5.330000e+01 0.000000e+00 2.383435e-01 2.383435e-01
5.340000e+01 0.000000e+00 2.380657e-01 2.380657e-01
5.350000e+01 0.000000e+00 2.377884e-01 2.377884e-01
5.360000e+01 0.000000e+00 2.375117e-01 2.375117e-01
5.370000e+01 0.000000e+00 2.372355e-01 2.372355e-01
5.380000e+01 0.000000e+00 2.369599e-01 2.369599e-01
5.390000e+01 0.000000e+00 2.366848e-01 2.366848e-01
5.400000e+01 0.000000e+00 2.364103e-01 2.364103e-01
5.410000e+01 0.000000e+00 2.361364e-01 2.361364e-01
5.420000e+01 0.000000e+00 2.358630e-01 2.358630e-01
5.430000e+01 0.000000e+00 2.355901e-01 2.355901e-01
5.440000e+01 0.000000e+00 2.353178e-01 2.353178e-01
5.450000e+01 0.000000e+00 2.350461e-01 2.350461e-01
5.460000e+01 0.000000e+00 2.347749e-01 2.347749e-01
5.470000e+01 0.000000e+00 2.345042e-01 2.345042e-01
5.480000e+01 0.000000e+00 2.342341e-01 2.342341e-01
5.490000e+01 0.000000e+00 2.339645e-01 2.339645e-01
5.500000e+01 0.000000e+00 2.336955e-01 2.336955e-01
5.510000e+01 0.000000e+00 2.334270e-01 2.334270e-01
5.520000e+01 0.000000e+00 2.331590e-01 2.331590e-01
5.530000e+01 0.000000e+00 2.328916e-01 2.328916e-01
5.540000e+01 0.000000e+00 2.326247e-01 2.326247e-01
5.550000e+01 0.000000e+00 2.323583e-01 2.323583e-01
5.560000e+01 0.000000e+00 2.320924e-01 2.320924e-01
5.570000e+01 0.000000e+00 2.318271e-01 2.318271e-01
5.580000e+01 0.000000e+00 2.315623e-01 2.315623e-01
5.590000e+01 0.000000e+00 2.312980e-01 2.312980e-01
5.600000e+01 0.000000e+00 2.310343e-01 2.310343e-01
5.610000e+01 0.000000e+00 2.307711e-01 2.307711e-01
5.620000e+01 0.000000e+00 2.305084e-01 2.305084e-01
5.630000e+01 0.000000e+00 2.302462e-01 2.302462e-01
5.640000e+01 0.000000e+00 2.299845e-01 2.299845e-01
5.650000e+01 0.000000e+00 2.297234e-01 2.297234e-01
5.660000e+01 0.000000e+00 2.294628e-01 2.294628e-01
5.670000e+01 0.000000e+00 2.292027e-01 2.292027e-01
5.680000e+01 0.000000e+00 2.289431e-01 2.289431e-01
5.690000e+01 0.000000e+00 2.286840e-01 2.286840e-01
5.700000e+01 0.000000e+00 2.284254e-01 2.284254e-01
5.710000e+01 0.000000e+00 2.281674e-01 2.281674e-01
5.720000e+01 0.000000e+00 2.279099e-01 2.279099e-01
5.730000e+01 0.000000e+00 2.276528e-01 2.276528e-01
5.740000e+01 0.000000e+00 2.273963e-01 2.273963e-01
5.750000e+01 0.000000e+00 2.271403e-01 2.271403e-01
5.760000e+01 0.000000e+00 2.268848e-01 2.268848e-01
5.770000e+01 0.000000e+00 2.266297e-01 2.266297e-01
5.780000e+01 0.000000e+00 2.263752e-01 2.263752e-01
5.790000e+01 0.000000e+00 2.261211e-01 2.261211e-01
5.800000e+01 0.000000e+00 2.258676e-01 2.258676e-01
5.810000e+01 0.000000e+00 2.256145e-01 2.256145e-01
5.820000e+01 0.000000e+00 2.253620e-01 2.253620e-01
5.830000e+01 0.000000e+00 2.251099e-01 2.251099e-01
5.840000e+01 0.000000e+00 2.248584e-01 2.248584e-01
5.850000e+01 0.000000e+00 2.246073e-01 2.246073e-01
5.860000e+01 0.000000e+00 2.243567e-01 2.243567e-01
5.870000e+01 0.000000e+00 2.241066e-01 2.241066e-01
5.880000e+01 0.000000e+00 2.238570e-01 2.238570e-01
5.890000e+01 0.000000e+00 2.236079e-01 2.236079e-01
5.900000e+01 0.000000e+00 2.233593e-01 2.233593e-01
5.910000e+01 0.000000e+00 2.231111e-01 2.231111e-01
5.920000e+01 0.000000e+00 2.228634e-01 2.228634e-01
5.930000e+01 0.000000e+00 2.226162e-01 2.226162e-01
5.940000e+01 0.000000e+00 2.223695e-01 2.223695e-01
5.950000e+01 0.000000e+00 2.221232e-01 2.221232e-01
5.960000e+01 0.000000e+00 2.218774e-01 2.218774e-01
5.970000e+01 0.000000e+00 2.216320e-01 2.216320e-01
5.980000e+01 0.000000e+00 2.213872e-01 2.213872e-01
5.990000e+01 0.000000e+00 2.211428e-01 2.211428e-01
6.000000e+01 0.000000e+00 2.208989e-01 2.208989e-01
6.010000e+01 0.000000e+00 2.206555e-01 2.206555e-01
6.020000e+01 0.000000e+00 2.204125e-01 2.204125e-01
6.030000e+01 0.000000e+00 2.201701e-01 2.201701e-01
6.040000e+01 0.000000e+00 2.199280e-01 2.199280e-01
6.050000e+01 0.000000e+00 2.196865e-01 2.196865e-01
6.060000e+01 0.000000e+00 2.194454e-01 2.194454e-01
6.070000e+01 0.000000e+00 2.192047e-01 2.192047e-01
6.080000e+01 0.000000e+00 2.189645e-01 2.189645e-01
6.090000e+01 0.000000e+00 2.187248e-01 2.187248e-01
6.100000e+01 0.000000e+00 2.184855e-01 2.184855e-01
6.110000e+01 0.000000e+00 2.182467e-01 2.182467e-01
6.120000e+01 0.000000e+00 2.180083e-01 2.180083e-01
6.130000e+01 0.000000e+00 2.177704e-01 2.177704e-01
6.140000e+01 0.000000e+00 2.175329e-01 2.175329e-01
6.150000e+01 0.000000e+00 2.172959e-01 2.172959e-01
6.160000e+01 0.000000e+00 2.170593e-01 2.170593e-01
6.170000e+01 0.000000e+00 2.168232e-01 2.168232e-01
6.180000e+01 0.000000e+00 2.165875e-01 2.165875e-01
6.190000e+01 0.000000e+00 2.163523e-01 2.163523e-01
6.200000e+01 0.000000e+00 2.161175e-01 2.161175e-01
6.210000e+01 0.000000e+00 2.158832e-01 2.158832e-01
6.220000e+01 0.000000e+00 2.156493e-01 2.156493e-01
6.230000e+01 0.000000e+00 2.154159e-01 2.154159e-01
6.240000e+01 0.000000e+00 2.151829e-01 2.151829e-01
6.250000e+01 0.000000e+00 2.149503e-01 2.149503e-01
6.260000e+01 0.000000e+00 2.147182e-01 2.147182e-01
6.270000e+01 0.000000e+00 2.144865e-01 2.144865e-01
6.280000e+01 0.000000e+00 2.142552e-01 2.142552e-01
6.290000e+01 0.000000e+00 2.140244e-01 2.140244e-01
6.300000e+01 0.000000e+00 2.137940e-01 2.137940e-01
6.310000e+01 0.000000e+00 2.135640e-01 2.135640e-01
6.320000e+01 0.000000e+00 2.133345e-01 2.133345e-01
6.330000e+01 0.000000e+00 2.131054e-01 2.131054e-01
6.340000e+01 0.000000e+00 2.128767e-01 2.128767e-01
6.350000e+01 0.000000e+00 2.126485e-01 2.126485e-01
6.360000e+01 0.000000e+00 2.124207e-01 2.124207e-01
6.370000e+01 0.000000e+00 2.121933e-01 2.121933e-01
6.380000e+01 0.000000e+00 2.119663e-01 2.119663e-01
6.390000e+01 0.000000e+00 2.117398e-01 2.117398e-01
6.400000e+01 0.000000e+00 2.115136e-01 2.115136e-01
6.410000e+01 0.000000e+00 2.112879e-01 2.112879e-01
6.420000e+01 0.000000e+00 2.110626e-01 2.110626e-01
6.430000e+01 0.000000e+00 2.108378e-01 2.108378e-01
6.440000e+01 0.000000e+00 2.106133e-01 2.106133e-01
6.450000e+01 0.000000e+00 2.103893e-01 2.103893e-01
6.460000e+01 0.000000e+00 2.101656e-01 2.101656e-01
6.470000e+01 0.000000e+00 2.099424e-01 2.099424e-01
6.480000e+01 0.000000e+00 2.097196e-01 2.097196e-01
6.490000e+01 0.000000e+00 2.094972e-01 2.094972e-01
6.500000e+01 0.000000e+00 2.092752e-01 2.092752e-01
6.510000e+01 0.000000e+00 2.090537e-01 2.090537e-01
6.520000e+01 0.000000e+00 2.088325e-01 2.088325e-01
6.530000e+01 0.000000e+00 2.086117e-01 2.086117e-01
6.540000e+01 0.000000e+00 2.083914e-01 2.083914e-01
6.550000e+01 0.000000e+00 2.081714e-01 2.081714e-01
6.560000e+01 0.000000e+00 2.079519e-01 2.079519e-01
6.570000e+01 0.000000e+00 2.077328e-01 2.077328e-01
6.580000e+01 0.000000e+00 2.075140e-01 2.075140e-01
6.590000e+01 0.000000e+00 2.072956e-01 2.072956e-01
6.600000e+01 0.000000e+00 2.070777e-01 2.070777e-01
6.610000e+01 0.000000e+00 2.068601e-01 2.068601e-01
6.620000e+01 0.000000e+00 2.066429e-01 2.066429e-01
6.630000e+01 0.000000e+00 2.064261e-01 2.064261e-01
6.640000e+01 0.000000e+00 2.062097e-01 2.062097e-01
6.650000e+01 0.000000e+00 2.059937e-01 2.059937e-01
6.660000e+01 0.000000e+00 2.057781e-01 2.057781e-01
6.670000e+01 0.000000e+00 2.055629e-01 2.055629e-01
6.680000e+01 0.000000e+00 2.053480e-01 2.053480e-01
6.690000e+01 0.000000e+00 2.051336e-01 2.051336e-01
6.700000e+01 0.000000e+00 2.049196e-01 2.049196e-01
6.710000e+01 0.000000e+00 2.047059e-01 2.047059e-01
6.720000e+01 0.000000e+00 2.044926e-01 2.044926e-01
6.730000e+01 0.000000e+00 2.042797e-01 2.042797e-01
6.740000e+01 0.000000e+00 2.040673e-01 2.040673e-01
6.750000e+01 0.000000e+00 2.038551e-01 2.038551e-01
6.760000e+01 0.000000e+00 2.036434e-01 2.036434e-01
6.770000e+01 0.000000e+00 2.034321e-01 2.034321e-01
6.780000e+01 0.000000e+00 2.032211e-01 2.032211e-01
6.790000e+01 0.000000e+00 2.030105e-01 2.030105e-01
6.800000e+01 0.000000e+00 2.028002e-01 2.028002e-01
6.810000e+01 0.000000e+00 2.025904e-01 2.025904e-01
6.820000e+01 0.000000e+00 2.023809e-01 2.023809e-01
6.830000e+01 0.000000e+00 2.021718e-01 2.021718e-01
6.840000e+01 0.000000e+00 2.019631e-01 2.019631e-01
6.850000e+01 0.000000e+00 2.017548e-01 2.017548e-01
6.860000e+01 0.000000e+00 2.015469e-01 2.015469e-01
6.870000e+01 0.000000e+00 2.013393e-01 2.013393e-01
6.880000e+01 0.000000e+00 2.011321e-01 2.011321e-01
6.890000e+01 0.000000e+00 2.009252e-01 2.009252e-01
6.900000e+01 0.000000e+00 2.007188e-01 2.007188e-01
6.910000e+01 0.000000e+00 2.005126e-01 2.005126e-01
6.920000e+01 0.000000e+00 2.003069e-01 2.003069e-01
6.930000e+01 0.000000e+00 2.001015e-01 2.001015e-01
6.940000e+01 0.000000e+00 1.998964e-01 1.998964e-01
6.950000e+01 0.000000e+00 1.996918e-01 1.996918e-01
6.960000e+01 0.000000e+00 1.994874e-01 1.994874e-01
6.970000e+01 0.000000e+00 1.992835e-01 1.992835e-01
6.980000e+01 0.000000e+00 1.990799e-01 1.990799e-01
6.990000e+01 0.000000e+00 1.988766e-01 1.988766e-01
7.000000e+01 0.000000e+00 1.986738e-01 1.986738e-01
7.010000e+01 0.000000e+00 1.984713e-01 1.984713e-01
7.020000e+01 0.000000e+00 1.982691e-01 1.982691e-01
7.030000e+01 0.000000e+00 1.980673e-01 1.980673e-01
7.040000e+01 0.000000e+00 1.978659e-01 1.978659e-01
7.050000e+01 0.000000e+00 1.976648e-01 1.976648e-01
7.060000e+01 0.000000e+00 1.974641e-01 1.974641e-01
7.070000e+01 0.000000e+00 1.972637e-01 1.972637e-01
7.080000e+01 0.000000e+00 1.970637e-01 1.970637e-01
7.090000e+01 0.000000e+00 1.968640e-01 1.968640e-01
7.100000e+01 0.000000e+00 1.966647e-01 1.966647e-01
7.110000e+01 0.000000e+00 1.964657e-01 1.964657e-01
7.120000e+01 0.000000e+00 1.962671e-01 1.962671e-01
7.130000e+01 0.000000e+00 1.960688e-01 1.960688e-01
7.140000e+01 0.000000e+00 1.958708e-01 1.958708e-01
7.150000e+01 0.000000e+00 1.956732e-01 1.956732e-01
7.160000e+01 0.000000e+00 1.954760e-01 1.954760e-01
7.170000e+01 0.000000e+00 1.952791e-01 1.952791e-01
7.180000e+01 0.000000e+00 1.950825e-01 1.950825e-01
7.190000e+01 0.000000e+00 1.948863e-01 1.948863e-01
7.200000e+01 0.000000e+00 1.946904e-01 1.946904e-01
7.210000e+01 0.000000e+00 1.944948e-01 1.944948e-01
7.220000e+01 0.000000e+00 1.942996e-01 1.942996e-01
7.230000e+01 0.000000e+00 1.941047e-01 1.941047e-01
7.240000e+01 0.000000e+00 1.939102e-01 1.939102e-01
7.250000e+01 0.000000e+00 1.937160e-01 1.937160e-01
7.260000e+01 0.000000e+00 1.935222e-01 1.935222e-01
7.270000e+01 0.000000e+00 1.933286e-01 1.933286e-01
7.280000e+01 0.000000e+00 1.931354e-01 1.931354e-01
7.290000e+01 0.000000e+00 1.929426e-01 1.929426e-01
7.300000e+01 0.000000e+00 1.927500e-01 1.927500e-01
7.310000e+01 0.000000e+00 1.925578e-01 1.925578e-01
7.320000e+01 0.000000e+00 1.923659e-01 1.923659e-01
7.330000e+01 0.000000e+00 1.921744e-01 1.921744e-01
7.340000e+01 0.000000e+00 1.919832e-01 1.919832e-01
7.350000e+01 0.000000e+00 1.917923e-01 1.917923e-01
7.360000e+01 0.000000e+00 1.916017e-01 1.916017e-01
7.370000e+01 0.000000e+00 1.914114e-01 1.914114e-01
7.380000e+01 0.000000e+00 1.912215e-01 1.912215e-01
7.390000e+01 0.000000e+00 1.910319e-01 1.910319e-01
7.400000e+01 0.000000e+00 1.908426e-01 1.908426e-01
7.410000e+01 0.000000e+00 1.906537e-01 1.906537e-01
7.420000e+01 0.000000e+00 1.904651e-01 1.904651e-01
7.430000e+01 0.000000e+00 1.902768e-01 1.902768e-01
7.440000e+01 0.000000e+00 1.900888e-01 1.900888e-01
7.450000e+01 0.000000e+00 1.899011e-01 1.899011e-01
7.460000e+01 0.000000e+00 1.897137e-01 1.897137e-01
7.470000e+01 0.000000e+00 1.895267e-01 1.895267e-01
7.480000e+01 0.000000e+00 1.893399e-01 1.893399e-01
7.490000e+01 0.000000e+00 1.891535e-01 1.891535e-01
7.500000e+01 0.000000e+00 1.889674e-01 1.889674e-01
7.510000e+01 0.000000e+00 1.887816e-01 1.887816e-01
7.520000e+01 0.000000e+00 1.885961e-01 1.885961e-01
7.530000e+01 0.000000e+00 1.884110e-01 1.884110e-01
7.540000e+01 0.000000e+00 1.882261e-01 1.882261e-01
7.550000e+01 0.000000e+00 1.880416e-01 1.880416e-01
7.560000e+01 0.000000e+00 1.878574e-01 1.878574e-01
7.570000e+01 0.000000e+00 1.876735e-01 1.876735e-01
7.580000e+01 0.000000e+00 1.874898e-01 1.874898e-01
7.590000e+01 0.000000e+00 1.873065e-01 1.873065e-01
7.600000e+01 0.000000e+00 1.871235e-01 1.871235e-01
7.610000e+01 0.000000e+00 1.869408e-01 1.869408e-01
7.620000e+01 0.000000e+00 1.867584e-01 1.867584e-01
7.630000e+01 0.000000e+00 1.865763e-01 1.865763e-01
7.640000e+01 0.000000e+00 1.863946e-01 1.863946e-01
7.650000e+01 0.000000e+00 1.862131e-01 1.862131e-01
7.660000e+01 0.000000e+00 1.860319e-01 1.860319e-01
7.670000e+01 0.000000e+00 1.858510e-01 1.858510e-01
7.680000e+01 0.000000e+00 1.856705e-01 1.856705e-01
7.690000e+01 0.000000e+00 1.854902e-01 1.854902e-01
7.700000e+01 0.000000e+00 1.853102e-01 1.853102e-01
7.710000e+01 0.000000e+00 1.851305e-01 1.851305e-01
7.720000e+01 0.000000e+00 1.849511e-01 1.849511e-01
7.730000e+01 0.000000e+00 1.847720e-01 1.847720e-01
7.740000e+01 0.000000e+00 1.845931e-01 1.845931e-01
7.750000e+01 0.000000e+00 1.844146e-01 1.844146e-01
7.760000e+01 0.000000e+00 1.842364e-01 1.842364e-01
7.770000e+01 0.000000e+00 1.840585e-01 1.840585e-01
7.780000e+01 0.000000e+00 1.838808e-01 1.838808e-01
7.790000e+01 0.000000e+00 1.837035e-01 1.837035e-01
7.800000e+01 0.000000e+00 1.835265e-01 1.835265e-01
7.810000e+01 0.000000e+00 1.833497e-01 1.833497e-01
7.820000e+01 0.000000e+00 1.831733e-01 1.831733e-01
7.830000e+01 0.000000e+00 1.829971e-01 1.829971e-01
7.840000e+01 0.000000e+00 1.828213e-01 1.828213e-01
7.850000e+01 0.000000e+00 1.826457e-01 1.826457e-01
7.860000e+01 0.000000e+00 1.824703e-01 1.824703e-01
7.870000e+01 0.000000e+00 1.822953e-01 1.822953e-01
7.880000e+01 0.000000e+00 1.821205e-01 1.821205e-01
7.890000e+01 0.000000e+00 1.819460e-01 1.819460e-01
7.900000e+01 0.000000e+00 1.817718e-01 1.817718e-01
7.910000e+01 0.000000e+00 1.815979e-01 1.815979e-01
7.920000e+01 0.000000e+00 1.814243e-01 1.814243e-01
7.930000e+01 0.000000e+00 1.812510e-01 1.812510e-01
7.940000e+01 0.000000e+00 1.810779e-01 1.810779e-01
7.950000e+01 0.000000e+00 1.809051e-01 1.809051e-01
7.960000e+01 0.000000e+00 1.807326e-01 1.807326e-01
7.970000e+01 0.000000e+00 1.805604e-01 1.805604e-01
7.980000e+01 0.000000e+00 1.803885e-01 1.803885e-01
7.990000e+01 0.000000e+00 1.802168e-01 1.802168e-01
8.000000e+01 0.000000e+00 1.800454e-01 1.800454e-01
8.010000e+01 0.000000e+00 1.798743e-01 1.798743e-01
8.020000e+01 0.000000e+00 1.797035e-01 1.797035e-01
8.030000e+01 0.000000e+00 1.795329e-01 1.795329e-01
8.040000e+01 0.000000e+00 1.793626e-01 1.793626e-01
8.050000e+01 0.000000e+00 1.791926e-01 1.791926e-01
8.060000e+01 0.000000e+00 1.790228e-01 1.790228e-01
8.070000e+01 0.000000e+00 1.788533e-01 1.788533e-01
8.080000e+01 0.000000e+00 1.786841e-01 1.786841e-01
8.090000e+01 0.000000e+00 1.785152e-01 1.785152e-01
8.100000e+01 0.000000e+00 1.783466e-01 1.783466e-01
8.110000e+01 0.000000e+00 1.781782e-01 1.781782e-01
8.120000e+01 0.000000e+00 1.780100e-01 1.780100e-01
8.130000e+01 0.000000e+00 1.778422e-01 1.778422e-01
8.140000e+01 0.000000e+00 1.776746e-01 1.776746e-01
8.150000e+01 0.000000e+00 1.775073e-01 1.775073e-01
8.160000e+01 0.000000e+00 1.773402e-01 1.773402e-01
8.170000e+01 0.000000e+00 1.771734e-01 1.771734e-01
8.180000e+01 0.000000e+00 1.770068e-01 1.770068e-01
8.190000e+01 0.000000e+00 1.768405e-01 1.768405e-01
8.200000e+01 0.000000e+00 1.766745e-01 1.766745e-01
8.210000e+01 0.000000e+00 1.765087e-01 1.765087e-01
8.220000e+01 0.000000e+00 1.763432e-01 1.763432e-01
8.230000e+01 0.000000e+00 1.761780e-01 1.761780e-01
8.240000e+01 0.000000e+00 1.760130e-01 1.760130e-01
8.250000e+01 0.000000e+00 1.758483e-01 1.758483e-01
8.260000e+01 0.000000e+00 1.756839e-01 1.756839e-01
8.270000e+01 0.000000e+00 1.755197e-01 1.755197e-01
8.280000e+01 0.000000e+00 1.753558e-01 1.753558e-01
8.290000e+01 0.000000e+00 1.751921e-01 1.751921e-01
8.300000e+01 0.000000e+00 1.750287e-01 1.750287e-01
8.310000e+01 0.000000e+00 1.748655e-01 1.748655e-01
8.320000e+01 0.000000e+00 1.747026e-01 1.747026e-01
8.330000e+01 0.000000e+00 1.745400e-01 1.745400e-01
8.340000e+01 0.000000e+00 1.743776e-01 1.743776e-01
8.350000e+01 0.000000e+00 1.742155e-01 1.742155e-01
8.360000e+01 0.000000e+00 1.740536e-01 1.740536e-01
8.370000e+01 0.000000e+00 1.738919e-01 1.738919e-01
8.380000e+01 0.000000e+00 1.737306e-01 1.737306e-01
8.390000e+01 0.000000e+00 1.735694e-01 1.735694e-01
8.400000e+01 0.000000e+00 1.734086e-01 1.734086e-01
8.410000e+01 0.000000e+00 1.732479e-01 1.732479e-01
8.420000e+01 0.000000e+00 1.730876e-01 1.730876e-01
8.430000e+01 0.000000e+00 1.729274e-01 1.729274e-01
8.440000e+01 0.000000e+00 1.727675e-01 1.727675e-01
8.450000e+01 0.000000e+00 1.726079e-01 1.726079e-01
8.460000e+01 0.000000e+00 1.724485e-01 1.724485e-01
8.470000e+01 0.000000e+00 1.722894e-01 1.722894e-01
8.480000e+01 0.000000e+00 1.721305e-01 1.721305e-01
8.490000e+01 0.000000e+00 1.719719e-01 1.719719e-01
8.500000e+01 0.000000e+00 1.718134e-01 1.718134e-01
8.510000e+01 0.000000e+00 1.716553e-01 1.716553e-01
8.520000e+01 0.000000e+00 1.714973e-01 1.714973e-01
8.530000e+01 0.000000e+00 1.713396e-01 1.713396e-01
8.540000e+01 0.000000e+00 1.711822e-01 1.711822e-01
8.550000e+01 0.000000e+00 1.710250e-01 1.710250e-01
8.560000e+01 0.000000e+00 1.708681e-01 1.708681e-01
8.570000e+01 0.000000e+00 1.707114e-01 1.707114e-01
8.580000e+01 0.000000e+00 1.705549e-01 1.705549e-01
8.590000e+01 0.000000e+00 1.703987e-01 1.703987e-01
8.600000e+01 0.000000e+00 1.702427e-01 1.702427e-01
8.610000e+01 0.000000e+00 1.700869e-01 1.700869e-01
8.620000e+01 0.000000e+00 1.699314e-01 1.699314e-01
8.630000e+01 0.000000e+00 1.697761e-01 1.697761e-01
8.640000e+01 0.000000e+00 1.696210e-01 1.696210e-01
8.650000e+01 0.000000e+00 1.694662e-01 1.694662e-01
8.660000e+01 0.000000e+00 1.693116e-01 1.693116e-01
8.670000e+01 0.000000e+00 1.691572e-01 1.691572e-01
8.680000e+01 0.000000e+00 1.690031e-01 1.690031e-01
8.690000e+01 0.000000e+00 1.688492e-01 1.688492e-01
8.700000e+01 0.000000e+00 1.686955e-01 1.686955e-01
8.710000e+01 0.000000e+00 1.685421e-01 1.685421e-01
8.720000e+01 0.000000e+00 1.683889e-01 1.683889e-01
8.730000e+01 0.000000e+00 1.682360e-01 1.682360e-01
8.740000e+01 0.000000e+00 1.680832e-01 1.680832e-01
8.750000e+01 0.000000e+00 1.679307e-01 1.679307e-01
8.760000e+01 0.000000e+00 1.677785e-01 1.677785e-01
8.770000e+01 0.000000e+00 1.676264e-01 1.676264e-01
8.780000e+01 0.000000e+00 1.674746e-01 1.674746e-01
8.790000e+01 0.000000e+00 1.673230e-01 1.673230e-01
8.800000e+01 0.000000e+00 1.671717e-01 1.671717e-01
8.810000e+01 0.000000e+00 1.670206e-01 1.670206e-01
8.820000e+01 0.000000e+00 1.668697e-01 1.668697e-01
8.830000e+01 0.000000e+00 1.667190e-01 1.667190e-01
8.840000e+01 0.000000e+00 1.665685e-01 1.665685e-01
8.850000e+01 0.000000e+00 1.664183e-01 1.664183e-01
8.860000e+01 0.000000e+00 1.662683e-01 1.662683e-01
8.870000e+01 0.000000e+00 1.661185e-01 1.661185e-01
8.880000e+01 0.000000e+00 1.659690e-01 1.659690e-01
8.890000e+01 0.000000e+00 1.658196e-01 1.658196e-01
8.900000e+01 0.000000e+00 1.656705e-01 1.656705e-01
8.910000e+01 0.000000e+00 1.655216e-01 1.655216e-01
8.920000e+01 0.000000e+00 1.653730e-01 1.653730e-01
8.930000e+01 0.000000e+00 1.652245e-01 1.652245e-01
8.940000e+01 0.000000e+00 1.650763e-01 1.650763e-01
8.950000e+01 0.000000e+00 1.649283e-01 1.649283e-01
8.960000e+01 0.000000e+00 1.647805e-01 1.647805e-01
8.970000e+01 0.000000e+00 1.646329e-01 1.646329e-01
8.980000e+01 0.000000e+00 1.644856e-01 1.644856e-01
8.990000e+01 0.000000e+00 1.643384e-01 1.643384e-01
9.000000e+01 0.000000e+00 1.641915e-01 1.641915e-01
9.010000e+01 0.000000e+00 1.640448e-01 1.640448e-01
9.020000e+01 0.000000e+00 1.638984e-01 1.638984e-01
9.030000e+01 0.000000e+00 1.637521e-01 1.637521e-01
9.040000e+01 0.000000e+00 1.636060e-01 1.636060e-01
9.050000e+01 0.000000e+00 1.634602e-01 1.634602e-01
9.060000e+01 0.000000e+00 1.633146e-01 1.633146e-01
9.070000e+01 0.000000e+00 1.631692e-01 1.631692e-01
9.080000e+01 0.000000e+00 1.630240e-01 1.630240e-01
9.090000e+01 0.000000e+00 1.628790e-01 1.628790e-01
9.100000e+01 0.000000e+00 1.627343e-01 1.627343e-01
9.110000e+01 0.000000e+00 1.625897e-01 1.625897e-01
9.120000e+01 0.000000e+00 1.624454e-01 1.624454e-01
9.130000e+01 0.000000e+00 1.623012e-01 1.623012e-01
9.140000e+01 0.000000e+00 1.621573e-01 1.621573e-01
9.150000e+01 0.000000e+00 1.620136e-01 1.620136e-01
9.160000e+01 0.000000e+00 1.618701e-01 1.618701e-01
9.170000e+01 0.000000e+00 1.617268e-01 1.617268e-01
9.180000e+01 0.000000e+00 1.615837e-01 1.615837e-01
9.190000e+01 0.000000e+00 1.614408e-01 1.614408e-01
9.200000e+01 0.000000e+00 1.612981e-01 1.612981e-01
9.210000e+01 0.000000e+00 1.611556e-01 1.611556e-01
9.220000e+01 0.000000e+00 1.610134e-01 1.610134e-01
9.230000e+01 0.000000e+00 1.608713e-01 1.608713e-01
9.240000e+01 0.000000e+00 1.607294e-01 1.607294e-01
9.250000e+01 0.000000e+00 1.605878e-01 1.605878e-01
9.260000e+01 0.000000e+00 1.604463e-01 1.604463e-01
9.270000e+01 0.000000e+00 1.603051e-01 1.603051e-01
9.280000e+01 0.000000e+00 1.601640e-01 1.601640e-01
9.290000e+01 0.000000e+00 1.600232e-01 1.600232e-01
9.300000e+01 0.000000e+00 1.598825e-01 1.598825e-01
9.310000e+01 0.000000e+00 1.597421e-01 1.597421e-01
9.320000e+01 0.000000e+00 1.596018e-01 1.596018e-01
9.330000e+01 0.000000e+00 1.594618e-01 1.594618e-01
9.340000e+01 0.000000e+00 1.593219e-01 1.593219e-01
9.350000e+01 0.000000e+00 1.591823e-01 1.591823e-01
9.360000e+01 0.000000e+00 1.590428e-01 1.590428e-01
9.370000e+01 0.000000e+00 1.589036e-01 1.589036e-01
9.380000e+01 0.000000e+00 1.587645e-01 1.587645e-01
9.390000e+01 0.000000e+00 1.586257e-01 1.586257e-01
9.400000e+01 0.000000e+00 1.584870e-01 1.584870e-01
9.410000e+01 0.000000e+00 1.583486e-01 1.583486e-01
9.420000e+01 0.000000e+00 1.582103e-01 1.582103e-01
9.430000e+01 0.000000e+00 1.580722e-01 1.580722e-01
9.440000e+01 0.000000e+00 1.579343e-01 1.579343e-01
9.450000e+01 0.000000e+00 1.577967e-01 1.577967e-01
9.460000e+01 0.000000e+00 1.576592e-01 1.576592e-01
9.470000e+01 0.000000e+00 1.575219e-01 1.575219e-01
9.480000e+01 0.000000e+00 1.573848e-01 1.573848e-01
9.490000e+01 0.000000e+00 1.572480e-01 1.572480e-01
9.500000e+01 0.000000e+00 1.571113e-01 1.571113e-01
9.510000e+01 0.000000e+00 1.569748e-01 1.569748e-01
9.520000e+01 0.000000e+00 1.568385e-01 1.568385e-01
9.530000e+01 0.000000e+00 1.567023e-01 1.567023e-01
9.540000e+01 0.000000e+00 1.565664e-01 1.565664e-01
9.550000e+01 0.000000e+00 1.564307e-01 1.564307e-01
9.560000e+01 0.000000e+00 1.562951e-01 1.562951e-01
9.570000e+01 0.000000e+00 1.561597e-01 1.561597e-01
9.580000e+01 0.000000e+00 1.560245e-01 1.560245e-01
9.590000e+01 0.000000e+00 1.558895e-01 1.558895e-01
9.600000e+01 0.000000e+00 1.557547e-01 1.557547e-01
9.610000e+01 0.000000e+00 1.556201e-01 1.556201e-01
9.620000e+01 0.000000e+00 1.554857e-01 1.554857e-01
9.630000e+01 0.000000e+00 1.553515e-01 1.553515e-01
9.640000e+01 0.000000e+00 1.552174e-01 1.552174e-01
9.650000e+01 0.000000e+00 1.550836e-01 1.550836e-01
9.660000e+01 0.000000e+00 1.549499e-01 1.549499e-01
9.670000e+01 0.000000e+00 1.548164e-01 1.548164e-01
9.680000e+01 0.000000e+00 1.546831e-01 1.546831e-01
9.690000e+01 0.000000e+00 1.545500e-01 1.545500e-01
9.700000e+01 0.000000e+00 1.544171e-01 1.544171e-01
9.710000e+01 0.000000e+00 1.542844e-01 1.542844e-01
9.720000e+01 0.000000e+00 1.541518e-01 1.541518e-01
9.730000e+01 0.000000e+00 1.540195e-01 1.540195e-01
9.740000e+01 0.000000e+00 1.538873e-01 1.538873e-01
9.750000e+01 0.000000e+00 1.537553e-01 1.537553e-01
9.760000e+01 0.000000e+00 1.536234e-01 1.536234e-01
9.770000e+01 0.000000e+00 1.534918e-01 1.534918e-01
9.780000e+01 0.000000e+00 1.533604e-01 1.533604e-01
9.790000e+01 0.000000e+00 1.532291e-01 1.532291e-01
9.800000e+01 0.000000e+00 1.530980e-01 1.530980e-01
9.810000e+01 0.000000e+00 1.529671e-01 1.529671e-01
9.820000e+01 0.000000e+00 1.528363e-01 1.528363e-01
9.830000e+01 0.000000e+00 1.527058e-01 1.527058e-01
9.840000e+01 0.000000e+00 1.525754e-01 1.525754e-01
9.850000e+01 0.000000e+00 1.524452e-01 1.524452e-01
9.860000e+01 0.000000e+00 1.523152e-01 1.523152e-01
9.870000e+01 0.000000e+00 1.521854e-01 1.521854e-01
9.880000e+01 0.000000e+00 1.520557e-01 1.520557e-01
9.890000e+01 0.000000e+00 1.519262e-01 1.519262e-01
9.900000e+01 0.000000e+00 1.517969e-01 1.517969e-01
9.910000e+01 0.000000e+00 1.516678e-01 1.516678e-01
9.920000e+01 0.000000e+00 1.515388e-01 1.515388e-01
9.930000e+01 0.000000e+00 1.514101e-01 1.514101e-01
9.940000e+01 0.000000e+00 1.512815e-01 1.512815e-01
9.950000e+01 0.000000e+00 1.511530e-01 1.511530e-01
9.960000e+01 0.000000e+00 1.510248e-01 1.510248e-01
9.970000e+01 0.000000e+00 1.508967e-01 1.508967e-01
9.980000e+01 0.000000e+00 1.507688e-01 1.507688e-01
9.990000e+01 0.000000e+00 1.506411e-01 1.506411e-01
1.000000e+02 0.000000e+00 1.505135e-01 1.505135e-01
