# # chi(t) for Pe = 800, beta = 0.5, bridge_width = 1.0
# # Columns: time, chi, I_T (signed), I_|T| (unsigned)
0.000000e+00 0.000000e+00 3.835511e-01 3.835511e-01
1.000000e-01 2.270000e-05 3.988440e-01 3.988531e-01
2.000000e-01 0.000000e+00 3.997854e-01 3.997854e-01
3.000000e-01 0.000000e+00 4.002347e-01 4.002347e-01
4.000000e-01 0.000000e+00 4.005738e-01 4.005738e-01
5.000000e-01 0.000000e+00 4.005809e-01 4.005809e-01
6.000000e-01 2.000000e-07 4.005089e-01 4.005090e-01
7.000000e-01 3.100000e-06 3.997868e-01 3.997880e-01
8.000000e-01 1.110000e-05 3.999824e-01 3.999869e-01
9.000000e-01 1.810000e-05 4.002964e-01 4.003036e-01
1.000000e+00 1.540000e-05 4.003261e-01 4.003323e-01
1.100000e+00 6.000000e-06 4.003523e-01 4.003547e-01
1.200000e+00 0.000000e+00 4.003721e-01 4.003721e-01
1.300000e+00 0.000000e+00 4.003826e-01 4.003826e-01
1.400000e+00 0.000000e+00 4.003818e-01 4.003818e-01
1.500000e+00 0.000000e+00 4.003681e-01 4.003681e-01
1.600000e+00 0.000000e+00 4.003405e-01 4.003405e-01
1.700000e+00 0.000000e+00 4.002986e-01 4.002986e-01
1.800000e+00 0.000000e+00 4.002423e-01 4.002423e-01
1.900000e+00 0.000000e+00 4.001716e-01 4.001716e-01
2.000000e+00 0.000000e+00 4.000869e-01 4.000869e-01
2.100000e+00 0.000000e+00 3.999886e-01 3.999886e-01
2.200000e+00 0.000000e+00 3.998774e-01 3.998774e-01
2.300000e+00 0.000000e+00 3.997538e-01 3.997538e-01
2.400000e+00 0.000000e+00 3.996185e-01 3.996185e-01
2.500000e+00 0.000000e+00 3.994721e-01 3.994721e-01
2.600000e+00 0.000000e+00 3.993152e-01 3.993152e-01
2.700000e+00 0.000000e+00 3.991487e-01 3.991487e-01
2.800000e+00 0.000000e+00 3.989730e-01 3.989730e-01
2.900000e+00 0.000000e+00 3.987888e-01 3.987888e-01
3.000000e+00 0.000000e+00 3.985967e-01 3.985967e-01
3.100000e+00 0.000000e+00 3.983973e-01 3.983973e-01
3.200000e+00 0.000000e+00 3.981911e-01 3.981911e-01
3.300000e+00 0.000000e+00 3.979785e-01 3.979785e-01
3.400000e+00 0.000000e+00 3.977602e-01 3.977602e-01
3.500000e+00 0.000000e+00 3.975365e-01 3.975365e-01
3.600000e+00 0.000000e+00 3.973079e-01 3.973079e-01
3.700000e+00 0.000000e+00 3.970747e-01 3.970747e-01
3.800000e+00 0.000000e+00 3.968374e-01 3.968374e-01
3.900000e+00 0.000000e+00 3.965962e-01 3.965962e-01
4.000000e+00 0.000000e+00 3.963516e-01 3.963516e-01
4.100000e+00 0.000000e+00 3.961039e-01 3.961039e-01
4.200000e+00 0.000000e+00 3.958532e-01 3.958532e-01
4.300000e+00 0.000000e+00 3.956000e-01 3.956000e-01
4.400000e+00 0.000000e+00 3.953443e-01 3.953443e-01
4.500000e+00 0.000000e+00 3.950866e-01 3.950866e-01
4.600000e+00 0.000000e+00 3.948270e-01 3.948270e-01
4.700000e+00 0.000000e+00 3.945656e-01 3.945656e-01
4.800000e+00 0.000000e+00 3.943027e-01 3.943027e-01
4.900000e+00 0.000000e+00 3.940385e-01 3.940385e-01
5.000000e+00 0.000000e+00 3.937731e-01 3.937731e-01
5.100000e+00 0.000000e+00 3.935067e-01 3.935067e-01
5.200000e+00 0.000000e+00 3.932394e-01 3.932394e-01
5.300000e+00 0.000000e+00 3.929714e-01 3.929714e-01
5.400000e+00 0.000000e+00 3.927027e-01 3.927027e-01
5.500000e+00 0.000000e+00 3.924335e-01 3.924335e-01
5.600000e+00 0.000000e+00 3.921639e-01 3.921639e-01
5.700000e+00 0.000000e+00 3.918940e-01 3.918940e-01
5.800000e+00 0.000000e+00 3.916239e-01 3.916239e-01
5.900000e+00 0.000000e+00 3.913536e-01 3.913536e-01
6.000000e+00 0.000000e+00 3.910833e-01 3.910833e-01
6.100000e+00 0.000000e+00 3.908130e-01 3.908130e-01
6.200000e+00 0.000000e+00 3.905427e-01 3.905427e-01
6.300000e+00 0.000000e+00 3.902727e-01 3.902727e-01
6.400000e+00 0.000000e+00 3.900028e-01 3.900028e-01
6.500000e+00 0.000000e+00 3.897331e-01 3.897331e-01
6.600000e+00 0.000000e+00 3.894638e-01 3.894638e-01
6.700000e+00 0.000000e+00 3.891948e-01 3.891948e-01
6.800000e+00 0.000000e+00 3.889262e-01 3.889262e-01
6.900000e+00 0.000000e+00 3.886580e-01 3.886580e-01
7.000000e+00 0.000000e+00 3.883903e-01 3.883903e-01
7.100000e+00 0.000000e+00 3.881231e-01 3.881231e-01
7.200000e+00 0.000000e+00 3.878564e-01 3.878564e-01
7.300000e+00 0.000000e+00 3.875902e-01 3.875902e-01
7.400000e+00 0.000000e+00 3.873247e-01 3.873247e-01
7.500000e+00 0.000000e+00 3.870597e-01 3.870597e-01
7.600000e+00 0.000000e+00 3.867953e-01 3.867953e-01
7.700000e+00 0.000000e+00 3.865316e-01 3.865316e-01
7.800000e+00 0.000000e+00 3.862686e-01 3.862686e-01
7.900000e+00 0.000000e+00 3.860062e-01 3.860062e-01
8.000000e+00 0.000000e+00 3.857445e-01 3.857445e-01
8.100000e+00 0.000000e+00 3.854834e-01 3.854834e-01
8.200000e+00 0.000000e+00 3.852231e-01 3.852231e-01
8.300000e+00 0.000000e+00 3.849636e-01 3.849636e-01
8.400000e+00 0.000000e+00 3.847047e-01 3.847047e-01
8.500000e+00 0.000000e+00 3.844466e-01 3.844466e-01
8.600000e+00 0.000000e+00 3.841892e-01 3.841892e-01
8.700000e+00 0.000000e+00 3.839326e-01 3.839326e-01
8.800000e+00 0.000000e+00 3.836767e-01 3.836767e-01
8.900000e+00 0.000000e+00 3.834216e-01 3.834216e-01
9.000000e+00 0.000000e+00 3.831672e-01 3.831672e-01
9.100000e+00 0.000000e+00 3.829137e-01 3.829137e-01
9.200000e+00 0.000000e+00 3.826608e-01 3.826608e-01
9.300000e+00 0.000000e+00 3.824088e-01 3.824088e-01
9.400000e+00 0.000000e+00 3.821575e-01 3.821575e-01
9.500000e+00 0.000000e+00 3.819070e-01 3.819070e-01
9.600000e+00 0.000000e+00 3.816573e-01 3.816573e-01
9.700000e+00 0.000000e+00 3.814083e-01 3.814083e-01
9.800000e+00 0.000000e+00 3.811601e-01 3.811601e-01
9.900000e+00 0.000000e+00 3.809127e-01 3.809127e-01
1.000000e+01 0.000000e+00 3.806661e-01 3.806661e-01
1.010000e+01 0.000000e+00 3.804202e-01 3.804202e-01
1.020000e+01 0.000000e+00 3.801751e-01 3.801751e-01
1.030000e+01 0.000000e+00 3.799308e-01 3.799308e-01
1.040000e+01 0.000000e+00 3.796872e-01 3.796872e-01
1.050000e+01 0.000000e+00 3.794444e-01 3.794444e-01
1.060000e+01 0.000000e+00 3.792023e-01 3.792023e-01
1.070000e+01 0.000000e+00 3.789610e-01 3.789610e-01
1.080000e+01 0.000000e+00 3.787205e-01 3.787205e-01
1.090000e+01 0.000000e+00 3.784807e-01 3.784807e-01
1.100000e+01 0.000000e+00 3.782416e-01 3.782416e-01
1.110000e+01 0.000000e+00 3.780033e-01 3.780033e-01
1.120000e+01 0.000000e+00 3.777657e-01 3.777657e-01
1.130000e+01 0.000000e+00 3.775289e-01 3.775289e-01
1.140000e+01 0.000000e+00 3.772928e-01 3.772928e-01
1.150000e+01 0.000000e+00 3.770574e-01 3.770574e-01
1.160000e+01 0.000000e+00 3.768227e-01 3.768227e-01
1.170000e+01 0.000000e+00 3.765888e-01 3.765888e-01
1.180000e+01 0.000000e+00 3.763556e-01 3.763556e-01
1.190000e+01 0.000000e+00 3.761230e-01 3.761230e-01
1.200000e+01 0.000000e+00 3.758912e-01 3.758912e-01
1.210000e+01 0.000000e+00 3.756601e-01 3.756601e-01
1.220000e+01 0.000000e+00 3.754297e-01 3.754297e-01
1.230000e+01 0.000000e+00 3.752000e-01 3.752000e-01
1.240000e+01 0.000000e+00 3.749709e-01 3.749709e-01
1.250000e+01 0.000000e+00 3.747426e-01 3.747426e-01
1.260000e+01 0.000000e+00 3.745149e-01 3.745149e-01
1.270000e+01 0.000000e+00 3.742879e-01 3.742879e-01
1.280000e+01 0.000000e+00 3.740616e-01 3.740616e-01
1.290000e+01 0.000000e+00 3.738359e-01 3.738359e-01
1.300000e+01 0.000000e+00 3.736109e-01 3.736109e-01
1.310000e+01 0.000000e+00 3.733866e-01 3.733866e-01
1.320000e+01 0.000000e+00 3.731629e-01 3.731629e-01
1.330000e+01 0.000000e+00 3.729398e-01 3.729398e-01
1.340000e+01 0.000000e+00 3.727174e-01 3.727174e-01
1.350000e+01 0.000000e+00 3.724956e-01 3.724956e-01
1.360000e+01 0.000000e+00 3.722744e-01 3.722744e-01
1.370000e+01 0.000000e+00 3.720539e-01 3.720539e-01
1.380000e+01 0.000000e+00 3.718340e-01 3.718340e-01
1.390000e+01 0.000000e+00 3.716146e-01 3.716146e-01
1.400000e+01 0.000000e+00 3.713959e-01 3.713959e-01
1.410000e+01 0.000000e+00 3.711778e-01 3.711778e-01
1.420000e+01 0.000000e+00 3.709603e-01 3.709603e-01
1.430000e+01 0.000000e+00 3.707433e-01 3.707433e-01
1.440000e+01 0.000000e+00 3.705270e-01 3.705270e-01
1.450000e+01 0.000000e+00 3.703112e-01 3.703112e-01
1.460000e+01 0.000000e+00 3.700959e-01 3.700959e-01
1.470000e+01 0.000000e+00 3.698812e-01 3.698812e-01
1.480000e+01 0.000000e+00 3.696671e-01 3.696671e-01
1.490000e+01 0.000000e+00 3.694535e-01 3.694535e-01
1.500000e+01 0.000000e+00 3.692404e-01 3.692404e-01
1.510000e+01 0.000000e+00 3.690278e-01 3.690278e-01
1.520000e+01 0.000000e+00 3.688158e-01 3.688158e-01
1.530000e+01 0.000000e+00 3.686043e-01 3.686043e-01
1.540000e+01 0.000000e+00 3.683932e-01 3.683932e-01
1.550000e+01 0.000000e+00 3.681826e-01 3.681826e-01
1.560000e+01 0.000000e+00 3.679725e-01 3.679725e-01
1.570000e+01 0.000000e+00 3.677629e-01 3.677629e-01
1.580000e+01 0.000000e+00 3.675537e-01 3.675537e-01
1.590000e+01 0.000000e+00 3.673450e-01 3.673450e-01
1.600000e+01 0.000000e+00 3.671367e-01 3.671367e-01
1.610000e+01 0.000000e+00 3.669288e-01 3.669288e-01
1.620000e+01 0.000000e+00 3.667213e-01 3.667213e-01
1.630000e+01 0.000000e+00 3.665142e-01 3.665142e-01
1.640000e+01 0.000000e+00 3.663074e-01 3.663074e-01
1.650000e+01 0.000000e+00 3.661011e-01 3.661011e-01
1.660000e+01 0.000000e+00 3.658950e-01 3.658950e-01
1.670000e+01 0.000000e+00 3.656893e-01 3.656893e-01
1.680000e+01 0.000000e+00 3.654840e-01 3.654840e-01
1.690000e+01 0.000000e+00 3.652789e-01 3.652789e-01
1.700000e+01 0.000000e+00 3.650741e-01 3.650741e-01
1.710000e+01 0.000000e+00 3.648696e-01 3.648696e-01
1.720000e+01 0.000000e+00 3.646653e-01 3.646653e-01
1.730000e+01 0.000000e+00 3.644613e-01 3.644613e-01
1.740000e+01 0.000000e+00 3.642575e-01 3.642575e-01
1.750000e+01 0.000000e+00 3.640538e-01 3.640538e-01
1.760000e+01 0.000000e+00 3.638504e-01 3.638504e-01
1.770000e+01 0.000000e+00 3.636471e-01 3.636471e-01
1.780000e+01 0.000000e+00 3.634439e-01 3.634439e-01
1.790000e+01 0.000000e+00 3.632408e-01 3.632408e-01
1.800000e+01 0.000000e+00 3.630379e-01 3.630379e-01
1.810000e+01 0.000000e+00 3.628350e-01 3.628350e-01
1.820000e+01 0.000000e+00 3.626321e-01 3.626321e-01
1.830000e+01 0.000000e+00 3.624292e-01 3.624292e-01
1.840000e+01 0.000000e+00 3.622264e-01 3.622264e-01
1.850000e+01 0.000000e+00 3.620235e-01 3.620235e-01
1.860000e+01 0.000000e+00 3.618205e-01 3.618205e-01
1.870000e+01 0.000000e+00 3.616174e-01 3.616174e-01
1.880000e+01 0.000000e+00 3.614143e-01 3.614143e-01
1.890000e+01 0.000000e+00 3.612109e-01 3.612109e-01
1.900000e+01 0.000000e+00 3.610074e-01 3.610074e-01
1.910000e+01 0.000000e+00 3.608037e-01 3.608037e-01
1.920000e+01 0.000000e+00 3.605998e-01 3.605998e-01
1.930000e+01 0.000000e+00 3.603956e-01 3.603956e-01
1.940000e+01 0.000000e+00 3.601910e-01 3.601910e-01
1.950000e+01 0.000000e+00 3.599862e-01 3.599862e-01
1.960000e+01 0.000000e+00 3.597809e-01 3.597809e-01
1.970000e+01 0.000000e+00 3.595753e-01 3.595753e-01
1.980000e+01 0.000000e+00 3.593692e-01 3.593692e-01
1.990000e+01 0.000000e+00 3.591627e-01 3.591627e-01
2.000000e+01 0.000000e+00 3.589556e-01 3.589556e-01
2.010000e+01 0.000000e+00 3.587480e-01 3.587480e-01
2.020000e+01 0.000000e+00 3.585398e-01 3.585398e-01
2.030000e+01 0.000000e+00 3.583310e-01 3.583310e-01
2.040000e+01 0.000000e+00 3.581215e-01 3.581215e-01
2.050000e+01 0.000000e+00 3.579113e-01 3.579113e-01
2.060000e+01 0.000000e+00 3.577004e-01 3.577004e-01
2.070000e+01 0.000000e+00 3.574887e-01 3.574887e-01
2.080000e+01 0.000000e+00 3.572761e-01 3.572761e-01
2.090000e+01 0.000000e+00 3.570627e-01 3.570627e-01
2.100000e+01 0.000000e+00 3.568484e-01 3.568484e-01
2.110000e+01 0.000000e+00 3.566331e-01 3.566331e-01
2.120000e+01 0.000000e+00 3.564169e-01 3.564169e-01
2.130000e+01 0.000000e+00 3.561996e-01 3.561996e-01
2.140000e+01 0.000000e+00 3.559812e-01 3.559812e-01
2.150000e+01 0.000000e+00 3.557618e-01 3.557618e-01
2.160000e+01 0.000000e+00 3.555411e-01 3.555411e-01
2.170000e+01 0.000000e+00 3.553193e-01 3.553193e-01
2.180000e+01 0.000000e+00 3.550962e-01 3.550962e-01
2.190000e+01 0.000000e+00 3.548719e-01 3.548719e-01
2.200000e+01 0.000000e+00 3.546462e-01 3.546462e-01
2.210000e+01 0.000000e+00 3.544192e-01 3.544192e-01
2.220000e+01 0.000000e+00 3.541907e-01 3.541907e-01
2.230000e+01 0.000000e+00 3.539608e-01 3.539608e-01
2.240000e+01 0.000000e+00 3.537294e-01 3.537294e-01
2.250000e+01 0.000000e+00 3.534964e-01 3.534964e-01
2.260000e+01 0.000000e+00 3.532619e-01 3.532619e-01
2.270000e+01 0.000000e+00 3.530258e-01 3.530258e-01
2.280000e+01 0.000000e+00 3.527880e-01 3.527880e-01
2.290000e+01 0.000000e+00 3.525486e-01 3.525486e-01
2.300000e+01 0.000000e+00 3.523074e-01 3.523074e-01
2.310000e+01 0.000000e+00 3.520645e-01 3.520645e-01
2.320000e+01 0.000000e+00 3.518197e-01 3.518197e-01
2.330000e+01 0.000000e+00 3.515732e-01 3.515732e-01
2.340000e+01 0.000000e+00 3.513247e-01 3.513247e-01
2.350000e+01 0.000000e+00 3.510744e-01 3.510744e-01
2.360000e+01 0.000000e+00 3.508221e-01 3.508221e-01
2.370000e+01 0.000000e+00 3.505679e-01 3.505679e-01
2.380000e+01 0.000000e+00 3.503117e-01 3.503117e-01
2.390000e+01 0.000000e+00 3.500535e-01 3.500535e-01
2.400000e+01 0.000000e+00 3.497933e-01 3.497933e-01
2.410000e+01 0.000000e+00 3.495310e-01 3.495310e-01
2.420000e+01 0.000000e+00 3.492666e-01 3.492666e-01
2.430000e+01 0.000000e+00 3.490001e-01 3.490001e-01
2.440000e+01 0.000000e+00 3.487315e-01 3.487315e-01
2.450000e+01 0.000000e+00 3.484607e-01 3.484607e-01
2.460000e+01 0.000000e+00 3.481878e-01 3.481878e-01
2.470000e+01 0.000000e+00 3.479127e-01 3.479127e-01
2.480000e+01 0.000000e+00 3.476354e-01 3.476354e-01
2.490000e+01 0.000000e+00 3.473559e-01 3.473559e-01
2.500000e+01 0.000000e+00 3.470742e-01 3.470742e-01
2.510000e+01 0.000000e+00 3.467903e-01 3.467903e-01
2.520000e+01 0.000000e+00 3.465041e-01 3.465041e-01
2.530000e+01 0.000000e+00 3.462157e-01 3.462157e-01
2.540000e+01 0.000000e+00 3.459251e-01 3.459251e-01
2.550000e+01 0.000000e+00 3.456322e-01 3.456322e-01
2.560000e+01 0.000000e+00 3.453372e-01 3.453372e-01
2.570000e+01 0.000000e+00 3.450398e-01 3.450398e-01
2.580000e+01 0.000000e+00 3.447403e-01 3.447403e-01
2.590000e+01 0.000000e+00 3.444385e-01 3.444385e-01
2.600000e+01 0.000000e+00 3.441345e-01 3.441345e-01
2.610000e+01 0.000000e+00 3.438283e-01 3.438283e-01
2.620000e+01 0.000000e+00 3.435199e-01 3.435199e-01
2.630000e+01 0.000000e+00 3.432093e-01 3.432093e-01
2.640000e+01 0.000000e+00 3.428965e-01 3.428965e-01
2.650000e+01 0.000000e+00 3.425816e-01 3.425816e-01
2.660000e+01 0.000000e+00 3.422645e-01 3.422645e-01
2.670000e+01 0.000000e+00 3.419453e-01 3.419453e-01
2.680000e+01 0.000000e+00 3.416240e-01 3.416240e-01
2.690000e+01 0.000000e+00 3.413006e-01 3.413006e-01
2.700000e+01 0.000000e+00 3.409751e-01 3.409751e-01
2.710000e+01 0.000000e+00 3.406476e-01 3.406476e-01
2.720000e+01 0.000000e+00 3.403180e-01 3.403180e-01
2.730000e+01 0.000000e+00 3.399865e-01 3.399865e-01
2.740000e+01 0.000000e+00 3.396530e-01 3.396530e-01
2.750000e+01 0.000000e+00 3.393175e-01 3.393175e-01
2.760000e+01 0.000000e+00 3.389801e-01 3.389801e-01
2.770000e+01 0.000000e+00 3.386409e-01 3.386409e-01
2.780000e+01 0.000000e+00 3.382998e-01 3.382998e-01
2.790000e+01 0.000000e+00 3.379568e-01 3.379568e-01
2.800000e+01 0.000000e+00 3.376121e-01 3.376121e-01
2.810000e+01 0.000000e+00 3.372656e-01 3.372656e-01
2.820000e+01 0.000000e+00 3.369173e-01 3.369173e-01
2.830000e+01 0.000000e+00 3.365674e-01 3.365674e-01
2.840000e+01 0.000000e+00 3.362157e-01 3.362157e-01
2.850000e+01 0.000000e+00 3.358625e-01 3.358625e-01
2.860000e+01 0.000000e+00 3.355077e-01 3.355077e-01
2.870000e+01 0.000000e+00 3.351512e-01 3.351512e-01
2.880000e+01 0.000000e+00 3.347933e-01 3.347933e-01
2.890000e+01 0.000000e+00 3.344339e-01 3.344339e-01
2.900000e+01 0.000000e+00 3.340730e-01 3.340730e-01
2.910000e+01 0.000000e+00 3.337107e-01 3.337107e-01
2.920000e+01 0.000000e+00 3.333470e-01 3.333470e-01
2.930000e+01 0.000000e+00 3.329819e-01 3.329819e-01
2.940000e+01 0.000000e+00 3.326155e-01 3.326155e-01
2.950000e+01 0.000000e+00 3.322479e-01 3.322479e-01
2.960000e+01 0.000000e+00 3.318790e-01 3.318790e-01
2.970000e+01 0.000000e+00 3.315089e-01 3.315089e-01
2.980000e+01 0.000000e+00 3.311376e-01 3.311376e-01
2.990000e+01 0.000000e+00 3.307652e-01 3.307652e-01
3.000000e+01 0.000000e+00 3.303917e-01 3.303917e-01
3.010000e+01 0.000000e+00 3.300172e-01 3.300172e-01
3.020000e+01 0.000000e+00 3.296416e-01 3.296416e-01
3.030000e+01 0.000000e+00 3.292650e-01 3.292650e-01
3.040000e+01 0.000000e+00 3.288875e-01 3.288875e-01
3.050000e+01 0.000000e+00 3.285090e-01 3.285090e-01
3.060000e+01 0.000000e+00 3.281297e-01 3.281297e-01
3.070000e+01 0.000000e+00 3.277495e-01 3.277495e-01
3.080000e+01 0.000000e+00 3.273685e-01 3.273685e-01
3.090000e+01 0.000000e+00 3.269867e-01 3.269867e-01
3.100000e+01 0.000000e+00 3.266041e-01 3.266041e-01
3.110000e+01 0.000000e+00 3.262208e-01 3.262208e-01
3.120000e+01 0.000000e+00 3.258369e-01 3.258369e-01
3.130000e+01 0.000000e+00 3.254523e-01 3.254523e-01
3.140000e+01 0.000000e+00 3.250670e-01 3.250670e-01
3.150000e+01 0.000000e+00 3.246812e-01 3.246812e-01
3.160000e+01 0.000000e+00 3.242948e-01 3.242948e-01
3.170000e+01 0.000000e+00 3.239079e-01 3.239079e-01
3.180000e+01 0.000000e+00 3.235205e-01 3.235205e-01
3.190000e+01 0.000000e+00 3.231326e-01 3.231326e-01
3.200000e+01 0.000000e+00 3.227442e-01 3.227442e-01
3.210000e+01 0.000000e+00 3.223555e-01 3.223555e-01
3.220000e+01 0.000000e+00 3.219664e-01 3.219664e-01
3.230000e+01 0.000000e+00 3.215769e-01 3.215769e-01
3.240000e+01 0.000000e+00 3.211870e-01 3.211870e-01
3.250000e+01 0.000000e+00 3.207969e-01 3.207969e-01
3.260000e+01 0.000000e+00 3.204065e-01 3.204065e-01
3.270000e+01 0.000000e+00 3.200159e-01 3.200159e-01
3.280000e+01 0.000000e+00 3.196250e-01 3.196250e-01
3.290000e+01 0.000000e+00 3.192339e-01 3.192339e-01
3.300000e+01 0.000000e+00 3.188426e-01 3.188426e-01
3.310000e+01 0.000000e+00 3.184512e-01 3.184512e-01
3.320000e+01 0.000000e+00 3.180597e-01 3.180597e-01
3.330000e+01 0.000000e+00 3.176680e-01 3.176680e-01
3.340000e+01 0.000000e+00 3.172763e-01 3.172763e-01
3.350000e+01 0.000000e+00 3.168845e-01 3.168845e-01
3.360000e+01 0.000000e+00 3.164926e-01 3.164926e-01
3.370000e+01 0.000000e+00 3.161007e-01 3.161007e-01
3.380000e+01 0.000000e+00 3.157089e-01 3.157089e-01
3.390000e+01 0.000000e+00 3.153170e-01 3.153170e-01
3.400000e+01 0.000000e+00 3.149252e-01 3.149252e-01
3.410000e+01 0.000000e+00 3.145335e-01 3.145335e-01
3.420000e+01 0.000000e+00 3.141418e-01 3.141418e-01
3.430000e+01 0.000000e+00 3.137502e-01 3.137502e-01
3.440000e+01 0.000000e+00 3.133588e-01 3.133588e-01
3.450000e+01 0.000000e+00 3.129675e-01 3.129675e-01
3.460000e+01 0.000000e+00 3.125763e-01 3.125763e-01
3.470000e+01 0.000000e+00 3.121853e-01 3.121853e-01
3.480000e+01 0.000000e+00 3.117945e-01 3.117945e-01
3.490000e+01 0.000000e+00 3.114038e-01 3.114038e-01
3.500000e+01 0.000000e+00 3.110134e-01 3.110134e-01
3.510000e+01 0.000000e+00 3.106233e-01 3.106233e-01
3.520000e+01 0.000000e+00 3.102333e-01 3.102333e-01
3.530000e+01 0.000000e+00 3.098437e-01 3.098437e-01
3.540000e+01 0.000000e+00 3.094543e-01 3.094543e-01
3.550000e+01 0.000000e+00 3.090651e-01 3.090651e-01
3.560000e+01 0.000000e+00 3.086763e-01 3.086763e-01
3.570000e+01 0.000000e+00 3.082878e-01 3.082878e-01
3.580000e+01 0.000000e+00 3.078996e-01 3.078996e-01
3.590000e+01 0.000000e+00 3.075118e-01 3.075118e-01
3.600000e+01 0.000000e+00 3.071243e-01 3.071243e-01
3.610000e+01 0.000000e+00 3.067372e-01 3.067372e-01
3.620000e+01 0.000000e+00 3.063504e-01 3.063504e-01
3.630000e+01 0.000000e+00 3.059641e-01 3.059641e-01
3.640000e+01 0.000000e+00 3.055781e-01 3.055781e-01
3.650000e+01 0.000000e+00 3.051925e-01 3.051925e-01
3.660000e+01 0.000000e+00 3.048074e-01 3.048074e-01
3.670000e+01 0.000000e+00 3.044227e-01 3.044227e-01
3.680000e+01 0.000000e+00 3.040384e-01 3.040384e-01
3.690000e+01 0.000000e+00 3.036546e-01 3.036546e-01
3.700000e+01 0.000000e+00 3.032712e-01 3.032712e-01
3.710000e+01 0.000000e+00 3.028883e-01 3.028883e-01
3.720000e+01 0.000000e+00 3.025058e-01 3.025058e-01
3.730000e+01 0.000000e+00 3.021239e-01 3.021239e-01
3.740000e+01 0.000000e+00 3.017424e-01 3.017424e-01
3.750000e+01 0.000000e+00 3.013614e-01 3.013614e-01
3.760000e+01 0.000000e+00 3.009809e-01 3.009809e-01
3.770000e+01 0.000000e+00 3.006010e-01 3.006010e-01
3.780000e+01 0.000000e+00 3.002215e-01 3.002215e-01
3.790000e+01 0.000000e+00 2.998426e-01 2.998426e-01
3.800000e+01 0.000000e+00 2.994642e-01 2.994642e-01
3.810000e+01 0.000000e+00 2.990863e-01 2.990863e-01
3.820000e+01 0.000000e+00 2.987090e-01 2.987090e-01
3.830000e+01 0.000000e+00 2.983323e-01 2.983323e-01
3.840000e+01 0.000000e+00 2.979560e-01 2.979560e-01
3.850000e+01 0.000000e+00 2.975804e-01 2.975804e-01
3.860000e+01 0.000000e+00 2.972053e-01 2.972053e-01
3.870000e+01 0.000000e+00 2.968308e-01 2.968308e-01
3.880000e+01 0.000000e+00 2.964569e-01 2.964569e-01
3.890000e+01 0.000000e+00 2.960835e-01 2.960835e-01
3.900000e+01 0.000000e+00 2.957108e-01 2.957108e-01
3.910000e+01 0.000000e+00 2.953386e-01 2.953386e-01
3.920000e+01 0.000000e+00 2.949670e-01 2.949670e-01
3.930000e+01 0.000000e+00 2.945960e-01 2.945960e-01
3.940000e+01 0.000000e+00 2.942257e-01 2.942257e-01
3.950000e+01 0.000000e+00 2.938559e-01 2.938559e-01
3.960000e+01 0.000000e+00 2.934867e-01 2.934867e-01
3.970000e+01 0.000000e+00 2.931182e-01 2.931182e-01
3.980000e+01 0.000000e+00 2.927503e-01 2.927503e-01
3.990000e+01 0.000000e+00 2.923830e-01 2.923830e-01
4.000000e+01 0.000000e+00 2.920163e-01 2.920163e-01
4.010000e+01 0.000000e+00 2.916503e-01 2.916503e-01
4.020000e+01 0.000000e+00 2.912848e-01 2.912848e-01
4.030000e+01 0.000000e+00 2.909201e-01 2.909201e-01
4.040000e+01 0.000000e+00 2.905559e-01 2.905559e-01
4.050000e+01 0.000000e+00 2.901924e-01 2.901924e-01
4.060000e+01 0.000000e+00 2.898296e-01 2.898296e-01
4.070000e+01 0.000000e+00 2.894673e-01 2.894673e-01
4.080000e+01 0.000000e+00 2.891058e-01 2.891058e-01
4.090000e+01 0.000000e+00 2.887449e-01 2.887449e-01
4.100000e+01 0.000000e+00 2.883846e-01 2.883846e-01
4.110000e+01 0.000000e+00 2.880250e-01 2.880250e-01
4.120000e+01 0.000000e+00 2.876660e-01 2.876660e-01
4.130000e+01 0.000000e+00 2.873077e-01 2.873077e-01
4.140000e+01 0.000000e+00 2.869501e-01 2.869501e-01
4.150000e+01 0.000000e+00 2.865931e-01 2.865931e-01
4.160000e+01 0.000000e+00 2.862368e-01 2.862368e-01
4.170000e+01 0.000000e+00 2.858811e-01 2.858811e-01
4.180000e+01 0.000000e+00 2.855261e-01 2.855261e-01
4.190000e+01 0.000000e+00 2.851718e-01 2.851718e-01
4.200000e+01 0.000000e+00 2.848182e-01 2.848182e-01
4.210000e+01 0.000000e+00 2.844652e-01 2.844652e-01
4.220000e+01 0.000000e+00 2.841128e-01 2.841128e-01
4.230000e+01 0.000000e+00 2.837612e-01 2.837612e-01
4.240000e+01 0.000000e+00 2.834102e-01 2.834102e-01
4.250000e+01 0.000000e+00 2.830599e-01 2.830599e-01
4.260000e+01 0.000000e+00 2.827102e-01 2.827102e-01
4.270000e+01 0.000000e+00 2.823613e-01 2.823613e-01
4.280000e+01 0.000000e+00 2.820129e-01 2.820129e-01
4.290000e+01 0.000000e+00 2.816653e-01 2.816653e-01
4.300000e+01 0.000000e+00 2.813184e-01 2.813184e-01
4.310000e+01 0.000000e+00 2.809721e-01 2.809721e-01
4.320000e+01 0.000000e+00 2.806265e-01 2.806265e-01
4.330000e+01 0.000000e+00 2.802815e-01 2.802815e-01
4.340000e+01 0.000000e+00 2.799372e-01 2.799372e-01
4.350000e+01 0.000000e+00 2.795937e-01 2.795937e-01
4.360000e+01 0.000000e+00 2.792507e-01 2.792507e-01
4.370000e+01 0.000000e+00 2.789085e-01 2.789085e-01
4.380000e+01 0.000000e+00 2.785669e-01 2.785669e-01
4.390000e+01 0.000000e+00 2.782260e-01 2.782260e-01
4.400000e+01 0.000000e+00 2.778858e-01 2.778858e-01
4.410000e+01 0.000000e+00 2.775462e-01 2.775462e-01
4.420000e+01 0.000000e+00 2.772074e-01 2.772074e-01
4.430000e+01 0.000000e+00 2.768692e-01 2.768692e-01
4.440000e+01 0.000000e+00 2.765316e-01 2.765316e-01
4.450000e+01 0.000000e+00 2.761948e-01 2.761948e-01
4.460000e+01 0.000000e+00 2.758586e-01 2.758586e-01
4.470000e+01 0.000000e+00 2.755231e-01 2.755231e-01
4.480000e+01 0.000000e+00 2.751882e-01 2.751882e-01
4.490000e+01 0.000000e+00 2.748540e-01 2.748540e-01
4.500000e+01 0.000000e+00 2.745205e-01 2.745205e-01
4.510000e+01 0.000000e+00 2.741877e-01 2.741877e-01
4.520000e+01 0.000000e+00 2.738555e-01 2.738555e-01
4.530000e+01 0.000000e+00 2.735240e-01 2.735240e-01
4.540000e+01 0.000000e+00 2.731932e-01 2.731932e-01
4.550000e+01 0.000000e+00 2.728630e-01 2.728630e-01
4.560000e+01 0.000000e+00 2.725335e-01 2.725335e-01
4.570000e+01 0.000000e+00 2.722046e-01 2.722046e-01
4.580000e+01 0.000000e+00 2.718765e-01 2.718765e-01
4.590000e+01 0.000000e+00 2.715490e-01 2.715490e-01
4.600000e+01 0.000000e+00 2.712221e-01 2.712221e-01
4.610000e+01 0.000000e+00 2.708959e-01 2.708959e-01
4.620000e+01 0.000000e+00 2.705704e-01 2.705704e-01
4.630000e+01 0.000000e+00 2.702455e-01 2.702455e-01
4.640000e+01 0.000000e+00 2.699213e-01 2.699213e-01
4.650000e+01 0.000000e+00 2.695977e-01 2.695977e-01
4.660000e+01 0.000000e+00 2.692748e-01 2.692748e-01
4.670000e+01 0.000000e+00 2.689525e-01 2.689525e-01
4.680000e+01 0.000000e+00 2.686309e-01 2.686309e-01
4.690000e+01 0.000000e+00 2.683100e-01 2.683100e-01
4.700000e+01 0.000000e+00 2.679897e-01 2.679897e-01
4.710000e+01 0.000000e+00 2.676701e-01 2.676701e-01
4.720000e+01 0.000000e+00 2.673511e-01 2.673511e-01
4.730000e+01 0.000000e+00 2.670327e-01 2.670327e-01
4.740000e+01 0.000000e+00 2.667150e-01 2.667150e-01
4.750000e+01 0.000000e+00 2.663980e-01 2.663980e-01
4.760000e+01 0.000000e+00 2.660816e-01 2.660816e-01
4.770000e+01 0.000000e+00 2.657658e-01 2.657658e-01
4.780000e+01 0.000000e+00 2.654507e-01 2.654507e-01
4.790000e+01 0.000000e+00 2.651362e-01 2.651362e-01
4.800000e+01 0.000000e+00 2.648224e-01 2.648224e-01
4.810000e+01 0.000000e+00 2.645092e-01 2.645092e-01
4.820000e+01 0.000000e+00 2.641966e-01 2.641966e-01
4.830000e+01 0.000000e+00 2.638847e-01 2.638847e-01
4.840000e+01 0.000000e+00 2.635734e-01 2.635734e-01
4.850000e+01 0.000000e+00 2.632627e-01 2.632627e-01
4.860000e+01 0.000000e+00 2.629527e-01 2.629527e-01
4.870000e+01 0.000000e+00 2.626433e-01 2.626433e-01
4.880000e+01 0.000000e+00 2.623345e-01 2.623345e-01
4.890000e+01 0.000000e+00 2.620264e-01 2.620264e-01
4.900000e+01 0.000000e+00 2.617189e-01 2.617189e-01
4.910000e+01 0.000000e+00 2.614120e-01 2.614120e-01
4.920000e+01 0.000000e+00 2.611057e-01 2.611057e-01
4.930000e+01 0.000000e+00 2.608001e-01 2.608001e-01
4.940000e+01 0.000000e+00 2.604950e-01 2.604950e-01
4.950000e+01 0.000000e+00 2.601906e-01 2.601906e-01
4.960000e+01 0.000000e+00 2.598868e-01 2.598868e-01
4.970000e+01 0.000000e+00 2.595837e-01 2.595837e-01
4.980000e+01 0.000000e+00 2.592811e-01 2.592811e-01
4.990000e+01 0.000000e+00 2.589792e-01 2.589792e-01
5.000000e+01 0.000000e+00 2.586778e-01 2.586778e-01
5.010000e+01 0.000000e+00 2.583771e-01 2.583771e-01
5.020000e+01 0.000000e+00 2.580770e-01 2.580770e-01
5.030000e+01 0.000000e+00 2.577775e-01 2.577775e-01
5.040000e+01 0.000000e+00 2.574786e-01 2.574786e-01
5.050000e+01 0.000000e+00 2.571803e-01 2.571803e-01
5.060000e+01 0.000000e+00 2.568826e-01 2.568826e-01
5.070000e+01 0.000000e+00 2.565856e-01 2.565856e-01
5.080000e+01 0.000000e+00 2.562891e-01 2.562891e-01
5.090000e+01 0.000000e+00 2.559932e-01 2.559932e-01
5.100000e+01 0.000000e+00 2.556979e-01 2.556979e-01
5.110000e+01 0.000000e+00 2.554032e-01 2.554032e-01
5.120000e+01 0.000000e+00 2.551091e-01 2.551091e-01
5.130000e+01 0.000000e+00 2.548156e-01 2.548156e-01
5.140000e+01 0.000000e+00 2.545227e-01 2.545227e-01
5.150000e+01 0.000000e+00 2.542304e-01 2.542304e-01
5.160000e+01 0.000000e+00 2.539387e-01 2.539387e-01
5.170000e+01 0.000000e+00 2.536475e-01 2.536475e-01
5.180000e+01 0.000000e+00 2.533569e-01 2.533569e-01
5.190000e+01 0.000000e+00 2.530670e-01 2.530670e-01
5.200000e+01 0.000000e+00 2.527776e-01 2.527776e-01
5.210000e+01 0.000000e+00 2.524888e-01 2.524888e-01
5.220000e+01 0.000000e+00 2.522005e-01 2.522005e-01
5.230000e+01 0.000000e+00 2.519129e-01 2.519129e-01
5.240000e+01 0.000000e+00 2.516258e-01 2.516258e-01
5.250000e+01 0.000000e+00 2.513393e-01 2.513393e-01
5.260000e+01 0.000000e+00 2.510534e-01 2.510534e-01
5.270000e+01 0.000000e+00 2.507680e-01 2.507680e-01
5.280000e+01 0.000000e+00 2.504832e-01 2.504832e-01
5.290000e+01 0.000000e+00 2.501990e-01 2.501990e-01
5.300000e+01 0.000000e+00 2.499154e-01 2.499154e-01
5.310000e+01 0.000000e+00 2.496323e-01 2.496323e-01
5.320000e+01 0.000000e+00 2.493498e-01 2.493498e-01
5.330000e+01 0.000000e+00 2.490678e-01 2.490678e-01
5.340000e+01 0.000000e+00 2.487864e-01 2.487864e-01
5.350000e+01 0.000000e+00 2.485056e-01 2.485056e-01
5.360000e+01 0.000000e+00 2.482253e-01 2.482253e-01
5.370000e+01 0.000000e+00 2.479456e-01 2.479456e-01
5.380000e+01 0.000000e+00 2.476664e-01 2.476664e-01
5.390000e+01 0.000000e+00 2.473878e-01 2.473878e-01
5.400000e+01 0.000000e+00 2.471098e-01 2.471098e-01
5.410000e+01 0.000000e+00 2.468323e-01 2.468323e-01
5.420000e+01 0.000000e+00 2.465553e-01 2.465553e-01
5.430000e+01 0.000000e+00 2.462789e-01 2.462789e-01
5.440000e+01 0.000000e+00 2.460030e-01 2.460030e-01
5.450000e+01 0.000000e+00 2.457277e-01 2.457277e-01
5.460000e+01 0.000000e+00 2.454530e-01 2.454530e-01
5.470000e+01 0.000000e+00 2.451788e-01 2.451788e-01
5.480000e+01 0.000000e+00 2.449051e-01 2.449051e-01
5.490000e+01 0.000000e+00 2.446320e-01 2.446320e-01
5.500000e+01 0.000000e+00 2.443594e-01 2.443594e-01
5.510000e+01 0.000000e+00 2.440873e-01 2.440873e-01
5.520000e+01 0.000000e+00 2.438158e-01 2.438158e-01
5.530000e+01 0.000000e+00 2.435447e-01 2.435447e-01
5.540000e+01 0.000000e+00 2.432743e-01 2.432743e-01
5.550000e+01 0.000000e+00 2.430043e-01 2.430043e-01
5.560000e+01 0.000000e+00 2.427349e-01 2.427349e-01
5.570000e+01 0.000000e+00 2.424660e-01 2.424660e-01
5.580000e+01 0.000000e+00 2.421977e-01 2.421977e-01
5.590000e+01 0.000000e+00 2.419298e-01 2.419298e-01
5.600000e+01 0.000000e+00 2.416625e-01 2.416625e-01
5.610000e+01 0.000000e+00 2.413958e-01 2.413958e-01
5.620000e+01 0.000000e+00 2.411295e-01 2.411295e-01
5.630000e+01 0.000000e+00 2.408638e-01 2.408638e-01
5.640000e+01 0.000000e+00 2.405986e-01 2.405986e-01
5.650000e+01 0.000000e+00 2.403339e-01 2.403339e-01
5.660000e+01 0.000000e+00 2.400697e-01 2.400697e-01
5.670000e+01 0.000000e+00 2.398060e-01 2.398060e-01
5.680000e+01 0.000000e+00 2.395428e-01 2.395428e-01
5.690000e+01 0.000000e+00 2.392801e-01 2.392801e-01
5.700000e+01 0.000000e+00 2.390180e-01 2.390180e-01
5.710000e+01 0.000000e+00 2.387563e-01 2.387563e-01
5.720000e+01 0.000000e+00 2.384952e-01 2.384952e-01
5.730000e+01 0.000000e+00 2.382345e-01 2.382345e-01
5.740000e+01 0.000000e+00 2.379744e-01 2.379744e-01
5.750000e+01 0.000000e+00 2.377147e-01 2.377147e-01
5.760000e+01 0.000000e+00 2.374555e-01 2.374555e-01
5.770000e+01 0.000000e+00 2.371969e-01 2.371969e-01
5.780000e+01 0.000000e+00 2.369387e-01 2.369387e-01
5.790000e+01 0.000000e+00 2.366811e-01 2.366811e-01
5.800000e+01 0.000000e+00 2.364240e-01 2.364240e-01
5.810000e+01 0.000000e+00 2.361673e-01 2.361673e-01
5.820000e+01 0.000000e+00 2.359112e-01 2.359112e-01
5.830000e+01 0.000000e+00 2.356556e-01 2.356556e-01
5.840000e+01 0.000000e+00 2.354004e-01 2.354004e-01
5.850000e+01 0.000000e+00 2.351457e-01 2.351457e-01
5.860000e+01 0.000000e+00 2.348915e-01 2.348915e-01
5.870000e+01 0.000000e+00 2.346378e-01 2.346378e-01
5.880000e+01 0.000000e+00 2.343846e-01 2.343846e-01
5.890000e+01 0.000000e+00 2.341318e-01 2.341318e-01
5.900000e+01 0.000000e+00 2.338796e-01 2.338796e-01
5.910000e+01 0.000000e+00 2.336278e-01 2.336278e-01
5.920000e+01 0.000000e+00 2.333765e-01 2.333765e-01
5.930000e+01 0.000000e+00 2.331256e-01 2.331256e-01
5.940000e+01 0.000000e+00 2.328752e-01 2.328752e-01
5.950000e+01 0.000000e+00 2.326253e-01 2.326253e-01
5.960000e+01 0.000000e+00 2.323759e-01 2.323759e-01
5.970000e+01 0.000000e+00 2.321270e-01 2.321270e-01
5.980000e+01 0.000000e+00 2.318785e-01 2.318785e-01
5.990000e+01 0.000000e+00 2.316305e-01 2.316305e-01
6.000000e+01 0.000000e+00 2.313830e-01 2.313830e-01
6.010000e+01 0.000000e+00 2.311360e-01 2.311360e-01
6.020000e+01 0.000000e+00 2.308894e-01 2.308894e-01
6.030000e+01 0.000000e+00 2.306433e-01 2.306433e-01
6.040000e+01 0.000000e+00 2.303976e-01 2.303976e-01
6.050000e+01 0.000000e+00 2.301524e-01 2.301524e-01
6.060000e+01 0.000000e+00 2.299077e-01 2.299077e-01
6.070000e+01 0.000000e+00 2.296634e-01 2.296634e-01
6.080000e+01 0.000000e+00 2.294196e-01 2.294196e-01
6.090000e+01 0.000000e+00 2.291762e-01 2.291762e-01
6.100000e+01 0.000000e+00 2.289333e-01 2.289333e-01
6.110000e+01 0.000000e+00 2.286908e-01 2.286908e-01
6.120000e+01 0.000000e+00 2.284488e-01 2.284488e-01
6.130000e+01 0.000000e+00 2.282073e-01 2.282073e-01
6.140000e+01 0.000000e+00 2.279661e-01 2.279661e-01
6.150000e+01 0.000000e+00 2.277255e-01 2.277255e-01
6.160000e+01 0.000000e+00 2.274853e-01 2.274853e-01
6.170000e+01 0.000000e+00 2.272455e-01 2.272455e-01
6.180000e+01 0.000000e+00 2.270062e-01 2.270062e-01
6.190000e+01 0.000000e+00 2.267674e-01 2.267674e-01
6.200000e+01 0.000000e+00 2.265290e-01 2.265290e-01
6.210000e+01 0.000000e+00 2.262910e-01 2.262910e-01
6.220000e+01 0.000000e+00 2.260535e-01 2.260535e-01
6.230000e+01 0.000000e+00 2.258164e-01 2.258164e-01
6.240000e+01 0.000000e+00 2.255797e-01 2.255797e-01
6.250000e+01 0.000000e+00 2.253435e-01 2.253435e-01
6.260000e+01 0.000000e+00 2.251077e-01 2.251077e-01
6.270000e+01 0.000000e+00 2.248724e-01 2.248724e-01
6.280000e+01 0.000000e+00 2.246375e-01 2.246375e-01
6.290000e+01 0.000000e+00 2.244030e-01 2.244030e-01
6.300000e+01 0.000000e+00 2.241689e-01 2.241689e-01
6.310000e+01 0.000000e+00 2.239353e-01 2.239353e-01
6.320000e+01 0.000000e+00 2.237021e-01 2.237021e-01
6.330000e+01 0.000000e+00 2.234693e-01 2.234693e-01
6.340000e+01 0.000000e+00 2.232370e-01 2.232370e-01
6.350000e+01 0.000000e+00 2.230051e-01 2.230051e-01
6.360000e+01 0.000000e+00 2.227736e-01 2.227736e-01
6.370000e+01 0.000000e+00 2.225425e-01 2.225425e-01
6.380000e+01 0.000000e+00 2.223119e-01 2.223119e-01
6.390000e+01 0.000000e+00 2.220816e-01 2.220816e-01
6.400000e+01 0.000000e+00 2.218518e-01 2.218518e-01
6.410000e+01 0.000000e+00 2.216225e-01 2.216225e-01
6.420000e+01 0.000000e+00 2.213935e-01 2.213935e-01
6.430000e+01 0.000000e+00 2.211650e-01 2.211650e-01
6.440000e+01 0.000000e+00 2.209368e-01 2.209368e-01
6.450000e+01 0.000000e+00 2.207091e-01 2.207091e-01
6.460000e+01 0.000000e+00 2.204818e-01 2.204818e-01
6.470000e+01 0.000000e+00 2.202549e-01 2.202549e-01
6.480000e+01 0.000000e+00 2.200284e-01 2.200284e-01
6.490000e+01 0.000000e+00 2.198024e-01 2.198024e-01
6.500000e+01 0.000000e+00 2.195767e-01 2.195767e-01
6.510000e+01 0.000000e+00 2.193514e-01 2.193514e-01
6.520000e+01 0.000000e+00 2.191266e-01 2.191266e-01
6.530000e+01 0.000000e+00 2.189021e-01 2.189021e-01
6.540000e+01 0.000000e+00 2.186781e-01 2.186781e-01
6.550000e+01 0.000000e+00 2.184545e-01 2.184545e-01
6.560000e+01 0.000000e+00 2.182312e-01 2.182312e-01
6.570000e+01 0.000000e+00 2.180084e-01 2.180084e-01
6.580000e+01 0.000000e+00 2.177860e-01 2.177860e-01
6.590000e+01 0.000000e+00 2.175639e-01 2.175639e-01
6.600000e+01 0.000000e+00 2.173423e-01 2.173423e-01
6.610000e+01 0.000000e+00 2.171211e-01 2.171211e-01
6.620000e+01 0.000000e+00 2.169002e-01 2.169002e-01
6.630000e+01 0.000000e+00 2.166798e-01 2.166798e-01
6.640000e+01 0.000000e+00 2.164597e-01 2.164597e-01
6.650000e+01 0.000000e+00 2.162400e-01 2.162400e-01
6.660000e+01 0.000000e+00 2.160208e-01 2.160208e-01
6.670000e+01 0.000000e+00 2.158019e-01 2.158019e-01
6.680000e+01 0.000000e+00 2.155834e-01 2.155834e-01
6.690000e+01 0.000000e+00 2.153653e-01 2.153653e-01
6.700000e+01 0.000000e+00 2.151476e-01 2.151476e-01
6.710000e+01 0.000000e+00 2.149303e-01 2.149303e-01
6.720000e+01 0.000000e+00 2.147133e-01 2.147133e-01
6.730000e+01 0.000000e+00 2.144968e-01 2.144968e-01
6.740000e+01 0.000000e+00 2.142806e-01 2.142806e-01
6.750000e+01 0.000000e+00 2.140648e-01 2.140648e-01
6.760000e+01 0.000000e+00 2.138493e-01 2.138493e-01
6.770000e+01 0.000000e+00 2.136343e-01 2.136343e-01
6.780000e+01 0.000000e+00 2.134196e-01 2.134196e-01
6.790000e+01 0.000000e+00 2.132053e-01 2.132053e-01
6.800000e+01 0.000000e+00 2.129913e-01 2.129913e-01
6.810000e+01 0.000000e+00 2.127778e-01 2.127778e-01
6.820000e+01 0.000000e+00 2.125646e-01 2.125646e-01
6.830000e+01 0.000000e+00 2.123518e-01 2.123518e-01
6.840000e+01 0.000000e+00 2.121394e-01 2.121394e-01
6.850000e+01 0.000000e+00 2.119273e-01 2.119273e-01
6.860000e+01 0.000000e+00 2.117156e-01 2.117156e-01
6.870000e+01 0.000000e+00 2.115043e-01 2.115043e-01
6.880000e+01 0.000000e+00 2.112934e-01 2.112934e-01
6.890000e+01 0.000000e+00 2.110828e-01 2.110828e-01
6.900000e+01 0.000000e+00 2.108726e-01 2.108726e-01
6.910000e+01 0.000000e+00 2.106627e-01 2.106627e-01
6.920000e+01 0.000000e+00 2.104533e-01 2.104533e-01
6.930000e+01 0.000000e+00 2.102442e-01 2.102442e-01
6.940000e+01 0.000000e+00 2.100355e-01 2.100355e-01
6.950000e+01 0.000000e+00 2.098271e-01 2.098271e-01
6.960000e+01 0.000000e+00 2.096191e-01 2.096191e-01
6.970000e+01 0.000000e+00 2.094114e-01 2.094114e-01
6.980000e+01 0.000000e+00 2.092041e-01 2.092041e-01
6.990000e+01 0.000000e+00 2.089971e-01 2.089971e-01
7.000000e+01 0.000000e+00 2.087905e-01 2.087905e-01
7.010000e+01 0.000000e+00 2.085843e-01 2.085843e-01
7.020000e+01 0.000000e+00 2.083784e-01 2.083784e-01
7.030000e+01 0.000000e+00 2.081729e-01 2.081729e-01
7.040000e+01 0.000000e+00 2.079678e-01 2.079678e-01
7.050000e+01 0.000000e+00 2.077630e-01 2.077630e-01
7.060000e+01 0.000000e+00 2.075585e-01 2.075585e-01
7.070000e+01 0.000000e+00 2.073544e-01 2.073544e-01
7.080000e+01 0.000000e+00 2.071507e-01 2.071507e-01
7.090000e+01 0.000000e+00 2.069473e-01 2.069473e-01
7.100000e+01 0.000000e+00 2.067442e-01 2.067442e-01
7.110000e+01 0.000000e+00 2.065415e-01 2.065415e-01
7.120000e+01 0.000000e+00 2.063391e-01 2.063391e-01
7.130000e+01 0.000000e+00 2.061371e-01 2.061371e-01
7.140000e+01 0.000000e+00 2.059354e-01 2.059354e-01
7.150000e+01 0.000000e+00 2.057341e-01 2.057341e-01
7.160000e+01 0.000000e+00 2.055331e-01 2.055331e-01
7.170000e+01 0.000000e+00 2.053324e-01 2.053324e-01
7.180000e+01 0.000000e+00 2.051321e-01 2.051321e-01
7.190000e+01 0.000000e+00 2.049322e-01 2.049322e-01
7.200000e+01 0.000000e+00 2.047326e-01 2.047326e-01
7.210000e+01 0.000000e+00 2.045333e-01 2.045333e-01
7.220000e+01 0.000000e+00 2.043344e-01 2.043344e-01
7.230000e+01 0.000000e+00 2.041358e-01 2.041358e-01
7.240000e+01 0.000000e+00 2.039375e-01 2.039375e-01
7.250000e+01 0.000000e+00 2.037396e-01 2.037396e-01
7.260000e+01 0.000000e+00 2.035420e-01 2.035420e-01
7.270000e+01 0.000000e+00 2.033447e-01 2.033447e-01
7.280000e+01 0.000000e+00 2.031478e-01 2.031478e-01
7.290000e+01 0.000000e+00 2.029512e-01 2.029512e-01
7.300000e+01 0.000000e+00 2.027549e-01 2.027549e-01
7.310000e+01 0.000000e+00 2.025590e-01 2.025590e-01
7.320000e+01 0.000000e+00 2.023633e-01 2.023633e-01
7.330000e+01 0.000000e+00 2.021680e-01 2.021680e-01
7.340000e+01 0.000000e+00 2.019731e-01 2.019731e-01
7.350000e+01 0.000000e+00 2.017784e-01 2.017784e-01
7.360000e+01 0.000000e+00 2.015841e-01 2.015841e-01
7.370000e+01 0.000000e+00 2.013901e-01 2.013901e-01
7.380000e+01 0.000000e+00 2.011965e-01 2.011965e-01
7.390000e+01 0.000000e+00 2.010031e-01 2.010031e-01
7.400000e+01 0.000000e+00 2.008101e-01 2.008101e-01
7.410000e+01 0.000000e+00 2.006174e-01 2.006174e-01
7.420000e+01 0.000000e+00 2.004251e-01 2.004251e-01
7.430000e+01 0.000000e+00 2.002330e-01 2.002330e-01
7.440000e+01 0.000000e+00 2.000413e-01 2.000413e-01
7.450000e+01 0.000000e+00 1.998498e-01 1.998498e-01
7.460000e+01 0.000000e+00 1.996587e-01 1.996587e-01
7.470000e+01 0.000000e+00 1.994680e-01 1.994680e-01
7.480000e+01 0.000000e+00 1.992775e-01 1.992775e-01
7.490000e+01 0.000000e+00 1.990873e-01 1.990873e-01
7.500000e+01 0.000000e+00 1.988975e-01 1.988975e-01
7.510000e+01 0.000000e+00 1.987080e-01 1.987080e-01
7.520000e+01 0.000000e+00 1.985188e-01 1.985188e-01
7.530000e+01 0.000000e+00 1.983298e-01 1.983298e-01
7.540000e+01 0.000000e+00 1.981412e-01 1.981412e-01
7.550000e+01 0.000000e+00 1.979529e-01 1.979529e-01
7.560000e+01 0.000000e+00 1.977650e-01 1.977650e-01
7.570000e+01 0.000000e+00 1.975773e-01 1.975773e-01
7.580000e+01 0.000000e+00 1.973899e-01 1.973899e-01
7.590000e+01 0.000000e+00 1.972029e-01 1.972029e-01
7.600000e+01 0.000000e+00 1.970161e-01 1.970161e-01
7.610000e+01 0.000000e+00 1.968297e-01 1.968297e-01
7.620000e+01 0.000000e+00 1.966435e-01 1.966435e-01
7.630000e+01 0.000000e+00 1.964577e-01 1.964577e-01
7.640000e+01 0.000000e+00 1.962722e-01 1.962722e-01
7.650000e+01 0.000000e+00 1.960869e-01 1.960869e-01
7.660000e+01 0.000000e+00 1.959020e-01 1.959020e-01
7.670000e+01 0.000000e+00 1.957174e-01 1.957174e-01
7.680000e+01 0.000000e+00 1.955330e-01 1.955330e-01
7.690000e+01 0.000000e+00 1.953490e-01 1.953490e-01
7.700000e+01 0.000000e+00 1.951653e-01 1.951653e-01
7.710000e+01 0.000000e+00 1.949818e-01 1.949818e-01
7.720000e+01 0.000000e+00 1.947987e-01 1.947987e-01
7.730000e+01 0.000000e+00 1.946159e-01 1.946159e-01
7.740000e+01 0.000000e+00 1.944333e-01 1.944333e-01
7.750000e+01 0.000000e+00 1.942511e-01 1.942511e-01
7.760000e+01 0.000000e+00 1.940691e-01 1.940691e-01
7.770000e+01 0.000000e+00 1.938875e-01 1.938875e-01
7.780000e+01 0.000000e+00 1.937061e-01 1.937061e-01
7.790000e+01 0.000000e+00 1.935250e-01 1.935250e-01
7.800000e+01 0.000000e+00 1.933442e-01 1.933442e-01
7.810000e+01 0.000000e+00 1.931637e-01 1.931637e-01
7.820000e+01 0.000000e+00 1.929835e-01 1.929835e-01
7.830000e+01 0.000000e+00 1.928036e-01 1.928036e-01
7.840000e+01 0.000000e+00 1.926240e-01 1.926240e-01
7.850000e+01 0.000000e+00 1.924446e-01 1.924446e-01
7.860000e+01 0.000000e+00 1.922656e-01 1.922656e-01
7.870000e+01 0.000000e+00 1.920868e-01 1.920868e-01
7.880000e+01 0.000000e+00 1.919083e-01 1.919083e-01
7.890000e+01 0.000000e+00 1.917301e-01 1.917301e-01
7.900000e+01 0.000000e+00 1.915522e-01 1.915522e-01
7.910000e+01 0.000000e+00 1.913745e-01 1.913745e-01
7.920000e+01 0.000000e+00 1.911972e-01 1.911972e-01
7.930000e+01 0.000000e+00 1.910201e-01 1.910201e-01
7.940000e+01 0.000000e+00 1.908433e-01 1.908433e-01
7.950000e+01 0.000000e+00 1.906668e-01 1.906668e-01
7.960000e+01 0.000000e+00 1.904905e-01 1.904905e-01
7.970000e+01 0.000000e+00 1.903146e-01 1.903146e-01
7.980000e+01 0.000000e+00 1.901389e-01 1.901389e-01
7.990000e+01 0.000000e+00 1.899636e-01 1.899636e-01
8.000000e+01 0.000000e+00 1.897884e-01 1.897884e-01
8.010000e+01 0.000000e+00 1.896136e-01 1.896136e-01
8.020000e+01 0.000000e+00 1.894391e-01 1.894391e-01
8.030000e+01 0.000000e+00 1.892648e-01 1.892648e-01
8.040000e+01 0.000000e+00 1.890907e-01 1.890907e-01
8.050000e+01 0.000000e+00 1.889170e-01 1.889170e-01
8.060000e+01 0.000000e+00 1.887435e-01 1.887435e-01
8.070000e+01 0.000000e+00 1.885703e-01 1.885703e-01
8.080000e+01 0.000000e+00 1.883973e-01 1.883973e-01
8.090000e+01 0.000000e+00 1.882246e-01 1.882246e-01
8.100000e+01 0.000000e+00 1.880522e-01 1.880522e-01
8.110000e+01 0.000000e+00 1.878801e-01 1.878801e-01
8.120000e+01 0.000000e+00 1.877082e-01 1.877082e-01
8.130000e+01 0.000000e+00 1.875366e-01 1.875366e-01
8.140000e+01 0.000000e+00 1.873653e-01 1.873653e-01
8.150000e+01 0.000000e+00 1.871942e-01 1.871942e-01
8.160000e+01 0.000000e+00 1.870234e-01 1.870234e-01
8.170000e+01 0.000000e+00 1.868529e-01 1.868529e-01
8.180000e+01 0.000000e+00 1.866826e-01 1.866826e-01
8.190000e+01 0.000000e+00 1.865126e-01 1.865126e-01
8.200000e+01 0.000000e+00 1.863429e-01 1.863429e-01
8.210000e+01 0.000000e+00 1.861734e-01 1.861734e-01
8.220000e+01 0.000000e+00 1.860042e-01 1.860042e-01
8.230000e+01 0.000000e+00 1.858353e-01 1.858353e-01
8.240000e+01 0.000000e+00 1.856665e-01 1.856665e-01
8.250000e+01 0.000000e+00 1.854981e-01 1.854981e-01
8.260000e+01 0.000000e+00 1.853299e-01 1.853299e-01
8.270000e+01 0.000000e+00 1.851620e-01 1.851620e-01
8.280000e+01 0.000000e+00 1.849944e-01 1.849944e-01
8.290000e+01 0.000000e+00 1.848270e-01 1.848270e-01
8.300000e+01 0.000000e+00 1.846598e-01 1.846598e-01
8.310000e+01 0.000000e+00 1.844930e-01 1.844930e-01
8.320000e+01 0.000000e+00 1.843263e-01 1.843263e-01
8.330000e+01 0.000000e+00 1.841600e-01 1.841600e-01
8.340000e+01 0.000000e+00 1.839938e-01 1.839938e-01
8.350000e+01 0.000000e+00 1.838280e-01 1.838280e-01
8.360000e+01 0.000000e+00 1.836623e-01 1.836623e-01
8.370000e+01 0.000000e+00 1.834969e-01 1.834969e-01
8.380000e+01 0.000000e+00 1.833318e-01 1.833318e-01
8.390000e+01 0.000000e+00 1.831669e-01 1.831669e-01
8.400000e+01 0.000000e+00 1.830023e-01 1.830023e-01
8.410000e+01 0.000000e+00 1.828379e-01 1.828379e-01
8.420000e+01 0.000000e+00 1.826737e-01 1.826737e-01
8.430000e+01 0.000000e+00 1.825099e-01 1.825099e-01
8.440000e+01 0.000000e+00 1.823462e-01 1.823462e-01
8.450000e+01 0.000000e+00 1.821829e-01 1.821829e-01
8.460000e+01 0.000000e+00 1.820197e-01 1.820197e-01
8.470000e+01 0.000000e+00 1.818568e-01 1.818568e-01
8.480000e+01 0.000000e+00 1.816942e-01 1.816942e-01
8.490000e+01 0.000000e+00 1.815318e-01 1.815318e-01
8.500000e+01 0.000000e+00 1.813697e-01 1.813697e-01
8.510000e+01 0.000000e+00 1.812078e-01 1.812078e-01
8.520000e+01 0.000000e+00 1.810461e-01 1.810461e-01
8.530000e+01 0.000000e+00 1.808847e-01 1.808847e-01
8.540000e+01 0.000000e+00 1.807235e-01 1.807235e-01
8.550000e+01 0.000000e+00 1.805626e-01 1.805626e-01
8.560000e+01 0.000000e+00 1.804019e-01 1.804019e-01
8.570000e+01 0.000000e+00 1.802414e-01 1.802414e-01
8.580000e+01 0.000000e+00 1.800812e-01 1.800812e-01
8.590000e+01 0.000000e+00 1.799212e-01 1.799212e-01
8.600000e+01 0.000000e+00 1.797615e-01 1.797615e-01
8.610000e+01 0.000000e+00 1.796020e-01 1.796020e-01
8.620000e+01 0.000000e+00 1.794427e-01 1.794427e-01
8.630000e+01 0.000000e+00 1.792837e-01 1.792837e-01
8.640000e+01 0.000000e+00 1.791249e-01 1.791249e-01
8.650000e+01 0.000000e+00 1.789664e-01 1.789664e-01
8.660000e+01 0.000000e+00 1.788081e-01 1.788081e-01
8.670000e+01 0.000000e+00 1.786500e-01 1.786500e-01
8.680000e+01 0.000000e+00 1.784922e-01 1.784922e-01
8.690000e+01 0.000000e+00 1.783346e-01 1.783346e-01
8.700000e+01 0.000000e+00 1.781772e-01 1.781772e-01
8.710000e+01 0.000000e+00 1.780201e-01 1.780201e-01
8.720000e+01 0.000000e+00 1.778632e-01 1.778632e-01
8.730000e+01 0.000000e+00 1.777065e-01 1.777065e-01
8.740000e+01 0.000000e+00 1.775501e-01 1.775501e-01
8.750000e+01 0.000000e+00 1.773939e-01 1.773939e-01
8.760000e+01 0.000000e+00 1.772379e-01 1.772379e-01
8.770000e+01 0.000000e+00 1.770822e-01 1.770822e-01
8.780000e+01 0.000000e+00 1.769267e-01 1.769267e-01
8.790000e+01 0.000000e+00 1.767714e-01 1.767714e-01
8.800000e+01 0.000000e+00 1.766163e-01 1.766163e-01
8.810000e+01 0.000000e+00 1.764615e-01 1.764615e-01
8.820000e+01 0.000000e+00 1.763069e-01 1.763069e-01
8.830000e+01 0.000000e+00 1.761525e-01 1.761525e-01
8.840000e+01 0.000000e+00 1.759984e-01 1.759984e-01
8.850000e+01 0.000000e+00 1.758445e-01 1.758445e-01
8.860000e+01 0.000000e+00 1.756908e-01 1.756908e-01
8.870000e+01 0.000000e+00 1.755373e-01 1.755373e-01
8.880000e+01 0.000000e+00 1.753840e-01 1.753840e-01
8.890000e+01 0.000000e+00 1.752310e-01 1.752310e-01
8.900000e+01 0.000000e+00 1.750782e-01 1.750782e-01
8.910000e+01 0.000000e+00 1.749256e-01 1.749256e-01
8.920000e+01 0.000000e+00 1.747732e-01 1.747732e-01
8.930000e+01 0.000000e+00 1.746211e-01 1.746211e-01
8.940000e+01 0.000000e+00 1.744691e-01 1.744691e-01
8.950000e+01 0.000000e+00 1.743174e-01 1.743174e-01
8.960000e+01 0.000000e+00 1.741660e-01 1.741660e-01
8.970000e+01 0.000000e+00 1.740147e-01 1.740147e-01
8.980000e+01 0.000000e+00 1.738636e-01 1.738636e-01
8.990000e+01 0.000000e+00 1.737128e-01 1.737128e-01
9.000000e+01 0.000000e+00 1.735622e-01 1.735622e-01
9.010000e+01 0.000000e+00 1.734118e-01 1.734118e-01
9.020000e+01 0.000000e+00 1.732616e-01 1.732616e-01
9.030000e+01 0.000000e+00 1.731117e-01 1.731117e-01
9.040000e+01 0.000000e+00 1.729619e-01 1.729619e-01
9.050000e+01 0.000000e+00 1.728124e-01 1.728124e-01
9.060000e+01 0.000000e+00 1.726630e-01 1.726630e-01
9.070000e+01 0.000000e+00 1.725139e-01 1.725139e-01
9.080000e+01 0.000000e+00 1.723650e-01 1.723650e-01
9.090000e+01 0.000000e+00 1.722163e-01 1.722163e-01
9.100000e+01 0.000000e+00 1.720679e-01 1.720679e-01
9.110000e+01 0.000000e+00 1.719196e-01 1.719196e-01
9.120000e+01 0.000000e+00 1.717716e-01 1.717716e-01
9.130000e+01 0.000000e+00 1.716238e-01 1.716238e-01
9.140000e+01 0.000000e+00 1.714761e-01 1.714761e-01
9.150000e+01 0.000000e+00 1.713287e-01 1.713287e-01
9.160000e+01 0.000000e+00 1.711815e-01 1.711815e-01
9.170000e+01 0.000000e+00 1.710345e-01 1.710345e-01
9.180000e+01 0.000000e+00 1.708878e-01 1.708878e-01
9.190000e+01 0.000000e+00 1.707412e-01 1.707412e-01
9.200000e+01 0.000000e+00 1.705948e-01 1.705948e-01
9.210000e+01 0.000000e+00 1.704486e-01 1.704486e-01
9.220000e+01 0.000000e+00 1.703027e-01 1.703027e-01
9.230000e+01 0.000000e+00 1.701569e-01 1.701569e-01
9.240000e+01 0.000000e+00 1.700114e-01 1.700114e-01
9.250000e+01 0.000000e+00 1.698661e-01 1.698661e-01
9.260000e+01 0.000000e+00 1.697210e-01 1.697210e-01
9.270000e+01 0.000000e+00 1.695760e-01 1.695760e-01
9.280000e+01 0.000000e+00 1.694313e-01 1.694313e-01
9.290000e+01 0.000000e+00 1.692868e-01 1.692868e-01
9.300000e+01 0.000000e+00 1.691425e-01 1.691425e-01
9.310000e+01 0.000000e+00 1.689984e-01 1.689984e-01
9.320000e+01 0.000000e+00 1.688545e-01 1.688545e-01
9.330000e+01 0.000000e+00 1.687108e-01 1.687108e-01
9.340000e+01 0.000000e+00 1.685672e-01 1.685672e-01
9.350000e+01 0.000000e+00 1.684239e-01 1.684239e-01
9.360000e+01 0.000000e+00 1.682808e-01 1.682808e-01
9.370000e+01 0.000000e+00 1.681378e-01 1.681378e-01
9.380000e+01 0.000000e+00 1.679951e-01 1.679951e-01
9.390000e+01 0.000000e+00 1.678526e-01 1.678526e-01
9.400000e+01 0.000000e+00 1.677102e-01 1.677102e-01
9.410000e+01 0.000000e+00 1.675681e-01 1.675681e-01
9.420000e+01 0.000000e+00 1.674262e-01 1.674262e-01
9.430000e+01 0.000000e+00 1.672844e-01 1.672844e-01
9.440000e+01 0.000000e+00 1.671429e-01 1.671429e-01
9.450000e+01 0.000000e+00 1.670015e-01 1.670015e-01
9.460000e+01 0.000000e+00 1.668604e-01 1.668604e-01
9.470000e+01 0.000000e+00 1.667195e-01 1.667195e-01
9.480000e+01 0.000000e+00 1.665787e-01 1.665787e-01
9.490000e+01 0.000000e+00 1.664382e-01 1.664382e-01
9.500000e+01 0.000000e+00 1.662978e-01 1.662978e-01
9.510000e+01 0.000000e+00 1.661576e-01 1.661576e-01
9.520000e+01 0.000000e+00 1.660177e-01 1.660177e-01
9.530000e+01 0.000000e+00 1.658779e-01 1.658779e-01
9.540000e+01 0.000000e+00 1.657383e-01 1.657383e-01
9.550000e+01 0.000000e+00 1.655989e-01 1.655989e-01
9.560000e+01 0.000000e+00 1.654596e-01 1.654596e-01
9.570000e+01 0.000000e+00 1.653206e-01 1.653206e-01
9.580000e+01 0.000000e+00 1.651818e-01 1.651818e-01
9.590000e+01 0.000000e+00 1.650431e-01 1.650431e-01
9.600000e+01 0.000000e+00 1.649046e-01 1.649046e-01
9.610000e+01 0.000000e+00 1.647663e-01 1.647663e-01
9.620000e+01 0.000000e+00 1.646283e-01 1.646283e-01
9.630000e+01 0.000000e+00 1.644904e-01 1.644904e-01
9.640000e+01 0.000000e+00 1.643527e-01 1.643527e-01
9.650000e+01 0.000000e+00 1.642152e-01 1.642152e-01
9.660000e+01 0.000000e+00 1.640778e-01 1.640778e-01
9.670000e+01 0.000000e+00 1.639407e-01 1.639407e-01
9.680000e+01 0.000000e+00 1.638038e-01 1.638038e-01
9.690000e+01 0.000000e+00 1.636670e-01 1.636670e-01
9.700000e+01 0.000000e+00 1.635304e-01 1.635304e-01
9.710000e+01 0.000000e+00 1.633940e-01 1.633940e-01
9.720000e+01 0.000000e+00 1.632578e-01 1.632578e-01
9.730000e+01 0.000000e+00 1.631217e-01 1.631217e-01
9.740000e+01 0.000000e+00 1.629859e-01 1.629859e-01
9.750000e+01 0.000000e+00 1.628502e-01 1.628502e-01
9.760000e+01 0.000000e+00 1.627147e-01 1.627147e-01
9.770000e+01 0.000000e+00 1.625794e-01 1.625794e-01
9.780000e+01 0.000000e+00 1.624442e-01 1.624442e-01
9.790000e+01 0.000000e+00 1.623093e-01 1.623093e-01
9.800000e+01 0.000000e+00 1.621745e-01 1.621745e-01
9.810000e+01 0.000000e+00 1.620399e-01 1.620399e-01
9.820000e+01 0.000000e+00 1.619055e-01 1.619055e-01
9.830000e+01 0.000000e+00 1.617712e-01 1.617712e-01
9.840000e+01 0.000000e+00 1.616372e-01 1.616372e-01
9.850000e+01 0.000000e+00 1.615033e-01 1.615033e-01
9.860000e+01 0.000000e+00 1.613697e-01 1.613697e-01
9.870000e+01 0.000000e+00 1.612362e-01 1.612362e-01
9.880000e+01 0.000000e+00 1.611029e-01 1.611029e-01
9.890000e+01 0.000000e+00 1.609697e-01 1.609697e-01
9.900000e+01 0.000000e+00 1.608367e-01 1.608367e-01
9.910000e+01 0.000000e+00 1.607040e-01 1.607040e-01
9.920000e+01 0.000000e+00 1.605713e-01 1.605713e-01
9.930000e+01 0.000000e+00 1.604389e-01 1.604389e-01
9.940000e+01 0.000000e+00 1.603066e-01 1.603066e-01
9.950000e+01 0.000000e+00 1.601745e-01 1.601745e-01
9.960000e+01 0.000000e+00 1.600426e-01 1.600426e-01
9.970000e+01 0.000000e+00 1.599109e-01 1.599109e-01
9.980000e+01 0.000000e+00 1.597793e-01 1.597793e-01
9.990000e+01 0.000000e+00 1.596479e-01 1.596479e-01
1.000000e+02 0.000000e+00 1.595167e-01 1.595167e-01
