# # chi(t) for Pe = 400, beta = 0.5, bridge_width = 1.0
# # Columns: time, chi, I_T (signed), I_|T| (unsigned)
0.000000e+00 0.000000e+00 3.835511e-01 3.835511e-01
1.000000e-01 1.040000e-05 3.984476e-01 3.984518e-01
2.000000e-01 0.000000e+00 3.998921e-01 3.998921e-01
3.000000e-01 0.000000e+00 4.001924e-01 4.001924e-01
4.000000e-01 0.000000e+00 4.003663e-01 4.003663e-01
5.000000e-01 0.000000e+00 4.003754e-01 4.003754e-01
6.000000e-01 2.100000e-06 4.003438e-01 4.003447e-01
7.000000e-01 1.300000e-05 4.001000e-01 4.001052e-01
8.000000e-01 2.690000e-05 4.002727e-01 4.002835e-01
9.000000e-01 2.550000e-05 4.003062e-01 4.003164e-01
1.000000e+00 1.110000e-05 4.003364e-01 4.003409e-01
1.100000e+00 2.000000e-07 4.003591e-01 4.003592e-01
1.200000e+00 0.000000e+00 4.003701e-01 4.003701e-01
1.300000e+00 0.000000e+00 4.003662e-01 4.003662e-01
1.400000e+00 0.000000e+00 4.003451e-01 4.003451e-01
1.500000e+00 0.000000e+00 4.003057e-01 4.003057e-01
1.600000e+00 0.000000e+00 4.002473e-01 4.002473e-01
1.700000e+00 0.000000e+00 4.001699e-01 4.001699e-01
1.800000e+00 0.000000e+00 4.000740e-01 4.000740e-01
1.900000e+00 0.000000e+00 3.999601e-01 3.999601e-01
2.000000e+00 0.000000e+00 3.998292e-01 3.998292e-01
2.100000e+00 0.000000e+00 3.996819e-01 3.996819e-01
2.200000e+00 0.000000e+00 3.995194e-01 3.995194e-01
2.300000e+00 0.000000e+00 3.993426e-01 3.993426e-01
2.400000e+00 0.000000e+00 3.991524e-01 3.991524e-01
2.500000e+00 0.000000e+00 3.989498e-01 3.989498e-01
2.600000e+00 0.000000e+00 3.987358e-01 3.987358e-01
2.700000e+00 0.000000e+00 3.985111e-01 3.985111e-01
2.800000e+00 0.000000e+00 3.982766e-01 3.982766e-01
2.900000e+00 0.000000e+00 3.980332e-01 3.980332e-01
3.000000e+00 0.000000e+00 3.977816e-01 3.977816e-01
3.100000e+00 0.000000e+00 3.975224e-01 3.975224e-01
3.200000e+00 0.000000e+00 3.972563e-01 3.972563e-01
3.300000e+00 0.000000e+00 3.969840e-01 3.969840e-01
3.400000e+00 0.000000e+00 3.967060e-01 3.967060e-01
3.500000e+00 0.000000e+00 3.964228e-01 3.964228e-01
3.600000e+00 0.000000e+00 3.961350e-01 3.961350e-01
3.700000e+00 0.000000e+00 3.958430e-01 3.958430e-01
3.800000e+00 0.000000e+00 3.955472e-01 3.955472e-01
3.900000e+00 0.000000e+00 3.952481e-01 3.952481e-01
4.000000e+00 0.000000e+00 3.949459e-01 3.949459e-01
4.100000e+00 0.000000e+00 3.946411e-01 3.946411e-01
4.200000e+00 0.000000e+00 3.943339e-01 3.943339e-01
4.300000e+00 0.000000e+00 3.940247e-01 3.940247e-01
4.400000e+00 0.000000e+00 3.937136e-01 3.937136e-01
4.500000e+00 0.000000e+00 3.934011e-01 3.934011e-01
4.600000e+00 0.000000e+00 3.930871e-01 3.930871e-01
4.700000e+00 0.000000e+00 3.927721e-01 3.927721e-01
4.800000e+00 0.000000e+00 3.924562e-01 3.924562e-01
4.900000e+00 0.000000e+00 3.921395e-01 3.921395e-01
5.000000e+00 0.000000e+00 3.918222e-01 3.918222e-01
5.100000e+00 0.000000e+00 3.915045e-01 3.915045e-01
5.200000e+00 0.000000e+00 3.911866e-01 3.911866e-01
5.300000e+00 0.000000e+00 3.908684e-01 3.908684e-01
5.400000e+00 0.000000e+00 3.905502e-01 3.905502e-01
5.500000e+00 0.000000e+00 3.902321e-01 3.902321e-01
5.600000e+00 0.000000e+00 3.899142e-01 3.899142e-01
5.700000e+00 0.000000e+00 3.895965e-01 3.895965e-01
5.800000e+00 0.000000e+00 3.892791e-01 3.892791e-01
5.900000e+00 0.000000e+00 3.889622e-01 3.889622e-01
6.000000e+00 0.000000e+00 3.886457e-01 3.886457e-01
6.100000e+00 0.000000e+00 3.883298e-01 3.883298e-01
6.200000e+00 0.000000e+00 3.880145e-01 3.880145e-01
6.300000e+00 0.000000e+00 3.876998e-01 3.876998e-01
6.400000e+00 0.000000e+00 3.873858e-01 3.873858e-01
6.500000e+00 0.000000e+00 3.870726e-01 3.870726e-01
6.600000e+00 0.000000e+00 3.867601e-01 3.867601e-01
6.700000e+00 0.000000e+00 3.864485e-01 3.864485e-01
6.800000e+00 0.000000e+00 3.861377e-01 3.861377e-01
6.900000e+00 0.000000e+00 3.858278e-01 3.858278e-01
7.000000e+00 0.000000e+00 3.855188e-01 3.855188e-01
7.100000e+00 0.000000e+00 3.852107e-01 3.852107e-01
7.200000e+00 0.000000e+00 3.849035e-01 3.849035e-01
7.300000e+00 0.000000e+00 3.845973e-01 3.845973e-01
7.400000e+00 0.000000e+00 3.842921e-01 3.842921e-01
7.500000e+00 0.000000e+00 3.839878e-01 3.839878e-01
7.600000e+00 0.000000e+00 3.836846e-01 3.836846e-01
7.700000e+00 0.000000e+00 3.833823e-01 3.833823e-01
7.800000e+00 0.000000e+00 3.830811e-01 3.830811e-01
7.900000e+00 0.000000e+00 3.827808e-01 3.827808e-01
8.000000e+00 0.000000e+00 3.824816e-01 3.824816e-01
8.100000e+00 0.000000e+00 3.821834e-01 3.821834e-01
8.200000e+00 0.000000e+00 3.818862e-01 3.818862e-01
8.300000e+00 0.000000e+00 3.815900e-01 3.815900e-01
8.400000e+00 0.000000e+00 3.812948e-01 3.812948e-01
8.500000e+00 0.000000e+00 3.810006e-01 3.810006e-01
8.600000e+00 0.000000e+00 3.807074e-01 3.807074e-01
8.700000e+00 0.000000e+00 3.804153e-01 3.804153e-01
8.800000e+00 0.000000e+00 3.801240e-01 3.801240e-01
8.900000e+00 0.000000e+00 3.798338e-01 3.798338e-01
9.000000e+00 0.000000e+00 3.795445e-01 3.795445e-01
9.100000e+00 0.000000e+00 3.792562e-01 3.792562e-01
9.200000e+00 0.000000e+00 3.789688e-01 3.789688e-01
9.300000e+00 0.000000e+00 3.786823e-01 3.786823e-01
9.400000e+00 0.000000e+00 3.783968e-01 3.783968e-01
9.500000e+00 0.000000e+00 3.781121e-01 3.781121e-01
9.600000e+00 0.000000e+00 3.778283e-01 3.778283e-01
9.700000e+00 0.000000e+00 3.775454e-01 3.775454e-01
9.800000e+00 0.000000e+00 3.772633e-01 3.772633e-01
9.900000e+00 0.000000e+00 3.769820e-01 3.769820e-01
1.000000e+01 0.000000e+00 3.767015e-01 3.767015e-01
1.010000e+01 0.000000e+00 3.764218e-01 3.764218e-01
1.020000e+01 0.000000e+00 3.761428e-01 3.761428e-01
1.030000e+01 0.000000e+00 3.758645e-01 3.758645e-01
1.040000e+01 0.000000e+00 3.755870e-01 3.755870e-01
1.050000e+01 0.000000e+00 3.753101e-01 3.753101e-01
1.060000e+01 0.000000e+00 3.750339e-01 3.750339e-01
1.070000e+01 0.000000e+00 3.747583e-01 3.747583e-01
1.080000e+01 0.000000e+00 3.744832e-01 3.744832e-01
1.090000e+01 0.000000e+00 3.742088e-01 3.742088e-01
1.100000e+01 0.000000e+00 3.739348e-01 3.739348e-01
1.110000e+01 0.000000e+00 3.736614e-01 3.736614e-01
1.120000e+01 0.000000e+00 3.733884e-01 3.733884e-01
1.130000e+01 0.000000e+00 3.731159e-01 3.731159e-01
1.140000e+01 0.000000e+00 3.728438e-01 3.728438e-01
1.150000e+01 0.000000e+00 3.725720e-01 3.725720e-01
1.160000e+01 0.000000e+00 3.723006e-01 3.723006e-01
1.170000e+01 0.000000e+00 3.720294e-01 3.720294e-01
1.180000e+01 0.000000e+00 3.717586e-01 3.717586e-01
1.190000e+01 0.000000e+00 3.714879e-01 3.714879e-01
1.200000e+01 0.000000e+00 3.712174e-01 3.712174e-01
1.210000e+01 0.000000e+00 3.709471e-01 3.709471e-01
1.220000e+01 0.000000e+00 3.706769e-01 3.706769e-01
1.230000e+01 0.000000e+00 3.704067e-01 3.704067e-01
1.240000e+01 0.000000e+00 3.701366e-01 3.701366e-01
1.250000e+01 0.000000e+00 3.698664e-01 3.698664e-01
1.260000e+01 0.000000e+00 3.695962e-01 3.695962e-01
1.270000e+01 0.000000e+00 3.693259e-01 3.693259e-01
1.280000e+01 0.000000e+00 3.690554e-01 3.690554e-01
1.290000e+01 0.000000e+00 3.687848e-01 3.687848e-01
1.300000e+01 0.000000e+00 3.685139e-01 3.685139e-01
1.310000e+01 0.000000e+00 3.682427e-01 3.682427e-01
1.320000e+01 0.000000e+00 3.679713e-01 3.679713e-01
1.330000e+01 0.000000e+00 3.676995e-01 3.676995e-01
1.340000e+01 0.000000e+00 3.674272e-01 3.674272e-01
1.350000e+01 0.000000e+00 3.671545e-01 3.671545e-01
1.360000e+01 0.000000e+00 3.668814e-01 3.668814e-01
1.370000e+01 0.000000e+00 3.666076e-01 3.666076e-01
1.380000e+01 0.000000e+00 3.663333e-01 3.663333e-01
1.390000e+01 0.000000e+00 3.660584e-01 3.660584e-01
1.400000e+01 0.000000e+00 3.657828e-01 3.657828e-01
1.410000e+01 0.000000e+00 3.655064e-01 3.655064e-01
1.420000e+01 0.000000e+00 3.652293e-01 3.652293e-01
1.430000e+01 0.000000e+00 3.649514e-01 3.649514e-01
1.440000e+01 0.000000e+00 3.646726e-01 3.646726e-01
1.450000e+01 0.000000e+00 3.643930e-01 3.643930e-01
1.460000e+01 0.000000e+00 3.641123e-01 3.641123e-01
1.470000e+01 0.000000e+00 3.638307e-01 3.638307e-01
1.480000e+01 0.000000e+00 3.635481e-01 3.635481e-01
1.490000e+01 0.000000e+00 3.632644e-01 3.632644e-01
1.500000e+01 0.000000e+00 3.629795e-01 3.629795e-01
1.510000e+01 0.000000e+00 3.626935e-01 3.626935e-01
1.520000e+01 0.000000e+00 3.624063e-01 3.624063e-01
1.530000e+01 0.000000e+00 3.621179e-01 3.621179e-01
1.540000e+01 0.000000e+00 3.618282e-01 3.618282e-01
1.550000e+01 0.000000e+00 3.615371e-01 3.615371e-01
1.560000e+01 0.000000e+00 3.612447e-01 3.612447e-01
1.570000e+01 0.000000e+00 3.609509e-01 3.609509e-01
1.580000e+01 0.000000e+00 3.606556e-01 3.606556e-01
1.590000e+01 0.000000e+00 3.603589e-01 3.603589e-01
1.600000e+01 0.000000e+00 3.600607e-01 3.600607e-01
1.610000e+01 0.000000e+00 3.597609e-01 3.597609e-01
1.620000e+01 0.000000e+00 3.594595e-01 3.594595e-01
1.630000e+01 0.000000e+00 3.591566e-01 3.591566e-01
1.640000e+01 0.000000e+00 3.588520e-01 3.588520e-01
1.650000e+01 0.000000e+00 3.585457e-01 3.585457e-01
1.660000e+01 0.000000e+00 3.582377e-01 3.582377e-01
1.670000e+01 0.000000e+00 3.579280e-01 3.579280e-01
1.680000e+01 0.000000e+00 3.576166e-01 3.576166e-01
1.690000e+01 0.000000e+00 3.573034e-01 3.573034e-01
1.700000e+01 0.000000e+00 3.569883e-01 3.569883e-01
1.710000e+01 0.000000e+00 3.566715e-01 3.566715e-01
1.720000e+01 0.000000e+00 3.563527e-01 3.563527e-01
1.730000e+01 0.000000e+00 3.560322e-01 3.560322e-01
1.740000e+01 0.000000e+00 3.557097e-01 3.557097e-01
1.750000e+01 0.000000e+00 3.553853e-01 3.553853e-01
1.760000e+01 0.000000e+00 3.550590e-01 3.550590e-01
1.770000e+01 0.000000e+00 3.547308e-01 3.547308e-01
1.780000e+01 0.000000e+00 3.544006e-01 3.544006e-01
1.790000e+01 0.000000e+00 3.540685e-01 3.540685e-01
1.800000e+01 0.000000e+00 3.537344e-01 3.537344e-01
1.810000e+01 0.000000e+00 3.533983e-01 3.533983e-01
1.820000e+01 0.000000e+00 3.530602e-01 3.530602e-01
1.830000e+01 0.000000e+00 3.527201e-01 3.527201e-01
1.840000e+01 0.000000e+00 3.523780e-01 3.523780e-01
1.850000e+01 0.000000e+00 3.520339e-01 3.520339e-01
1.860000e+01 0.000000e+00 3.516878e-01 3.516878e-01
1.870000e+01 0.000000e+00 3.513397e-01 3.513397e-01
1.880000e+01 0.000000e+00 3.509895e-01 3.509895e-01
1.890000e+01 0.000000e+00 3.506374e-01 3.506374e-01
1.900000e+01 0.000000e+00 3.502833e-01 3.502833e-01
1.910000e+01 0.000000e+00 3.499271e-01 3.499271e-01
1.920000e+01 0.000000e+00 3.495690e-01 3.495690e-01
1.930000e+01 0.000000e+00 3.492088e-01 3.492088e-01
1.940000e+01 0.000000e+00 3.488467e-01 3.488467e-01
1.950000e+01 0.000000e+00 3.484826e-01 3.484826e-01
1.960000e+01 0.000000e+00 3.481166e-01 3.481166e-01
1.970000e+01 0.000000e+00 3.477486e-01 3.477486e-01
1.980000e+01 0.000000e+00 3.473786e-01 3.473786e-01
1.990000e+01 0.000000e+00 3.470068e-01 3.470068e-01
2.000000e+01 0.000000e+00 3.466330e-01 3.466330e-01
2.010000e+01 0.000000e+00 3.462573e-01 3.462573e-01
2.020000e+01 0.000000e+00 3.458798e-01 3.458798e-01
2.030000e+01 0.000000e+00 3.455004e-01 3.455004e-01
2.040000e+01 0.000000e+00 3.451192e-01 3.451192e-01
2.050000e+01 0.000000e+00 3.447361e-01 3.447361e-01
2.060000e+01 0.000000e+00 3.443512e-01 3.443512e-01
2.070000e+01 0.000000e+00 3.439646e-01 3.439646e-01
2.080000e+01 0.000000e+00 3.435762e-01 3.435762e-01
2.090000e+01 0.000000e+00 3.431860e-01 3.431860e-01
2.100000e+01 0.000000e+00 3.427942e-01 3.427942e-01
2.110000e+01 0.000000e+00 3.424007e-01 3.424007e-01
2.120000e+01 0.000000e+00 3.420055e-01 3.420055e-01
2.130000e+01 0.000000e+00 3.416087e-01 3.416087e-01
2.140000e+01 0.000000e+00 3.412102e-01 3.412102e-01
2.150000e+01 0.000000e+00 3.408102e-01 3.408102e-01
2.160000e+01 0.000000e+00 3.404087e-01 3.404087e-01
2.170000e+01 0.000000e+00 3.400056e-01 3.400056e-01
2.180000e+01 0.000000e+00 3.396010e-01 3.396010e-01
2.190000e+01 0.000000e+00 3.391949e-01 3.391949e-01
2.200000e+01 0.000000e+00 3.387874e-01 3.387874e-01
2.210000e+01 0.000000e+00 3.383785e-01 3.383785e-01
2.220000e+01 0.000000e+00 3.379682e-01 3.379682e-01
2.230000e+01 0.000000e+00 3.375566e-01 3.375566e-01
2.240000e+01 0.000000e+00 3.371436e-01 3.371436e-01
2.250000e+01 0.000000e+00 3.367294e-01 3.367294e-01
2.260000e+01 0.000000e+00 3.363139e-01 3.363139e-01
2.270000e+01 0.000000e+00 3.358972e-01 3.358972e-01
2.280000e+01 0.000000e+00 3.354793e-01 3.354793e-01
2.290000e+01 0.000000e+00 3.350602e-01 3.350602e-01
2.300000e+01 0.000000e+00 3.346399e-01 3.346399e-01
2.310000e+01 0.000000e+00 3.342186e-01 3.342186e-01
2.320000e+01 0.000000e+00 3.337962e-01 3.337962e-01
2.330000e+01 0.000000e+00 3.333728e-01 3.333728e-01
2.340000e+01 0.000000e+00 3.329484e-01 3.329484e-01
2.350000e+01 0.000000e+00 3.325230e-01 3.325230e-01
2.360000e+01 0.000000e+00 3.320966e-01 3.320966e-01
2.370000e+01 0.000000e+00 3.316694e-01 3.316694e-01
2.380000e+01 0.000000e+00 3.312412e-01 3.312412e-01
2.390000e+01 0.000000e+00 3.308122e-01 3.308122e-01
2.400000e+01 0.000000e+00 3.303824e-01 3.303824e-01
2.410000e+01 0.000000e+00 3.299518e-01 3.299518e-01
2.420000e+01 0.000000e+00 3.295204e-01 3.295204e-01
2.430000e+01 0.000000e+00 3.290884e-01 3.290884e-01
2.440000e+01 0.000000e+00 3.286556e-01 3.286556e-01
2.450000e+01 0.000000e+00 3.282221e-01 3.282221e-01
2.460000e+01 0.000000e+00 3.277880e-01 3.277880e-01
2.470000e+01 0.000000e+00 3.273533e-01 3.273533e-01
2.480000e+01 0.000000e+00 3.269181e-01 3.269181e-01
2.490000e+01 0.000000e+00 3.264823e-01 3.264823e-01
2.500000e+01 0.000000e+00 3.260459e-01 3.260459e-01
2.510000e+01 0.000000e+00 3.256091e-01 3.256091e-01
2.520000e+01 0.000000e+00 3.251718e-01 3.251718e-01
2.530000e+01 0.000000e+00 3.247340e-01 3.247340e-01
2.540000e+01 0.000000e+00 3.242959e-01 3.242959e-01
2.550000e+01 0.000000e+00 3.238574e-01 3.238574e-01
2.560000e+01 0.000000e+00 3.234185e-01 3.234185e-01
2.570000e+01 0.000000e+00 3.229793e-01 3.229793e-01
2.580000e+01 0.000000e+00 3.225398e-01 3.225398e-01
2.590000e+01 0.000000e+00 3.221000e-01 3.221000e-01
2.600000e+01 0.000000e+00 3.216600e-01 3.216600e-01
2.610000e+01 0.000000e+00 3.212197e-01 3.212197e-01
2.620000e+01 0.000000e+00 3.207792e-01 3.207792e-01
2.630000e+01 0.000000e+00 3.203386e-01 3.203386e-01
2.640000e+01 0.000000e+00 3.198978e-01 3.198978e-01
2.650000e+01 0.000000e+00 3.194569e-01 3.194569e-01
2.660000e+01 0.000000e+00 3.190158e-01 3.190158e-01
2.670000e+01 0.000000e+00 3.185747e-01 3.185747e-01
2.680000e+01 0.000000e+00 3.181335e-01 3.181335e-01
2.690000e+01 0.000000e+00 3.176923e-01 3.176923e-01
2.700000e+01 0.000000e+00 3.172511e-01 3.172511e-01
2.710000e+01 0.000000e+00 3.168099e-01 3.168099e-01
2.720000e+01 0.000000e+00 3.163686e-01 3.163686e-01
2.730000e+01 0.000000e+00 3.159275e-01 3.159275e-01
2.740000e+01 0.000000e+00 3.154864e-01 3.154864e-01
2.750000e+01 0.000000e+00 3.150454e-01 3.150454e-01
2.760000e+01 0.000000e+00 3.146045e-01 3.146045e-01
2.770000e+01 0.000000e+00 3.141637e-01 3.141637e-01
2.780000e+01 0.000000e+00 3.137230e-01 3.137230e-01
2.790000e+01 0.000000e+00 3.132825e-01 3.132825e-01
2.800000e+01 0.000000e+00 3.128422e-01 3.128422e-01
2.810000e+01 0.000000e+00 3.124021e-01 3.124021e-01
2.820000e+01 0.000000e+00 3.119622e-01 3.119622e-01
2.830000e+01 0.000000e+00 3.115226e-01 3.115226e-01
2.840000e+01 0.000000e+00 3.110831e-01 3.110831e-01
2.850000e+01 0.000000e+00 3.106440e-01 3.106440e-01
2.860000e+01 0.000000e+00 3.102051e-01 3.102051e-01
2.870000e+01 0.000000e+00 3.097665e-01 3.097665e-01
2.880000e+01 0.000000e+00 3.093283e-01 3.093283e-01
2.890000e+01 0.000000e+00 3.088903e-01 3.088903e-01
2.900000e+01 0.000000e+00 3.084527e-01 3.084527e-01
2.910000e+01 0.000000e+00 3.080155e-01 3.080155e-01
2.920000e+01 0.000000e+00 3.075786e-01 3.075786e-01
2.930000e+01 0.000000e+00 3.071421e-01 3.071421e-01
2.940000e+01 0.000000e+00 3.067060e-01 3.067060e-01
2.950000e+01 0.000000e+00 3.062703e-01 3.062703e-01
2.960000e+01 0.000000e+00 3.058350e-01 3.058350e-01
2.970000e+01 0.000000e+00 3.054001e-01 3.054001e-01
2.980000e+01 0.000000e+00 3.049657e-01 3.049657e-01
2.990000e+01 0.000000e+00 3.045318e-01 3.045318e-01
3.000000e+01 0.000000e+00 3.040983e-01 3.040983e-01
3.010000e+01 0.000000e+00 3.036653e-01 3.036653e-01
3.020000e+01 0.000000e+00 3.032328e-01 3.032328e-01
3.030000e+01 0.000000e+00 3.028008e-01 3.028008e-01
3.040000e+01 0.000000e+00 3.023693e-01 3.023693e-01
3.050000e+01 0.000000e+00 3.019383e-01 3.019383e-01
3.060000e+01 0.000000e+00 3.015079e-01 3.015079e-01
3.070000e+01 0.000000e+00 3.010780e-01 3.010780e-01
3.080000e+01 0.000000e+00 3.006486e-01 3.006486e-01
3.090000e+01 0.000000e+00 3.002198e-01 3.002198e-01
3.100000e+01 0.000000e+00 2.997916e-01 2.997916e-01
3.110000e+01 0.000000e+00 2.993640e-01 2.993640e-01
3.120000e+01 0.000000e+00 2.989369e-01 2.989369e-01
3.130000e+01 0.000000e+00 2.985105e-01 2.985105e-01
3.140000e+01 0.000000e+00 2.980846e-01 2.980846e-01
3.150000e+01 0.000000e+00 2.976594e-01 2.976594e-01
3.160000e+01 0.000000e+00 2.972348e-01 2.972348e-01
3.170000e+01 0.000000e+00 2.968108e-01 2.968108e-01
3.180000e+01 0.000000e+00 2.963874e-01 2.963874e-01
3.190000e+01 0.000000e+00 2.959647e-01 2.959647e-01
3.200000e+01 0.000000e+00 2.955426e-01 2.955426e-01
3.210000e+01 0.000000e+00 2.951211e-01 2.951211e-01
3.220000e+01 0.000000e+00 2.947004e-01 2.947004e-01
3.230000e+01 0.000000e+00 2.942803e-01 2.942803e-01
3.240000e+01 0.000000e+00 2.938608e-01 2.938608e-01
3.250000e+01 0.000000e+00 2.934420e-01 2.934420e-01
3.260000e+01 0.000000e+00 2.930240e-01 2.930240e-01
3.270000e+01 0.000000e+00 2.926066e-01 2.926066e-01
3.280000e+01 0.000000e+00 2.921898e-01 2.921898e-01
3.290000e+01 0.000000e+00 2.917738e-01 2.917738e-01
3.300000e+01 0.000000e+00 2.913585e-01 2.913585e-01
3.310000e+01 0.000000e+00 2.909439e-01 2.909439e-01
3.320000e+01 0.000000e+00 2.905300e-01 2.905300e-01
3.330000e+01 0.000000e+00 2.901168e-01 2.901168e-01
3.340000e+01 0.000000e+00 2.897043e-01 2.897043e-01
3.350000e+01 0.000000e+00 2.892926e-01 2.892926e-01
3.360000e+01 0.000000e+00 2.888816e-01 2.888816e-01
3.370000e+01 0.000000e+00 2.884713e-01 2.884713e-01
3.380000e+01 0.000000e+00 2.880617e-01 2.880617e-01
3.390000e+01 0.000000e+00 2.876529e-01 2.876529e-01
3.400000e+01 0.000000e+00 2.872448e-01 2.872448e-01
3.410000e+01 0.000000e+00 2.868375e-01 2.868375e-01
3.420000e+01 0.000000e+00 2.864309e-01 2.864309e-01
3.430000e+01 0.000000e+00 2.860251e-01 2.860251e-01
3.440000e+01 0.000000e+00 2.856200e-01 2.856200e-01
3.450000e+01 0.000000e+00 2.852156e-01 2.852156e-01
3.460000e+01 0.000000e+00 2.848121e-01 2.848121e-01
3.470000e+01 0.000000e+00 2.844092e-01 2.844092e-01
3.480000e+01 0.000000e+00 2.840072e-01 2.840072e-01
3.490000e+01 0.000000e+00 2.836059e-01 2.836059e-01
3.500000e+01 0.000000e+00 2.832054e-01 2.832054e-01
3.510000e+01 0.000000e+00 2.828056e-01 2.828056e-01
3.520000e+01 0.000000e+00 2.824066e-01 2.824066e-01
3.530000e+01 0.000000e+00 2.820084e-01 2.820084e-01
3.540000e+01 0.000000e+00 2.816110e-01 2.816110e-01
3.550000e+01 0.000000e+00 2.812144e-01 2.812144e-01
3.560000e+01 0.000000e+00 2.808185e-01 2.808185e-01
3.570000e+01 0.000000e+00 2.804234e-01 2.804234e-01
3.580000e+01 0.000000e+00 2.800291e-01 2.800291e-01
3.590000e+01 0.000000e+00 2.796355e-01 2.796355e-01
3.600000e+01 0.000000e+00 2.792428e-01 2.792428e-01
3.610000e+01 0.000000e+00 2.788508e-01 2.788508e-01
3.620000e+01 0.000000e+00 2.784597e-01 2.784597e-01
3.630000e+01 0.000000e+00 2.780693e-01 2.780693e-01
3.640000e+01 0.000000e+00 2.776797e-01 2.776797e-01
3.650000e+01 0.000000e+00 2.772908e-01 2.772908e-01
3.660000e+01 0.000000e+00 2.769028e-01 2.769028e-01
3.670000e+01 0.000000e+00 2.765156e-01 2.765156e-01
3.680000e+01 0.000000e+00 2.761291e-01 2.761291e-01
3.690000e+01 0.000000e+00 2.757435e-01 2.757435e-01
3.700000e+01 0.000000e+00 2.753586e-01 2.753586e-01
3.710000e+01 0.000000e+00 2.749745e-01 2.749745e-01
3.720000e+01 0.000000e+00 2.745912e-01 2.745912e-01
3.730000e+01 0.000000e+00 2.742087e-01 2.742087e-01
3.740000e+01 0.000000e+00 2.738270e-01 2.738270e-01
3.750000e+01 0.000000e+00 2.734461e-01 2.734461e-01
3.760000e+01 0.000000e+00 2.730660e-01 2.730660e-01
3.770000e+01 0.000000e+00 2.726867e-01 2.726867e-01
3.780000e+01 0.000000e+00 2.723082e-01 2.723082e-01
3.790000e+01 0.000000e+00 2.719304e-01 2.719304e-01
3.800000e+01 0.000000e+00 2.715535e-01 2.715535e-01
3.810000e+01 0.000000e+00 2.711773e-01 2.711773e-01
3.820000e+01 0.000000e+00 2.708019e-01 2.708019e-01
3.830000e+01 0.000000e+00 2.704273e-01 2.704273e-01
3.840000e+01 0.000000e+00 2.700535e-01 2.700535e-01
3.850000e+01 0.000000e+00 2.696805e-01 2.696805e-01
3.860000e+01 0.000000e+00 2.693083e-01 2.693083e-01
3.870000e+01 0.000000e+00 2.689369e-01 2.689369e-01
3.880000e+01 0.000000e+00 2.685663e-01 2.685663e-01
3.890000e+01 0.000000e+00 2.681964e-01 2.681964e-01
3.900000e+01 0.000000e+00 2.678274e-01 2.678274e-01
3.910000e+01 0.000000e+00 2.674591e-01 2.674591e-01
3.920000e+01 0.000000e+00 2.670916e-01 2.670916e-01
3.930000e+01 0.000000e+00 2.667249e-01 2.667249e-01
3.940000e+01 0.000000e+00 2.663590e-01 2.663590e-01
3.950000e+01 0.000000e+00 2.659939e-01 2.659939e-01
3.960000e+01 0.000000e+00 2.656296e-01 2.656296e-01
3.970000e+01 0.000000e+00 2.652660e-01 2.652660e-01
3.980000e+01 0.000000e+00 2.649032e-01 2.649032e-01
3.990000e+01 0.000000e+00 2.645412e-01 2.645412e-01
4.000000e+01 0.000000e+00 2.641800e-01 2.641800e-01
4.010000e+01 0.000000e+00 2.638195e-01 2.638195e-01
4.020000e+01 0.000000e+00 2.634599e-01 2.634599e-01
4.030000e+01 0.000000e+00 2.631010e-01 2.631010e-01
4.040000e+01 0.000000e+00 2.627429e-01 2.627429e-01
4.050000e+01 0.000000e+00 2.623856e-01 2.623856e-01
4.060000e+01 0.000000e+00 2.620290e-01 2.620290e-01
4.070000e+01 0.000000e+00 2.616732e-01 2.616732e-01
4.080000e+01 0.000000e+00 2.613182e-01 2.613182e-01
4.090000e+01 0.000000e+00 2.609639e-01 2.609639e-01
4.100000e+01 0.000000e+00 2.606104e-01 2.606104e-01
4.110000e+01 0.000000e+00 2.602577e-01 2.602577e-01
4.120000e+01 0.000000e+00 2.599058e-01 2.599058e-01
4.130000e+01 0.000000e+00 2.595546e-01 2.595546e-01
4.140000e+01 0.000000e+00 2.592042e-01 2.592042e-01
4.150000e+01 0.000000e+00 2.588545e-01 2.588545e-01
4.160000e+01 0.000000e+00 2.585056e-01 2.585056e-01
4.170000e+01 0.000000e+00 2.581575e-01 2.581575e-01
4.180000e+01 0.000000e+00 2.578101e-01 2.578101e-01
4.190000e+01 0.000000e+00 2.574635e-01 2.574635e-01
4.200000e+01 0.000000e+00 2.571176e-01 2.571176e-01
4.210000e+01 0.000000e+00 2.567725e-01 2.567725e-01
4.220000e+01 0.000000e+00 2.564282e-01 2.564282e-01
4.230000e+01 0.000000e+00 2.560845e-01 2.560845e-01
4.240000e+01 0.000000e+00 2.557417e-01 2.557417e-01
4.250000e+01 0.000000e+00 2.553996e-01 2.553996e-01
4.260000e+01 0.000000e+00 2.550582e-01 2.550582e-01
4.270000e+01 0.000000e+00 2.547176e-01 2.547176e-01
4.280000e+01 0.000000e+00 2.543777e-01 2.543777e-01
4.290000e+01 0.000000e+00 2.540386e-01 2.540386e-01
4.300000e+01 0.000000e+00 2.537002e-01 2.537002e-01
4.310000e+01 0.000000e+00 2.533626e-01 2.533626e-01
4.320000e+01 0.000000e+00 2.530257e-01 2.530257e-01
4.330000e+01 0.000000e+00 2.526895e-01 2.526895e-01
4.340000e+01 0.000000e+00 2.523541e-01 2.523541e-01
4.350000e+01 0.000000e+00 2.520194e-01 2.520194e-01
4.360000e+01 0.000000e+00 2.516854e-01 2.516854e-01
4.370000e+01 0.000000e+00 2.513521e-01 2.513521e-01
4.380000e+01 0.000000e+00 2.510196e-01 2.510196e-01
4.390000e+01 0.000000e+00 2.506878e-01 2.506878e-01
4.400000e+01 0.000000e+00 2.503568e-01 2.503568e-01
4.410000e+01 0.000000e+00 2.500264e-01 2.500264e-01
4.420000e+01 0.000000e+00 2.496968e-01 2.496968e-01
4.430000e+01 0.000000e+00 2.493679e-01 2.493679e-01
4.440000e+01 0.000000e+00 2.490398e-01 2.490398e-01
4.450000e+01 0.000000e+00 2.487123e-01 2.487123e-01
4.460000e+01 0.000000e+00 2.483856e-01 2.483856e-01
4.470000e+01 0.000000e+00 2.480595e-01 2.480595e-01
4.480000e+01 0.000000e+00 2.477342e-01 2.477342e-01
4.490000e+01 0.000000e+00 2.474096e-01 2.474096e-01
4.500000e+01 0.000000e+00 2.470857e-01 2.470857e-01
4.510000e+01 0.000000e+00 2.467625e-01 2.467625e-01
4.520000e+01 0.000000e+00 2.464400e-01 2.464400e-01
4.530000e+01 0.000000e+00 2.461183e-01 2.461183e-01
4.540000e+01 0.000000e+00 2.457972e-01 2.457972e-01
4.550000e+01 0.000000e+00 2.454768e-01 2.454768e-01
4.560000e+01 0.000000e+00 2.451572e-01 2.451572e-01
4.570000e+01 0.000000e+00 2.448382e-01 2.448382e-01
4.580000e+01 0.000000e+00 2.445199e-01 2.445199e-01
4.590000e+01 0.000000e+00 2.442023e-01 2.442023e-01
4.600000e+01 0.000000e+00 2.438854e-01 2.438854e-01
4.610000e+01 0.000000e+00 2.435692e-01 2.435692e-01
4.620000e+01 0.000000e+00 2.432537e-01 2.432537e-01
4.630000e+01 0.000000e+00 2.429388e-01 2.429388e-01
4.640000e+01 0.000000e+00 2.426247e-01 2.426247e-01
4.650000e+01 0.000000e+00 2.423112e-01 2.423112e-01
4.660000e+01 0.000000e+00 2.419984e-01 2.419984e-01
4.670000e+01 0.000000e+00 2.416863e-01 2.416863e-01
4.680000e+01 0.000000e+00 2.413749e-01 2.413749e-01
4.690000e+01 0.000000e+00 2.410641e-01 2.410641e-01
4.700000e+01 0.000000e+00 2.407541e-01 2.407541e-01
4.710000e+01 0.000000e+00 2.404447e-01 2.404447e-01
4.720000e+01 0.000000e+00 2.401359e-01 2.401359e-01
4.730000e+01 0.000000e+00 2.398279e-01 2.398279e-01
4.740000e+01 0.000000e+00 2.395205e-01 2.395205e-01
4.750000e+01 0.000000e+00 2.392137e-01 2.392137e-01
4.760000e+01 0.000000e+00 2.389077e-01 2.389077e-01
4.770000e+01 0.000000e+00 2.386023e-01 2.386023e-01
4.780000e+01 0.000000e+00 2.382975e-01 2.382975e-01
4.790000e+01 0.000000e+00 2.379934e-01 2.379934e-01
4.800000e+01 0.000000e+00 2.376900e-01 2.376900e-01
4.810000e+01 0.000000e+00 2.373872e-01 2.373872e-01
4.820000e+01 0.000000e+00 2.370851e-01 2.370851e-01
4.830000e+01 0.000000e+00 2.367837e-01 2.367837e-01
4.840000e+01 0.000000e+00 2.364828e-01 2.364828e-01
4.850000e+01 0.000000e+00 2.361827e-01 2.361827e-01
4.860000e+01 0.000000e+00 2.358831e-01 2.358831e-01
4.870000e+01 0.000000e+00 2.355842e-01 2.355842e-01
4.880000e+01 0.000000e+00 2.352860e-01 2.352860e-01
4.890000e+01 0.000000e+00 2.349884e-01 2.349884e-01
4.900000e+01 0.000000e+00 2.346915e-01 2.346915e-01
4.910000e+01 0.000000e+00 2.343951e-01 2.343951e-01
4.920000e+01 0.000000e+00 2.340995e-01 2.340995e-01
4.930000e+01 0.000000e+00 2.338044e-01 2.338044e-01
4.940000e+01 0.000000e+00 2.335100e-01 2.335100e-01
4.950000e+01 0.000000e+00 2.332162e-01 2.332162e-01
4.960000e+01 0.000000e+00 2.329231e-01 2.329231e-01
4.970000e+01 0.000000e+00 2.326306e-01 2.326306e-01
4.980000e+01 0.000000e+00 2.323387e-01 2.323387e-01
4.990000e+01 0.000000e+00 2.320474e-01 2.320474e-01
5.000000e+01 0.000000e+00 2.317568e-01 2.317568e-01
5.010000e+01 0.000000e+00 2.314667e-01 2.314667e-01
5.020000e+01 0.000000e+00 2.311773e-01 2.311773e-01
5.030000e+01 0.000000e+00 2.308885e-01 2.308885e-01
5.040000e+01 0.000000e+00 2.306004e-01 2.306004e-01
5.050000e+01 0.000000e+00 2.303128e-01 2.303128e-01
5.060000e+01 0.000000e+00 2.300258e-01 2.300258e-01
5.070000e+01 0.000000e+00 2.297395e-01 2.297395e-01
5.080000e+01 0.000000e+00 2.294538e-01 2.294538e-01
5.090000e+01 0.000000e+00 2.291686e-01 2.291686e-01
5.100000e+01 0.000000e+00 2.288841e-01 2.288841e-01
5.110000e+01 0.000000e+00 2.286002e-01 2.286002e-01
5.120000e+01 0.000000e+00 2.283169e-01 2.283169e-01
5.130000e+01 0.000000e+00 2.280342e-01 2.280342e-01
5.140000e+01 0.000000e+00 2.277521e-01 2.277521e-01
5.150000e+01 0.000000e+00 2.274707e-01 2.274707e-01
5.160000e+01 0.000000e+00 2.271898e-01 2.271898e-01
5.170000e+01 0.000000e+00 2.269094e-01 2.269094e-01
5.180000e+01 0.000000e+00 2.266297e-01 2.266297e-01
5.190000e+01 0.000000e+00 2.263506e-01 2.263506e-01
5.200000e+01 0.000000e+00 2.260720e-01 2.260720e-01
5.210000e+01 0.000000e+00 2.257941e-01 2.257941e-01
5.220000e+01 0.000000e+00 2.255167e-01 2.255167e-01
5.230000e+01 0.000000e+00 2.252399e-01 2.252399e-01
5.240000e+01 0.000000e+00 2.249637e-01 2.249637e-01
5.250000e+01 0.000000e+00 2.246881e-01 2.246881e-01
5.260000e+01 0.000000e+00 2.244131e-01 2.244131e-01
5.270000e+01 0.000000e+00 2.241386e-01 2.241386e-01
5.280000e+01 0.000000e+00 2.238647e-01 2.238647e-01
5.290000e+01 0.000000e+00 2.235914e-01 2.235914e-01
5.300000e+01 0.000000e+00 2.233187e-01 2.233187e-01
5.310000e+01 0.000000e+00 2.230465e-01 2.230465e-01
5.320000e+01 0.000000e+00 2.227749e-01 2.227749e-01
5.330000e+01 0.000000e+00 2.225039e-01 2.225039e-01
5.340000e+01 0.000000e+00 2.222334e-01 2.222334e-01
5.350000e+01 0.000000e+00 2.219635e-01 2.219635e-01
5.360000e+01 0.000000e+00 2.216941e-01 2.216941e-01
5.370000e+01 0.000000e+00 2.214253e-01 2.214253e-01
5.380000e+01 0.000000e+00 2.211571e-01 2.211571e-01
5.390000e+01 0.000000e+00 2.208894e-01 2.208894e-01
5.400000e+01 0.000000e+00 2.206223e-01 2.206223e-01
5.410000e+01 0.000000e+00 2.203557e-01 2.203557e-01
5.420000e+01 0.000000e+00 2.200897e-01 2.200897e-01
5.430000e+01 0.000000e+00 2.198243e-01 2.198243e-01
5.440000e+01 0.000000e+00 2.195594e-01 2.195594e-01
5.450000e+01 0.000000e+00 2.192951e-01 2.192951e-01
5.460000e+01 0.000000e+00 2.190313e-01 2.190313e-01
5.470000e+01 0.000000e+00 2.187680e-01 2.187680e-01
5.480000e+01 0.000000e+00 2.185053e-01 2.185053e-01
5.490000e+01 0.000000e+00 2.182432e-01 2.182432e-01
5.500000e+01 0.000000e+00 2.179816e-01 2.179816e-01
5.510000e+01 0.000000e+00 2.177205e-01 2.177205e-01
5.520000e+01 0.000000e+00 2.174600e-01 2.174600e-01
5.530000e+01 0.000000e+00 2.172000e-01 2.172000e-01
5.540000e+01 0.000000e+00 2.169406e-01 2.169406e-01
5.550000e+01 0.000000e+00 2.166816e-01 2.166816e-01
5.560000e+01 0.000000e+00 2.164232e-01 2.164232e-01
5.570000e+01 0.000000e+00 2.161654e-01 2.161654e-01
5.580000e+01 0.000000e+00 2.159080e-01 2.159080e-01
5.590000e+01 0.000000e+00 2.156512e-01 2.156512e-01
5.600000e+01 0.000000e+00 2.153950e-01 2.153950e-01
5.610000e+01 0.000000e+00 2.151392e-01 2.151392e-01
5.620000e+01 0.000000e+00 2.148840e-01 2.148840e-01
5.630000e+01 0.000000e+00 2.146293e-01 2.146293e-01
5.640000e+01 0.000000e+00 2.143751e-01 2.143751e-01
5.650000e+01 0.000000e+00 2.141215e-01 2.141215e-01
5.660000e+01 0.000000e+00 2.138683e-01 2.138683e-01
5.670000e+01 0.000000e+00 2.136157e-01 2.136157e-01
5.680000e+01 0.000000e+00 2.133636e-01 2.133636e-01
5.690000e+01 0.000000e+00 2.131120e-01 2.131120e-01
5.700000e+01 0.000000e+00 2.128609e-01 2.128609e-01
5.710000e+01 0.000000e+00 2.126104e-01 2.126104e-01
5.720000e+01 0.000000e+00 2.123603e-01 2.123603e-01
5.730000e+01 0.000000e+00 2.121107e-01 2.121107e-01
5.740000e+01 0.000000e+00 2.118617e-01 2.118617e-01
5.750000e+01 0.000000e+00 2.116131e-01 2.116131e-01
5.760000e+01 0.000000e+00 2.113651e-01 2.113651e-01
5.770000e+01 0.000000e+00 2.111175e-01 2.111175e-01
5.780000e+01 0.000000e+00 2.108705e-01 2.108705e-01
5.790000e+01 0.000000e+00 2.106240e-01 2.106240e-01
5.800000e+01 0.000000e+00 2.103780e-01 2.103780e-01
5.810000e+01 0.000000e+00 2.101324e-01 2.101324e-01
5.820000e+01 0.000000e+00 2.098874e-01 2.098874e-01
5.830000e+01 0.000000e+00 2.096428e-01 2.096428e-01
5.840000e+01 0.000000e+00 2.093987e-01 2.093987e-01
5.850000e+01 0.000000e+00 2.091552e-01 2.091552e-01
5.860000e+01 0.000000e+00 2.089121e-01 2.089121e-01
5.870000e+01 0.000000e+00 2.086694e-01 2.086694e-01
5.880000e+01 0.000000e+00 2.084273e-01 2.084273e-01
5.890000e+01 0.000000e+00 2.081857e-01 2.081857e-01
5.900000e+01 0.000000e+00 2.079445e-01 2.079445e-01
5.910000e+01 0.000000e+00 2.077038e-01 2.077038e-01
5.920000e+01 0.000000e+00 2.074636e-01 2.074636e-01
5.930000e+01 0.000000e+00 2.072239e-01 2.072239e-01
5.940000e+01 0.000000e+00 2.069847e-01 2.069847e-01
5.950000e+01 0.000000e+00 2.067459e-01 2.067459e-01
5.960000e+01 0.000000e+00 2.065076e-01 2.065076e-01
5.970000e+01 0.000000e+00 2.062698e-01 2.062698e-01
5.980000e+01 0.000000e+00 2.060325e-01 2.060325e-01
5.990000e+01 0.000000e+00 2.057957e-01 2.057957e-01
6.000000e+01 0.000000e+00 2.055593e-01 2.055593e-01
6.010000e+01 0.000000e+00 2.053234e-01 2.053234e-01
6.020000e+01 0.000000e+00 2.050879e-01 2.050879e-01
6.030000e+01 0.000000e+00 2.048529e-01 2.048529e-01
6.040000e+01 0.000000e+00 2.046184e-01 2.046184e-01
6.050000e+01 0.000000e+00 2.043844e-01 2.043844e-01
6.060000e+01 0.000000e+00 2.041508e-01 2.041508e-01
6.070000e+01 0.000000e+00 2.039176e-01 2.039176e-01
6.080000e+01 0.000000e+00 2.036850e-01 2.036850e-01
6.090000e+01 0.000000e+00 2.034528e-01 2.034528e-01
6.100000e+01 0.000000e+00 2.032210e-01 2.032210e-01
6.110000e+01 0.000000e+00 2.029897e-01 2.029897e-01
6.120000e+01 0.000000e+00 2.027588e-01 2.027588e-01
6.130000e+01 0.000000e+00 2.025284e-01 2.025284e-01
6.140000e+01 0.000000e+00 2.022985e-01 2.022985e-01
6.150000e+01 0.000000e+00 2.020690e-01 2.020690e-01
6.160000e+01 0.000000e+00 2.018400e-01 2.018400e-01
6.170000e+01 0.000000e+00 2.016114e-01 2.016114e-01
6.180000e+01 0.000000e+00 2.013832e-01 2.013832e-01
6.190000e+01 0.000000e+00 2.011555e-01 2.011555e-01
6.200000e+01 0.000000e+00 2.009283e-01 2.009283e-01
6.210000e+01 0.000000e+00 2.007015e-01 2.007015e-01
6.220000e+01 0.000000e+00 2.004751e-01 2.004751e-01
6.230000e+01 0.000000e+00 2.002492e-01 2.002492e-01
6.240000e+01 0.000000e+00 2.000237e-01 2.000237e-01
6.250000e+01 0.000000e+00 1.997986e-01 1.997986e-01
6.260000e+01 0.000000e+00 1.995740e-01 1.995740e-01
6.270000e+01 0.000000e+00 1.993498e-01 1.993498e-01
6.280000e+01 0.000000e+00 1.991261e-01 1.991261e-01
6.290000e+01 0.000000e+00 1.989028e-01 1.989028e-01
6.300000e+01 0.000000e+00 1.986799e-01 1.986799e-01
6.310000e+01 0.000000e+00 1.984574e-01 1.984574e-01
6.320000e+01 0.000000e+00 1.982354e-01 1.982354e-01
6.330000e+01 0.000000e+00 1.980138e-01 1.980138e-01
6.340000e+01 0.000000e+00 1.977927e-01 1.977927e-01
6.350000e+01 0.000000e+00 1.975719e-01 1.975719e-01
6.360000e+01 0.000000e+00 1.973516e-01 1.973516e-01
6.370000e+01 0.000000e+00 1.971317e-01 1.971317e-01
6.380000e+01 0.000000e+00 1.969122e-01 1.969122e-01
6.390000e+01 0.000000e+00 1.966931e-01 1.966931e-01
6.400000e+01 0.000000e+00 1.964745e-01 1.964745e-01
6.410000e+01 0.000000e+00 1.962563e-01 1.962563e-01
6.420000e+01 0.000000e+00 1.960385e-01 1.960385e-01
6.430000e+01 0.000000e+00 1.958211e-01 1.958211e-01
6.440000e+01 0.000000e+00 1.956042e-01 1.956042e-01
6.450000e+01 0.000000e+00 1.953876e-01 1.953876e-01
6.460000e+01 0.000000e+00 1.951715e-01 1.951715e-01
6.470000e+01 0.000000e+00 1.949558e-01 1.949558e-01
6.480000e+01 0.000000e+00 1.947405e-01 1.947405e-01
6.490000e+01 0.000000e+00 1.945256e-01 1.945256e-01
6.500000e+01 0.000000e+00 1.943112e-01 1.943112e-01
6.510000e+01 0.000000e+00 1.940971e-01 1.940971e-01
6.520000e+01 0.000000e+00 1.938834e-01 1.938834e-01
6.530000e+01 0.000000e+00 1.936702e-01 1.936702e-01
6.540000e+01 0.000000e+00 1.934573e-01 1.934573e-01
6.550000e+01 0.000000e+00 1.932448e-01 1.932448e-01
6.560000e+01 0.000000e+00 1.930328e-01 1.930328e-01
6.570000e+01 0.000000e+00 1.928211e-01 1.928211e-01
6.580000e+01 0.000000e+00 1.926099e-01 1.926099e-01
6.590000e+01 0.000000e+00 1.923990e-01 1.923990e-01
6.600000e+01 0.000000e+00 1.921886e-01 1.921886e-01
6.610000e+01 0.000000e+00 1.919785e-01 1.919785e-01
6.620000e+01 0.000000e+00 1.917688e-01 1.917688e-01
6.630000e+01 0.000000e+00 1.915596e-01 1.915596e-01
6.640000e+01 0.000000e+00 1.913507e-01 1.913507e-01
6.650000e+01 0.000000e+00 1.911422e-01 1.911422e-01
6.660000e+01 0.000000e+00 1.909341e-01 1.909341e-01
6.670000e+01 0.000000e+00 1.907264e-01 1.907264e-01
6.680000e+01 0.000000e+00 1.905191e-01 1.905191e-01
6.690000e+01 0.000000e+00 1.903122e-01 1.903122e-01
6.700000e+01 0.000000e+00 1.901057e-01 1.901057e-01
6.710000e+01 0.000000e+00 1.898995e-01 1.898995e-01
6.720000e+01 0.000000e+00 1.896937e-01 1.896937e-01
6.730000e+01 0.000000e+00 1.894883e-01 1.894883e-01
6.740000e+01 0.000000e+00 1.892833e-01 1.892833e-01
6.750000e+01 0.000000e+00 1.890787e-01 1.890787e-01
6.760000e+01 0.000000e+00 1.888745e-01 1.888745e-01
6.770000e+01 0.000000e+00 1.886706e-01 1.886706e-01
6.780000e+01 0.000000e+00 1.884672e-01 1.884672e-01
6.790000e+01 0.000000e+00 1.882641e-01 1.882641e-01
6.800000e+01 0.000000e+00 1.880613e-01 1.880613e-01
6.810000e+01 0.000000e+00 1.878590e-01 1.878590e-01
6.820000e+01 0.000000e+00 1.876570e-01 1.876570e-01
6.830000e+01 0.000000e+00 1.874554e-01 1.874554e-01
6.840000e+01 0.000000e+00 1.872542e-01 1.872542e-01
6.850000e+01 0.000000e+00 1.870534e-01 1.870534e-01
6.860000e+01 0.000000e+00 1.868529e-01 1.868529e-01
6.870000e+01 0.000000e+00 1.866528e-01 1.866528e-01
6.880000e+01 0.000000e+00 1.864530e-01 1.864530e-01
6.890000e+01 0.000000e+00 1.862536e-01 1.862536e-01
6.900000e+01 0.000000e+00 1.860546e-01 1.860546e-01
6.910000e+01 0.000000e+00 1.858560e-01 1.858560e-01
6.920000e+01 0.000000e+00 1.856577e-01 1.856577e-01
6.930000e+01 0.000000e+00 1.854598e-01 1.854598e-01
6.940000e+01 0.000000e+00 1.852622e-01 1.852622e-01
6.950000e+01 0.000000e+00 1.850650e-01 1.850650e-01
6.960000e+01 0.000000e+00 1.848682e-01 1.848682e-01
6.970000e+01 0.000000e+00 1.846717e-01 1.846717e-01
6.980000e+01 0.000000e+00 1.844756e-01 1.844756e-01
6.990000e+01 0.000000e+00 1.842798e-01 1.842798e-01
7.000000e+01 0.000000e+00 1.840844e-01 1.840844e-01
7.010000e+01 0.000000e+00 1.838894e-01 1.838894e-01
7.020000e+01 0.000000e+00 1.836947e-01 1.836947e-01
7.030000e+01 0.000000e+00 1.835003e-01 1.835003e-01
7.040000e+01 0.000000e+00 1.833063e-01 1.833063e-01
7.050000e+01 0.000000e+00 1.831127e-01 1.831127e-01
7.060000e+01 0.000000e+00 1.829194e-01 1.829194e-01
7.070000e+01 0.000000e+00 1.827265e-01 1.827265e-01
7.080000e+01 0.000000e+00 1.825339e-01 1.825339e-01
7.090000e+01 0.000000e+00 1.823417e-01 1.823417e-01
7.100000e+01 0.000000e+00 1.821498e-01 1.821498e-01
7.110000e+01 0.000000e+00 1.819582e-01 1.819582e-01
7.120000e+01 0.000000e+00 1.817670e-01 1.817670e-01
7.130000e+01 0.000000e+00 1.815761e-01 1.815761e-01
7.140000e+01 0.000000e+00 1.813856e-01 1.813856e-01
7.150000e+01 0.000000e+00 1.811954e-01 1.811954e-01
7.160000e+01 0.000000e+00 1.810056e-01 1.810056e-01
7.170000e+01 0.000000e+00 1.808161e-01 1.808161e-01
7.180000e+01 0.000000e+00 1.806270e-01 1.806270e-01
7.190000e+01 0.000000e+00 1.804381e-01 1.804381e-01
7.200000e+01 0.000000e+00 1.802497e-01 1.802497e-01
7.210000e+01 0.000000e+00 1.800615e-01 1.800615e-01
7.220000e+01 0.000000e+00 1.798737e-01 1.798737e-01
7.230000e+01 0.000000e+00 1.796862e-01 1.796862e-01
7.240000e+01 0.000000e+00 1.794991e-01 1.794991e-01
7.250000e+01 0.000000e+00 1.793123e-01 1.793123e-01
7.260000e+01 0.000000e+00 1.791258e-01 1.791258e-01
7.270000e+01 0.000000e+00 1.789397e-01 1.789397e-01
7.280000e+01 0.000000e+00 1.787539e-01 1.787539e-01
7.290000e+01 0.000000e+00 1.785684e-01 1.785684e-01
7.300000e+01 0.000000e+00 1.783832e-01 1.783832e-01
7.310000e+01 0.000000e+00 1.781984e-01 1.781984e-01
7.320000e+01 0.000000e+00 1.780139e-01 1.780139e-01
7.330000e+01 0.000000e+00 1.778298e-01 1.778298e-01
7.340000e+01 0.000000e+00 1.776459e-01 1.776459e-01
7.350000e+01 0.000000e+00 1.774624e-01 1.774624e-01
7.360000e+01 0.000000e+00 1.772792e-01 1.772792e-01
7.370000e+01 0.000000e+00 1.770963e-01 1.770963e-01
7.380000e+01 0.000000e+00 1.769138e-01 1.769138e-01
7.390000e+01 0.000000e+00 1.767315e-01 1.767315e-01
7.400000e+01 0.000000e+00 1.765496e-01 1.765496e-01
7.410000e+01 0.000000e+00 1.763680e-01 1.763680e-01
7.420000e+01 0.000000e+00 1.761868e-01 1.761868e-01
7.430000e+01 0.000000e+00 1.760058e-01 1.760058e-01
7.440000e+01 0.000000e+00 1.758252e-01 1.758252e-01
7.450000e+01 0.000000e+00 1.756449e-01 1.756449e-01
7.460000e+01 0.000000e+00 1.754649e-01 1.754649e-01
7.470000e+01 0.000000e+00 1.752852e-01 1.752852e-01
7.480000e+01 0.000000e+00 1.751058e-01 1.751058e-01
7.490000e+01 0.000000e+00 1.749267e-01 1.749267e-01
7.500000e+01 0.000000e+00 1.747479e-01 1.747479e-01
7.510000e+01 0.000000e+00 1.745695e-01 1.745695e-01
7.520000e+01 0.000000e+00 1.743913e-01 1.743913e-01
7.530000e+01 0.000000e+00 1.742135e-01 1.742135e-01
7.540000e+01 0.000000e+00 1.740360e-01 1.740360e-01
7.550000e+01 0.000000e+00 1.738588e-01 1.738588e-01
7.560000e+01 0.000000e+00 1.736819e-01 1.736819e-01
7.570000e+01 0.000000e+00 1.735053e-01 1.735053e-01
7.580000e+01 0.000000e+00 1.733290e-01 1.733290e-01
7.590000e+01 0.000000e+00 1.731530e-01 1.731530e-01
7.600000e+01 0.000000e+00 1.729773e-01 1.729773e-01
7.610000e+01 0.000000e+00 1.728019e-01 1.728019e-01
7.620000e+01 0.000000e+00 1.726268e-01 1.726268e-01
7.630000e+01 0.000000e+00 1.724520e-01 1.724520e-01
7.640000e+01 0.000000e+00 1.722775e-01 1.722775e-01
7.650000e+01 0.000000e+00 1.721033e-01 1.721033e-01
7.660000e+01 0.000000e+00 1.719294e-01 1.719294e-01
7.670000e+01 0.000000e+00 1.717559e-01 1.717559e-01
7.680000e+01 0.000000e+00 1.715826e-01 1.715826e-01
7.690000e+01 0.000000e+00 1.714096e-01 1.714096e-01
7.700000e+01 0.000000e+00 1.712369e-01 1.712369e-01
7.710000e+01 0.000000e+00 1.710645e-01 1.710645e-01
7.720000e+01 0.000000e+00 1.708924e-01 1.708924e-01
7.730000e+01 0.000000e+00 1.707206e-01 1.707206e-01
7.740000e+01 0.000000e+00 1.705491e-01 1.705491e-01
7.750000e+01 0.000000e+00 1.703779e-01 1.703779e-01
7.760000e+01 0.000000e+00 1.702070e-01 1.702070e-01
7.770000e+01 0.000000e+00 1.700363e-01 1.700363e-01
7.780000e+01 0.000000e+00 1.698660e-01 1.698660e-01
7.790000e+01 0.000000e+00 1.696959e-01 1.696959e-01
7.800000e+01 0.000000e+00 1.695261e-01 1.695261e-01
7.810000e+01 0.000000e+00 1.693567e-01 1.693567e-01
7.820000e+01 0.000000e+00 1.691875e-01 1.691875e-01
7.830000e+01 0.000000e+00 1.690185e-01 1.690185e-01
7.840000e+01 0.000000e+00 1.688499e-01 1.688499e-01
7.850000e+01 0.000000e+00 1.686815e-01 1.686815e-01
7.860000e+01 0.000000e+00 1.685135e-01 1.685135e-01
7.870000e+01 0.000000e+00 1.683457e-01 1.683457e-01
7.880000e+01 0.000000e+00 1.681782e-01 1.681782e-01
7.890000e+01 0.000000e+00 1.680110e-01 1.680110e-01
7.900000e+01 0.000000e+00 1.678440e-01 1.678440e-01
7.910000e+01 0.000000e+00 1.676773e-01 1.676773e-01
7.920000e+01 0.000000e+00 1.675110e-01 1.675110e-01
7.930000e+01 0.000000e+00 1.673448e-01 1.673448e-01
7.940000e+01 0.000000e+00 1.671790e-01 1.671790e-01
7.950000e+01 0.000000e+00 1.670134e-01 1.670134e-01
7.960000e+01 0.000000e+00 1.668481e-01 1.668481e-01
7.970000e+01 0.000000e+00 1.666831e-01 1.666831e-01
7.980000e+01 0.000000e+00 1.665184e-01 1.665184e-01
7.990000e+01 0.000000e+00 1.663539e-01 1.663539e-01
8.000000e+01 0.000000e+00 1.661897e-01 1.661897e-01
8.010000e+01 0.000000e+00 1.660258e-01 1.660258e-01
8.020000e+01 0.000000e+00 1.658621e-01 1.658621e-01
8.030000e+01 0.000000e+00 1.656987e-01 1.656987e-01
8.040000e+01 0.000000e+00 1.655356e-01 1.655356e-01
8.050000e+01 0.000000e+00 1.653728e-01 1.653728e-01
8.060000e+01 0.000000e+00 1.652102e-01 1.652102e-01
8.070000e+01 0.000000e+00 1.650479e-01 1.650479e-01
8.080000e+01 0.000000e+00 1.648859e-01 1.648859e-01
8.090000e+01 0.000000e+00 1.647242e-01 1.647242e-01
8.100000e+01 0.000000e+00 1.645627e-01 1.645627e-01
8.110000e+01 0.000000e+00 1.644014e-01 1.644014e-01
8.120000e+01 0.000000e+00 1.642405e-01 1.642405e-01
8.130000e+01 0.000000e+00 1.640798e-01 1.640798e-01
8.140000e+01 0.000000e+00 1.639194e-01 1.639194e-01
8.150000e+01 0.000000e+00 1.637592e-01 1.637592e-01
8.160000e+01 0.000000e+00 1.635993e-01 1.635993e-01
8.170000e+01 0.000000e+00 1.634397e-01 1.634397e-01
8.180000e+01 0.000000e+00 1.632803e-01 1.632803e-01
8.190000e+01 0.000000e+00 1.631212e-01 1.631212e-01
8.200000e+01 0.000000e+00 1.629623e-01 1.629623e-01
8.210000e+01 0.000000e+00 1.628037e-01 1.628037e-01
8.220000e+01 0.000000e+00 1.626454e-01 1.626454e-01
8.230000e+01 0.000000e+00 1.624873e-01 1.624873e-01
8.240000e+01 0.000000e+00 1.623295e-01 1.623295e-01
8.250000e+01 0.000000e+00 1.621720e-01 1.621720e-01
8.260000e+01 0.000000e+00 1.620146e-01 1.620146e-01
8.270000e+01 0.000000e+00 1.618576e-01 1.618576e-01
8.280000e+01 0.000000e+00 1.617008e-01 1.617008e-01
8.290000e+01 0.000000e+00 1.615442e-01 1.615442e-01
8.300000e+01 0.000000e+00 1.613879e-01 1.613879e-01
8.310000e+01 0.000000e+00 1.612319e-01 1.612319e-01
8.320000e+01 0.000000e+00 1.610761e-01 1.610761e-01
8.330000e+01 0.000000e+00 1.609206e-01 1.609206e-01
8.340000e+01 0.000000e+00 1.607653e-01 1.607653e-01
8.350000e+01 0.000000e+00 1.606103e-01 1.606103e-01
8.360000e+01 0.000000e+00 1.604555e-01 1.604555e-01
8.370000e+01 0.000000e+00 1.603010e-01 1.603010e-01
8.380000e+01 0.000000e+00 1.601467e-01 1.601467e-01
8.390000e+01 0.000000e+00 1.599927e-01 1.599927e-01
8.400000e+01 0.000000e+00 1.598389e-01 1.598389e-01
8.410000e+01 0.000000e+00 1.596854e-01 1.596854e-01
8.420000e+01 0.000000e+00 1.595321e-01 1.595321e-01
8.430000e+01 0.000000e+00 1.593790e-01 1.593790e-01
8.440000e+01 0.000000e+00 1.592262e-01 1.592262e-01
8.450000e+01 0.000000e+00 1.590737e-01 1.590737e-01
8.460000e+01 0.000000e+00 1.589214e-01 1.589214e-01
8.470000e+01 0.000000e+00 1.587693e-01 1.587693e-01
8.480000e+01 0.000000e+00 1.586175e-01 1.586175e-01
8.490000e+01 0.000000e+00 1.584659e-01 1.584659e-01
8.500000e+01 0.000000e+00 1.583145e-01 1.583145e-01
8.510000e+01 0.000000e+00 1.581634e-01 1.581634e-01
8.520000e+01 0.000000e+00 1.580126e-01 1.580126e-01
8.530000e+01 0.000000e+00 1.578619e-01 1.578619e-01
8.540000e+01 0.000000e+00 1.577116e-01 1.577116e-01
8.550000e+01 0.000000e+00 1.575614e-01 1.575614e-01
8.560000e+01 0.000000e+00 1.574115e-01 1.574115e-01
8.570000e+01 0.000000e+00 1.572619e-01 1.572619e-01
8.580000e+01 0.000000e+00 1.571124e-01 1.571124e-01
8.590000e+01 0.000000e+00 1.569632e-01 1.569632e-01
8.600000e+01 0.000000e+00 1.568143e-01 1.568143e-01
8.610000e+01 0.000000e+00 1.566656e-01 1.566656e-01
8.620000e+01 0.000000e+00 1.565171e-01 1.565171e-01
8.630000e+01 0.000000e+00 1.563688e-01 1.563688e-01
8.640000e+01 0.000000e+00 1.562208e-01 1.562208e-01
8.650000e+01 0.000000e+00 1.560730e-01 1.560730e-01
8.660000e+01 0.000000e+00 1.559255e-01 1.559255e-01
8.670000e+01 0.000000e+00 1.557782e-01 1.557782e-01
8.680000e+01 0.000000e+00 1.556311e-01 1.556311e-01
8.690000e+01 0.000000e+00 1.554843e-01 1.554843e-01
8.700000e+01 0.000000e+00 1.553376e-01 1.553376e-01
8.710000e+01 0.000000e+00 1.551913e-01 1.551913e-01
8.720000e+01 0.000000e+00 1.550451e-01 1.550451e-01
8.730000e+01 0.000000e+00 1.548992e-01 1.548992e-01
8.740000e+01 0.000000e+00 1.547535e-01 1.547535e-01
8.750000e+01 0.000000e+00 1.546080e-01 1.546080e-01
8.760000e+01 0.000000e+00 1.544627e-01 1.544627e-01
8.770000e+01 0.000000e+00 1.543177e-01 1.543177e-01
8.780000e+01 0.000000e+00 1.541729e-01 1.541729e-01
8.790000e+01 0.000000e+00 1.540284e-01 1.540284e-01
8.800000e+01 0.000000e+00 1.538840e-01 1.538840e-01
8.810000e+01 0.000000e+00 1.537399e-01 1.537399e-01
8.820000e+01 0.000000e+00 1.535960e-01 1.535960e-01
8.830000e+01 0.000000e+00 1.534524e-01 1.534524e-01
8.840000e+01 0.000000e+00 1.533089e-01 1.533089e-01
8.850000e+01 0.000000e+00 1.531657e-01 1.531657e-01
8.860000e+01 0.000000e+00 1.530227e-01 1.530227e-01
8.870000e+01 0.000000e+00 1.528799e-01 1.528799e-01
8.880000e+01 0.000000e+00 1.527374e-01 1.527374e-01
8.890000e+01 0.000000e+00 1.525951e-01 1.525951e-01
8.900000e+01 0.000000e+00 1.524529e-01 1.524529e-01
8.910000e+01 0.000000e+00 1.523110e-01 1.523110e-01
8.920000e+01 0.000000e+00 1.521694e-01 1.521694e-01
8.930000e+01 0.000000e+00 1.520279e-01 1.520279e-01
8.940000e+01 0.000000e+00 1.518867e-01 1.518867e-01
8.950000e+01 0.000000e+00 1.517456e-01 1.517456e-01
8.960000e+01 0.000000e+00 1.516048e-01 1.516048e-01
8.970000e+01 0.000000e+00 1.514642e-01 1.514642e-01
8.980000e+01 0.000000e+00 1.513238e-01 1.513238e-01
8.990000e+01 0.000000e+00 1.511836e-01 1.511836e-01
9.000000e+01 0.000000e+00 1.510436e-01 1.510436e-01
9.010000e+01 0.000000e+00 1.509039e-01 1.509039e-01
9.020000e+01 0.000000e+00 1.507644e-01 1.507644e-01
9.030000e+01 0.000000e+00 1.506250e-01 1.506250e-01
9.040000e+01 0.000000e+00 1.504859e-01 1.504859e-01
9.050000e+01 0.000000e+00 1.503470e-01 1.503470e-01
9.060000e+01 0.000000e+00 1.502084e-01 1.502084e-01
9.070000e+01 0.000000e+00 1.500699e-01 1.500699e-01
9.080000e+01 0.000000e+00 1.499316e-01 1.499316e-01
9.090000e+01 0.000000e+00 1.497936e-01 1.497936e-01
9.100000e+01 0.000000e+00 1.496558e-01 1.496558e-01
9.110000e+01 0.000000e+00 1.495181e-01 1.495181e-01
9.120000e+01 0.000000e+00 1.493807e-01 1.493807e-01
9.130000e+01 0.000000e+00 1.492435e-01 1.492435e-01
9.140000e+01 0.000000e+00 1.491065e-01 1.491065e-01
9.150000e+01 0.000000e+00 1.489697e-01 1.489697e-01
9.160000e+01 0.000000e+00 1.488331e-01 1.488331e-01
9.170000e+01 0.000000e+00 1.486967e-01 1.486967e-01
9.180000e+01 0.000000e+00 1.485605e-01 1.485605e-01
9.190000e+01 0.000000e+00 1.484246e-01 1.484246e-01
9.200000e+01 0.000000e+00 1.482888e-01 1.482888e-01
9.210000e+01 0.000000e+00 1.481532e-01 1.481532e-01
9.220000e+01 0.000000e+00 1.480178e-01 1.480178e-01
9.230000e+01 0.000000e+00 1.478826e-01 1.478826e-01
9.240000e+01 0.000000e+00 1.477477e-01 1.477477e-01
9.250000e+01 0.000000e+00 1.476129e-01 1.476129e-01
9.260000e+01 0.000000e+00 1.474784e-01 1.474784e-01
9.270000e+01 0.000000e+00 1.473441e-01 1.473441e-01
9.280000e+01 0.000000e+00 1.472099e-01 1.472099e-01
9.290000e+01 0.000000e+00 1.470760e-01 1.470760e-01
9.300000e+01 0.000000e+00 1.469423e-01 1.469423e-01
9.310000e+01 0.000000e+00 1.468087e-01 1.468087e-01
9.320000e+01 0.000000e+00 1.466754e-01 1.466754e-01
9.330000e+01 0.000000e+00 1.465422e-01 1.465422e-01
9.340000e+01 0.000000e+00 1.464093e-01 1.464093e-01
9.350000e+01 0.000000e+00 1.462765e-01 1.462765e-01
9.360000e+01 0.000000e+00 1.461439e-01 1.461439e-01
9.370000e+01 0.000000e+00 1.460116e-01 1.460116e-01
9.380000e+01 0.000000e+00 1.458794e-01 1.458794e-01
9.390000e+01 0.000000e+00 1.457474e-01 1.457474e-01
9.400000e+01 0.000000e+00 1.456156e-01 1.456156e-01
9.410000e+01 0.000000e+00 1.454840e-01 1.454840e-01
9.420000e+01 0.000000e+00 1.453526e-01 1.453526e-01
9.430000e+01 0.000000e+00 1.452214e-01 1.452214e-01
9.440000e+01 0.000000e+00 1.450904e-01 1.450904e-01
9.450000e+01 0.000000e+00 1.449596e-01 1.449596e-01
9.460000e+01 0.000000e+00 1.448290e-01 1.448290e-01
9.470000e+01 0.000000e+00 1.446986e-01 1.446986e-01
9.480000e+01 0.000000e+00 1.445684e-01 1.445684e-01
9.490000e+01 0.000000e+00 1.444383e-01 1.444383e-01
9.500000e+01 0.000000e+00 1.443085e-01 1.443085e-01
9.510000e+01 0.000000e+00 1.441788e-01 1.441788e-01
9.520000e+01 0.000000e+00 1.440494e-01 1.440494e-01
9.530000e+01 0.000000e+00 1.439201e-01 1.439201e-01
9.540000e+01 0.000000e+00 1.437910e-01 1.437910e-01
9.550000e+01 0.000000e+00 1.436621e-01 1.436621e-01
9.560000e+01 0.000000e+00 1.435334e-01 1.435334e-01
9.570000e+01 0.000000e+00 1.434049e-01 1.434049e-01
9.580000e+01 0.000000e+00 1.432766e-01 1.432766e-01
9.590000e+01 0.000000e+00 1.431484e-01 1.431484e-01
9.600000e+01 0.000000e+00 1.430205e-01 1.430205e-01
9.610000e+01 0.000000e+00 1.428927e-01 1.428927e-01
9.620000e+01 0.000000e+00 1.427651e-01 1.427651e-01
9.630000e+01 0.000000e+00 1.426377e-01 1.426377e-01
9.640000e+01 0.000000e+00 1.425105e-01 1.425105e-01
9.650000e+01 0.000000e+00 1.423835e-01 1.423835e-01
9.660000e+01 0.000000e+00 1.422567e-01 1.422567e-01
9.670000e+01 0.000000e+00 1.421300e-01 1.421300e-01
9.680000e+01 0.000000e+00 1.420036e-01 1.420036e-01
9.690000e+01 0.000000e+00 1.418773e-01 1.418773e-01
9.700000e+01 0.000000e+00 1.417512e-01 1.417512e-01
9.710000e+01 0.000000e+00 1.416252e-01 1.416252e-01
9.720000e+01 0.000000e+00 1.414995e-01 1.414995e-01
9.730000e+01 0.000000e+00 1.413739e-01 1.413739e-01
9.740000e+01 0.000000e+00 1.412486e-01 1.412486e-01
9.750000e+01 0.000000e+00 1.411234e-01 1.411234e-01
9.760000e+01 0.000000e+00 1.409984e-01 1.409984e-01
9.770000e+01 0.000000e+00 1.408735e-01 1.408735e-01
9.780000e+01 0.000000e+00 1.407489e-01 1.407489e-01
9.790000e+01 0.000000e+00 1.406244e-01 1.406244e-01
9.800000e+01 0.000000e+00 1.405001e-01 1.405001e-01
9.810000e+01 0.000000e+00 1.403760e-01 1.403760e-01
9.820000e+01 0.000000e+00 1.402521e-01 1.402521e-01
9.830000e+01 0.000000e+00 1.401283e-01 1.401283e-01
9.840000e+01 0.000000e+00 1.400047e-01 1.400047e-01
9.850000e+01 0.000000e+00 1.398813e-01 1.398813e-01
9.860000e+01 0.000000e+00 1.397581e-01 1.397581e-01
9.870000e+01 0.000000e+00 1.396350e-01 1.396350e-01
9.880000e+01 0.000000e+00 1.395122e-01 1.395122e-01
9.890000e+01 0.000000e+00 1.393894e-01 1.393894e-01
9.900000e+01 0.000000e+00 1.392669e-01 1.392669e-01
9.910000e+01 0.000000e+00 1.391445e-01 1.391445e-01
9.920000e+01 0.000000e+00 1.390223e-01 1.390223e-01
9.930000e+01 0.000000e+00 1.389003e-01 1.389003e-01
9.940000e+01 0.000000e+00 1.387785e-01 1.387785e-01
9.950000e+01 0.000000e+00 1.386568e-01 1.386568e-01
9.960000e+01 0.000000e+00 1.385353e-01 1.385353e-01
9.970000e+01 0.000000e+00 1.384140e-01 1.384140e-01
9.980000e+01 0.000000e+00 1.382928e-01 1.382928e-01
9.990000e+01 0.000000e+00 1.381718e-01 1.381718e-01
1.000000e+02 0.000000e+00 1.380510e-01 1.380510e-01
