# # chi(t) for Pe = 1000, beta = 0.5, bridge_width = 1.0
# # Columns: time, chi, I_T (signed), I_|T| (unsigned)
0.000000e+00 0.000000e+00 3.835511e-01 3.835511e-01
1.000000e-01 2.490000e-05 3.993487e-01 3.993587e-01
2.000000e-01 0.000000e+00 3.998782e-01 3.998782e-01
3.000000e-01 0.000000e+00 4.002611e-01 4.002611e-01
4.000000e-01 0.000000e+00 4.006669e-01 4.006669e-01
5.000000e-01 0.000000e+00 4.006767e-01 4.006767e-01
6.000000e-01 1.000000e-07 4.005933e-01 4.005933e-01
7.000000e-01 1.900000e-06 4.004715e-01 4.004723e-01
8.000000e-01 8.000000e-06 3.998978e-01 3.999010e-01
9.000000e-01 1.480000e-05 4.002942e-01 4.003001e-01
1.000000e+00 1.450000e-05 4.003233e-01 4.003291e-01
1.100000e+00 7.000000e-06 4.003497e-01 4.003525e-01
1.200000e+00 4.000000e-07 4.003706e-01 4.003708e-01
1.300000e+00 0.000000e+00 4.003835e-01 4.003835e-01
1.400000e+00 0.000000e+00 4.003863e-01 4.003863e-01
1.500000e+00 0.000000e+00 4.003775e-01 4.003775e-01
1.600000e+00 0.000000e+00 4.003561e-01 4.003561e-01
1.700000e+00 0.000000e+00 4.003215e-01 4.003215e-01
1.800000e+00 0.000000e+00 4.002735e-01 4.002735e-01
1.900000e+00 0.000000e+00 4.002120e-01 4.002120e-01
2.000000e+00 0.000000e+00 4.001375e-01 4.001375e-01
2.100000e+00 0.000000e+00 4.000501e-01 4.000501e-01
2.200000e+00 0.000000e+00 3.999504e-01 3.999504e-01
2.300000e+00 0.000000e+00 3.998389e-01 3.998389e-01
2.400000e+00 0.000000e+00 3.997161e-01 3.997161e-01
2.500000e+00 0.000000e+00 3.995827e-01 3.995827e-01
2.600000e+00 0.000000e+00 3.994393e-01 3.994393e-01
2.700000e+00 0.000000e+00 3.992865e-01 3.992865e-01
2.800000e+00 0.000000e+00 3.991247e-01 3.991247e-01
2.900000e+00 0.000000e+00 3.989547e-01 3.989547e-01
3.000000e+00 0.000000e+00 3.987770e-01 3.987770e-01
3.100000e+00 0.000000e+00 3.985921e-01 3.985921e-01
3.200000e+00 0.000000e+00 3.984004e-01 3.984004e-01
3.300000e+00 0.000000e+00 3.982026e-01 3.982026e-01
3.400000e+00 0.000000e+00 3.979990e-01 3.979990e-01
3.500000e+00 0.000000e+00 3.977900e-01 3.977900e-01
3.600000e+00 0.000000e+00 3.975762e-01 3.975762e-01
3.700000e+00 0.000000e+00 3.973577e-01 3.973577e-01
3.800000e+00 0.000000e+00 3.971351e-01 3.971351e-01
3.900000e+00 0.000000e+00 3.969087e-01 3.969087e-01
4.000000e+00 0.000000e+00 3.966787e-01 3.966787e-01
4.100000e+00 0.000000e+00 3.964455e-01 3.964455e-01
4.200000e+00 0.000000e+00 3.962094e-01 3.962094e-01
4.300000e+00 0.000000e+00 3.959705e-01 3.959705e-01
4.400000e+00 0.000000e+00 3.957292e-01 3.957292e-01
4.500000e+00 0.000000e+00 3.954857e-01 3.954857e-01
4.600000e+00 0.000000e+00 3.952402e-01 3.952402e-01
4.700000e+00 0.000000e+00 3.949928e-01 3.949928e-01
4.800000e+00 0.000000e+00 3.947439e-01 3.947439e-01
4.900000e+00 0.000000e+00 3.944934e-01 3.944934e-01
5.000000e+00 0.000000e+00 3.942417e-01 3.942417e-01
5.100000e+00 0.000000e+00 3.939889e-01 3.939889e-01
5.200000e+00 0.000000e+00 3.937350e-01 3.937350e-01
5.300000e+00 0.000000e+00 3.934803e-01 3.934803e-01
5.400000e+00 0.000000e+00 3.932249e-01 3.932249e-01
5.500000e+00 0.000000e+00 3.929688e-01 3.929688e-01
5.600000e+00 0.000000e+00 3.927121e-01 3.927121e-01
5.700000e+00 0.000000e+00 3.924551e-01 3.924551e-01
5.800000e+00 0.000000e+00 3.921977e-01 3.921977e-01
5.900000e+00 0.000000e+00 3.919400e-01 3.919400e-01
6.000000e+00 0.000000e+00 3.916822e-01 3.916822e-01
6.100000e+00 0.000000e+00 3.914242e-01 3.914242e-01
6.200000e+00 0.000000e+00 3.911663e-01 3.911663e-01
6.300000e+00 0.000000e+00 3.909083e-01 3.909083e-01
6.400000e+00 0.000000e+00 3.906505e-01 3.906505e-01
6.500000e+00 0.000000e+00 3.903927e-01 3.903927e-01
6.600000e+00 0.000000e+00 3.901352e-01 3.901352e-01
6.700000e+00 0.000000e+00 3.898779e-01 3.898779e-01
6.800000e+00 0.000000e+00 3.896209e-01 3.896209e-01
6.900000e+00 0.000000e+00 3.893642e-01 3.893642e-01
7.000000e+00 0.000000e+00 3.891079e-01 3.891079e-01
7.100000e+00 0.000000e+00 3.888519e-01 3.888519e-01
7.200000e+00 0.000000e+00 3.885964e-01 3.885964e-01
7.300000e+00 0.000000e+00 3.883413e-01 3.883413e-01
7.400000e+00 0.000000e+00 3.880867e-01 3.880867e-01
7.500000e+00 0.000000e+00 3.878326e-01 3.878326e-01
7.600000e+00 0.000000e+00 3.875791e-01 3.875791e-01
7.700000e+00 0.000000e+00 3.873260e-01 3.873260e-01
7.800000e+00 0.000000e+00 3.870736e-01 3.870736e-01
7.900000e+00 0.000000e+00 3.868217e-01 3.868217e-01
8.000000e+00 0.000000e+00 3.865704e-01 3.865704e-01
8.100000e+00 0.000000e+00 3.863197e-01 3.863197e-01
8.200000e+00 0.000000e+00 3.860697e-01 3.860697e-01
8.300000e+00 0.000000e+00 3.858203e-01 3.858203e-01
8.400000e+00 0.000000e+00 3.855715e-01 3.855715e-01
8.500000e+00 0.000000e+00 3.853234e-01 3.853234e-01
8.600000e+00 0.000000e+00 3.850759e-01 3.850759e-01
8.700000e+00 0.000000e+00 3.848291e-01 3.848291e-01
8.800000e+00 0.000000e+00 3.845830e-01 3.845830e-01
8.900000e+00 0.000000e+00 3.843376e-01 3.843376e-01
9.000000e+00 0.000000e+00 3.840929e-01 3.840929e-01
9.100000e+00 0.000000e+00 3.838488e-01 3.838488e-01
9.200000e+00 0.000000e+00 3.836055e-01 3.836055e-01
9.300000e+00 0.000000e+00 3.833628e-01 3.833628e-01
9.400000e+00 0.000000e+00 3.831209e-01 3.831209e-01
9.500000e+00 0.000000e+00 3.828796e-01 3.828796e-01
9.600000e+00 0.000000e+00 3.826391e-01 3.826391e-01
9.700000e+00 0.000000e+00 3.823992e-01 3.823992e-01
9.800000e+00 0.000000e+00 3.821601e-01 3.821601e-01
9.900000e+00 0.000000e+00 3.819217e-01 3.819217e-01
1.000000e+01 0.000000e+00 3.816840e-01 3.816840e-01
1.010000e+01 0.000000e+00 3.814470e-01 3.814470e-01
1.020000e+01 0.000000e+00 3.812107e-01 3.812107e-01
1.030000e+01 0.000000e+00 3.809751e-01 3.809751e-01
1.040000e+01 0.000000e+00 3.807402e-01 3.807402e-01
1.050000e+01 0.000000e+00 3.805060e-01 3.805060e-01
1.060000e+01 0.000000e+00 3.802725e-01 3.802725e-01
1.070000e+01 0.000000e+00 3.800397e-01 3.800397e-01
1.080000e+01 0.000000e+00 3.798076e-01 3.798076e-01
1.090000e+01 0.000000e+00 3.795762e-01 3.795762e-01
1.100000e+01 0.000000e+00 3.793455e-01 3.793455e-01
1.110000e+01 0.000000e+00 3.791155e-01 3.791155e-01
1.120000e+01 0.000000e+00 3.788861e-01 3.788861e-01
1.130000e+01 0.000000e+00 3.786575e-01 3.786575e-01
1.140000e+01 0.000000e+00 3.784295e-01 3.784295e-01
1.150000e+01 0.000000e+00 3.782022e-01 3.782022e-01
1.160000e+01 0.000000e+00 3.779756e-01 3.779756e-01
1.170000e+01 0.000000e+00 3.777496e-01 3.777496e-01
1.180000e+01 0.000000e+00 3.775243e-01 3.775243e-01
1.190000e+01 0.000000e+00 3.772997e-01 3.772997e-01
1.200000e+01 0.000000e+00 3.770757e-01 3.770757e-01
1.210000e+01 0.000000e+00 3.768524e-01 3.768524e-01
1.220000e+01 0.000000e+00 3.766297e-01 3.766297e-01
1.230000e+01 0.000000e+00 3.764077e-01 3.764077e-01
1.240000e+01 0.000000e+00 3.761864e-01 3.761864e-01
1.250000e+01 0.000000e+00 3.759657e-01 3.759657e-01
1.260000e+01 0.000000e+00 3.757456e-01 3.757456e-01
1.270000e+01 0.000000e+00 3.755261e-01 3.755261e-01
1.280000e+01 0.000000e+00 3.753073e-01 3.753073e-01
1.290000e+01 0.000000e+00 3.750891e-01 3.750891e-01
1.300000e+01 0.000000e+00 3.748716e-01 3.748716e-01
1.310000e+01 0.000000e+00 3.746547e-01 3.746547e-01
1.320000e+01 0.000000e+00 3.744383e-01 3.744383e-01
1.330000e+01 0.000000e+00 3.742226e-01 3.742226e-01
1.340000e+01 0.000000e+00 3.740075e-01 3.740075e-01
1.350000e+01 0.000000e+00 3.737931e-01 3.737931e-01
1.360000e+01 0.000000e+00 3.735792e-01 3.735792e-01
1.370000e+01 0.000000e+00 3.733659e-01 3.733659e-01
1.380000e+01 0.000000e+00 3.731532e-01 3.731532e-01
1.390000e+01 0.000000e+00 3.729411e-01 3.729411e-01
1.400000e+01 0.000000e+00 3.727296e-01 3.727296e-01
1.410000e+01 0.000000e+00 3.725187e-01 3.725187e-01
1.420000e+01 0.000000e+00 3.723083e-01 3.723083e-01
1.430000e+01 0.000000e+00 3.720986e-01 3.720986e-01
1.440000e+01 0.000000e+00 3.718894e-01 3.718894e-01
1.450000e+01 0.000000e+00 3.716807e-01 3.716807e-01
1.460000e+01 0.000000e+00 3.714727e-01 3.714727e-01
1.470000e+01 0.000000e+00 3.712652e-01 3.712652e-01
1.480000e+01 0.000000e+00 3.710582e-01 3.710582e-01
1.490000e+01 0.000000e+00 3.708518e-01 3.708518e-01
1.500000e+01 0.000000e+00 3.706460e-01 3.706460e-01
1.510000e+01 0.000000e+00 3.704407e-01 3.704407e-01
1.520000e+01 0.000000e+00 3.702360e-01 3.702360e-01
1.530000e+01 0.000000e+00 3.700317e-01 3.700317e-01
1.540000e+01 0.000000e+00 3.698280e-01 3.698280e-01
1.550000e+01 0.000000e+00 3.696249e-01 3.696249e-01
1.560000e+01 0.000000e+00 3.694222e-01 3.694222e-01
1.570000e+01 0.000000e+00 3.692201e-01 3.692201e-01
1.580000e+01 0.000000e+00 3.690185e-01 3.690185e-01
1.590000e+01 0.000000e+00 3.688174e-01 3.688174e-01
1.600000e+01 0.000000e+00 3.686168e-01 3.686168e-01
1.610000e+01 0.000000e+00 3.684167e-01 3.684167e-01
1.620000e+01 0.000000e+00 3.682171e-01 3.682171e-01
1.630000e+01 0.000000e+00 3.680180e-01 3.680180e-01
1.640000e+01 0.000000e+00 3.678194e-01 3.678194e-01
1.650000e+01 0.000000e+00 3.676212e-01 3.676212e-01
1.660000e+01 0.000000e+00 3.674236e-01 3.674236e-01
1.670000e+01 0.000000e+00 3.672263e-01 3.672263e-01
1.680000e+01 0.000000e+00 3.670296e-01 3.670296e-01
1.690000e+01 0.000000e+00 3.668333e-01 3.668333e-01
1.700000e+01 0.000000e+00 3.666374e-01 3.666374e-01
1.710000e+01 0.000000e+00 3.664420e-01 3.664420e-01
1.720000e+01 0.000000e+00 3.662470e-01 3.662470e-01
1.730000e+01 0.000000e+00 3.660525e-01 3.660525e-01
1.740000e+01 0.000000e+00 3.658584e-01 3.658584e-01
1.750000e+01 0.000000e+00 3.656646e-01 3.656646e-01
1.760000e+01 0.000000e+00 3.654713e-01 3.654713e-01
1.770000e+01 0.000000e+00 3.652784e-01 3.652784e-01
1.780000e+01 0.000000e+00 3.650859e-01 3.650859e-01
1.790000e+01 0.000000e+00 3.648937e-01 3.648937e-01
1.800000e+01 0.000000e+00 3.647019e-01 3.647019e-01
1.810000e+01 0.000000e+00 3.645105e-01 3.645105e-01
1.820000e+01 0.000000e+00 3.643194e-01 3.643194e-01
1.830000e+01 0.000000e+00 3.641286e-01 3.641286e-01
1.840000e+01 0.000000e+00 3.639382e-01 3.639382e-01
1.850000e+01 0.000000e+00 3.637481e-01 3.637481e-01
1.860000e+01 0.000000e+00 3.635583e-01 3.635583e-01
1.870000e+01 0.000000e+00 3.633688e-01 3.633688e-01
1.880000e+01 0.000000e+00 3.631796e-01 3.631796e-01
1.890000e+01 0.000000e+00 3.629907e-01 3.629907e-01
1.900000e+01 0.000000e+00 3.628020e-01 3.628020e-01
1.910000e+01 0.000000e+00 3.626135e-01 3.626135e-01
1.920000e+01 0.000000e+00 3.624253e-01 3.624253e-01
1.930000e+01 0.000000e+00 3.622373e-01 3.622373e-01
1.940000e+01 0.000000e+00 3.620495e-01 3.620495e-01
1.950000e+01 0.000000e+00 3.618618e-01 3.618618e-01
1.960000e+01 0.000000e+00 3.616744e-01 3.616744e-01
1.970000e+01 0.000000e+00 3.614870e-01 3.614870e-01
1.980000e+01 0.000000e+00 3.612998e-01 3.612998e-01
1.990000e+01 0.000000e+00 3.611127e-01 3.611127e-01
2.000000e+01 0.000000e+00 3.609257e-01 3.609257e-01
2.010000e+01 0.000000e+00 3.607388e-01 3.607388e-01
2.020000e+01 0.000000e+00 3.605519e-01 3.605519e-01
2.030000e+01 0.000000e+00 3.603650e-01 3.603650e-01
2.040000e+01 0.000000e+00 3.601782e-01 3.601782e-01
2.050000e+01 0.000000e+00 3.599913e-01 3.599913e-01
2.060000e+01 0.000000e+00 3.598044e-01 3.598044e-01
2.070000e+01 0.000000e+00 3.596174e-01 3.596174e-01
2.080000e+01 0.000000e+00 3.594303e-01 3.594303e-01
2.090000e+01 0.000000e+00 3.592431e-01 3.592431e-01
2.100000e+01 0.000000e+00 3.590558e-01 3.590558e-01
2.110000e+01 0.000000e+00 3.588683e-01 3.588683e-01
2.120000e+01 0.000000e+00 3.586805e-01 3.586805e-01
2.130000e+01 0.000000e+00 3.584926e-01 3.584926e-01
2.140000e+01 0.000000e+00 3.583044e-01 3.583044e-01
2.150000e+01 0.000000e+00 3.581159e-01 3.581159e-01
2.160000e+01 0.000000e+00 3.579270e-01 3.579270e-01
2.170000e+01 0.000000e+00 3.577379e-01 3.577379e-01
2.180000e+01 0.000000e+00 3.575483e-01 3.575483e-01
2.190000e+01 0.000000e+00 3.573583e-01 3.573583e-01
2.200000e+01 0.000000e+00 3.571678e-01 3.571678e-01
2.210000e+01 0.000000e+00 3.569769e-01 3.569769e-01
2.220000e+01 0.000000e+00 3.567854e-01 3.567854e-01
2.230000e+01 0.000000e+00 3.565933e-01 3.565933e-01
2.240000e+01 0.000000e+00 3.564007e-01 3.564007e-01
2.250000e+01 0.000000e+00 3.562073e-01 3.562073e-01
2.260000e+01 0.000000e+00 3.560134e-01 3.560134e-01
2.270000e+01 0.000000e+00 3.558186e-01 3.558186e-01
2.280000e+01 0.000000e+00 3.556231e-01 3.556231e-01
2.290000e+01 0.000000e+00 3.554268e-01 3.554268e-01
2.300000e+01 0.000000e+00 3.552297e-01 3.552297e-01
2.310000e+01 0.000000e+00 3.550317e-01 3.550317e-01
2.320000e+01 0.000000e+00 3.548327e-01 3.548327e-01
2.330000e+01 0.000000e+00 3.546327e-01 3.546327e-01
2.340000e+01 0.000000e+00 3.544318e-01 3.544318e-01
2.350000e+01 0.000000e+00 3.542297e-01 3.542297e-01
2.360000e+01 0.000000e+00 3.540265e-01 3.540265e-01
2.370000e+01 0.000000e+00 3.538222e-01 3.538222e-01
2.380000e+01 0.000000e+00 3.536167e-01 3.536167e-01
2.390000e+01 0.000000e+00 3.534099e-01 3.534099e-01
2.400000e+01 0.000000e+00 3.532019e-01 3.532019e-01
2.410000e+01 0.000000e+00 3.529925e-01 3.529925e-01
2.420000e+01 0.000000e+00 3.527817e-01 3.527817e-01
2.430000e+01 0.000000e+00 3.525695e-01 3.525695e-01
2.440000e+01 0.000000e+00 3.523558e-01 3.523558e-01
2.450000e+01 0.000000e+00 3.521406e-01 3.521406e-01
2.460000e+01 0.000000e+00 3.519238e-01 3.519238e-01
2.470000e+01 0.000000e+00 3.517054e-01 3.517054e-01
2.480000e+01 0.000000e+00 3.514854e-01 3.514854e-01
2.490000e+01 0.000000e+00 3.512636e-01 3.512636e-01
2.500000e+01 0.000000e+00 3.510402e-01 3.510402e-01
2.510000e+01 0.000000e+00 3.508149e-01 3.508149e-01
2.520000e+01 0.000000e+00 3.505879e-01 3.505879e-01
2.530000e+01 0.000000e+00 3.503590e-01 3.503590e-01
2.540000e+01 0.000000e+00 3.501281e-01 3.501281e-01
2.550000e+01 0.000000e+00 3.498954e-01 3.498954e-01
2.560000e+01 0.000000e+00 3.496607e-01 3.496607e-01
2.570000e+01 0.000000e+00 3.494239e-01 3.494239e-01
2.580000e+01 0.000000e+00 3.491852e-01 3.491852e-01
2.590000e+01 0.000000e+00 3.489443e-01 3.489443e-01
2.600000e+01 0.000000e+00 3.487014e-01 3.487014e-01
2.610000e+01 0.000000e+00 3.484563e-01 3.484563e-01
2.620000e+01 0.000000e+00 3.482091e-01 3.482091e-01
2.630000e+01 0.000000e+00 3.479597e-01 3.479597e-01
2.640000e+01 0.000000e+00 3.477080e-01 3.477080e-01
2.650000e+01 0.000000e+00 3.474542e-01 3.474542e-01
2.660000e+01 0.000000e+00 3.471980e-01 3.471980e-01
2.670000e+01 0.000000e+00 3.469396e-01 3.469396e-01
2.680000e+01 0.000000e+00 3.466789e-01 3.466789e-01
2.690000e+01 0.000000e+00 3.464159e-01 3.464159e-01
2.700000e+01 0.000000e+00 3.461506e-01 3.461506e-01
2.710000e+01 0.000000e+00 3.458830e-01 3.458830e-01
2.720000e+01 0.000000e+00 3.456130e-01 3.456130e-01
2.730000e+01 0.000000e+00 3.453407e-01 3.453407e-01
2.740000e+01 0.000000e+00 3.450660e-01 3.450660e-01
2.750000e+01 0.000000e+00 3.447889e-01 3.447889e-01
2.760000e+01 0.000000e+00 3.445095e-01 3.445095e-01
2.770000e+01 0.000000e+00 3.442277e-01 3.442277e-01
2.780000e+01 0.000000e+00 3.439436e-01 3.439436e-01
2.790000e+01 0.000000e+00 3.436571e-01 3.436571e-01
2.800000e+01 0.000000e+00 3.433683e-01 3.433683e-01
2.810000e+01 0.000000e+00 3.430772e-01 3.430772e-01
2.820000e+01 0.000000e+00 3.427837e-01 3.427837e-01
2.830000e+01 0.000000e+00 3.424879e-01 3.424879e-01
2.840000e+01 0.000000e+00 3.421898e-01 3.421898e-01
2.850000e+01 0.000000e+00 3.418894e-01 3.418894e-01
2.860000e+01 0.000000e+00 3.415867e-01 3.415867e-01
2.870000e+01 0.000000e+00 3.412818e-01 3.412818e-01
2.880000e+01 0.000000e+00 3.409747e-01 3.409747e-01
2.890000e+01 0.000000e+00 3.406653e-01 3.406653e-01
2.900000e+01 0.000000e+00 3.403538e-01 3.403538e-01
2.910000e+01 0.000000e+00 3.400401e-01 3.400401e-01
2.920000e+01 0.000000e+00 3.397242e-01 3.397242e-01
2.930000e+01 0.000000e+00 3.394063e-01 3.394063e-01
2.940000e+01 0.000000e+00 3.390863e-01 3.390863e-01
2.950000e+01 0.000000e+00 3.387642e-01 3.387642e-01
2.960000e+01 0.000000e+00 3.384402e-01 3.384402e-01
2.970000e+01 0.000000e+00 3.381141e-01 3.381141e-01
2.980000e+01 0.000000e+00 3.377861e-01 3.377861e-01
2.990000e+01 0.000000e+00 3.374561e-01 3.374561e-01
3.000000e+01 0.000000e+00 3.371243e-01 3.371243e-01
3.010000e+01 0.000000e+00 3.367906e-01 3.367906e-01
3.020000e+01 0.000000e+00 3.364551e-01 3.364551e-01
3.030000e+01 0.000000e+00 3.361179e-01 3.361179e-01
3.040000e+01 0.000000e+00 3.357789e-01 3.357789e-01
3.050000e+01 0.000000e+00 3.354382e-01 3.354382e-01
3.060000e+01 0.000000e+00 3.350958e-01 3.350958e-01
3.070000e+01 0.000000e+00 3.347518e-01 3.347518e-01
3.080000e+01 0.000000e+00 3.344062e-01 3.344062e-01
3.090000e+01 0.000000e+00 3.340591e-01 3.340591e-01
3.100000e+01 0.000000e+00 3.337104e-01 3.337104e-01
3.110000e+01 0.000000e+00 3.333603e-01 3.333603e-01
3.120000e+01 0.000000e+00 3.330088e-01 3.330088e-01
3.130000e+01 0.000000e+00 3.326558e-01 3.326558e-01
3.140000e+01 0.000000e+00 3.323015e-01 3.323015e-01
3.150000e+01 0.000000e+00 3.319459e-01 3.319459e-01
3.160000e+01 0.000000e+00 3.315891e-01 3.315891e-01
3.170000e+01 0.000000e+00 3.312310e-01 3.312310e-01
3.180000e+01 0.000000e+00 3.308717e-01 3.308717e-01
3.190000e+01 0.000000e+00 3.305112e-01 3.305112e-01
3.200000e+01 0.000000e+00 3.301496e-01 3.301496e-01
3.210000e+01 0.000000e+00 3.297870e-01 3.297870e-01
3.220000e+01 0.000000e+00 3.294233e-01 3.294233e-01
3.230000e+01 0.000000e+00 3.290586e-01 3.290586e-01
3.240000e+01 0.000000e+00 3.286930e-01 3.286930e-01
3.250000e+01 0.000000e+00 3.283264e-01 3.283264e-01
3.260000e+01 0.000000e+00 3.279589e-01 3.279589e-01
3.270000e+01 0.000000e+00 3.275906e-01 3.275906e-01
3.280000e+01 0.000000e+00 3.272214e-01 3.272214e-01
3.290000e+01 0.000000e+00 3.268515e-01 3.268515e-01
3.300000e+01 0.000000e+00 3.264808e-01 3.264808e-01
3.310000e+01 0.000000e+00 3.261094e-01 3.261094e-01
3.320000e+01 0.000000e+00 3.257373e-01 3.257373e-01
3.330000e+01 0.000000e+00 3.253646e-01 3.253646e-01
3.340000e+01 0.000000e+00 3.249913e-01 3.249913e-01
3.350000e+01 0.000000e+00 3.246174e-01 3.246174e-01
3.360000e+01 0.000000e+00 3.242429e-01 3.242429e-01
3.370000e+01 0.000000e+00 3.238679e-01 3.238679e-01
3.380000e+01 0.000000e+00 3.234924e-01 3.234924e-01
3.390000e+01 0.000000e+00 3.231165e-01 3.231165e-01
3.400000e+01 0.000000e+00 3.227402e-01 3.227402e-01
3.410000e+01 0.000000e+00 3.223634e-01 3.223634e-01
3.420000e+01 0.000000e+00 3.219863e-01 3.219863e-01
3.430000e+01 0.000000e+00 3.216089e-01 3.216089e-01
3.440000e+01 0.000000e+00 3.212311e-01 3.212311e-01
3.450000e+01 0.000000e+00 3.208531e-01 3.208531e-01
3.460000e+01 0.000000e+00 3.204748e-01 3.204748e-01
3.470000e+01 0.000000e+00 3.200962e-01 3.200962e-01
3.480000e+01 0.000000e+00 3.197175e-01 3.197175e-01
3.490000e+01 0.000000e+00 3.193386e-01 3.193386e-01
3.500000e+01 0.000000e+00 3.189595e-01 3.189595e-01
3.510000e+01 0.000000e+00 3.185803e-01 3.185803e-01
3.520000e+01 0.000000e+00 3.182010e-01 3.182010e-01
3.530000e+01 0.000000e+00 3.178216e-01 3.178216e-01
3.540000e+01 0.000000e+00 3.174421e-01 3.174421e-01
3.550000e+01 0.000000e+00 3.170626e-01 3.170626e-01
3.560000e+01 0.000000e+00 3.166831e-01 3.166831e-01
3.570000e+01 0.000000e+00 3.163036e-01 3.163036e-01
3.580000e+01 0.000000e+00 3.159241e-01 3.159241e-01
3.590000e+01 0.000000e+00 3.155446e-01 3.155446e-01
3.600000e+01 0.000000e+00 3.151652e-01 3.151652e-01
3.610000e+01 0.000000e+00 3.147859e-01 3.147859e-01
3.620000e+01 0.000000e+00 3.144066e-01 3.144066e-01
3.630000e+01 0.000000e+00 3.140275e-01 3.140275e-01
3.640000e+01 0.000000e+00 3.136486e-01 3.136486e-01
3.650000e+01 0.000000e+00 3.132697e-01 3.132697e-01
3.660000e+01 0.000000e+00 3.128911e-01 3.128911e-01
3.670000e+01 0.000000e+00 3.125126e-01 3.125126e-01
3.680000e+01 0.000000e+00 3.121344e-01 3.121344e-01
3.690000e+01 0.000000e+00 3.117563e-01 3.117563e-01
3.700000e+01 0.000000e+00 3.113785e-01 3.113785e-01
3.710000e+01 0.000000e+00 3.110009e-01 3.110009e-01
3.720000e+01 0.000000e+00 3.106236e-01 3.106236e-01
3.730000e+01 0.000000e+00 3.102466e-01 3.102466e-01
3.740000e+01 0.000000e+00 3.098698e-01 3.098698e-01
3.750000e+01 0.000000e+00 3.094934e-01 3.094934e-01
3.760000e+01 0.000000e+00 3.091172e-01 3.091172e-01
3.770000e+01 0.000000e+00 3.087414e-01 3.087414e-01
3.780000e+01 0.000000e+00 3.083660e-01 3.083660e-01
3.790000e+01 0.000000e+00 3.079908e-01 3.079908e-01
3.800000e+01 0.000000e+00 3.076161e-01 3.076161e-01
3.810000e+01 0.000000e+00 3.072417e-01 3.072417e-01
3.820000e+01 0.000000e+00 3.068677e-01 3.068677e-01
3.830000e+01 0.000000e+00 3.064941e-01 3.064941e-01
3.840000e+01 0.000000e+00 3.061209e-01 3.061209e-01
3.850000e+01 0.000000e+00 3.057481e-01 3.057481e-01
3.860000e+01 0.000000e+00 3.053757e-01 3.053757e-01
3.870000e+01 0.000000e+00 3.050037e-01 3.050037e-01
3.880000e+01 0.000000e+00 3.046322e-01 3.046322e-01
3.890000e+01 0.000000e+00 3.042612e-01 3.042612e-01
3.900000e+01 0.000000e+00 3.038906e-01 3.038906e-01
3.910000e+01 0.000000e+00 3.035204e-01 3.035204e-01
3.920000e+01 0.000000e+00 3.031508e-01 3.031508e-01
3.930000e+01 0.000000e+00 3.027816e-01 3.027816e-01
3.940000e+01 0.000000e+00 3.024129e-01 3.024129e-01
3.950000e+01 0.000000e+00 3.020447e-01 3.020447e-01
3.960000e+01 0.000000e+00 3.016770e-01 3.016770e-01
3.970000e+01 0.000000e+00 3.013099e-01 3.013099e-01
3.980000e+01 0.000000e+00 3.009432e-01 3.009432e-01
3.990000e+01 0.000000e+00 3.005771e-01 3.005771e-01
4.000000e+01 0.000000e+00 3.002114e-01 3.002114e-01
4.010000e+01 0.000000e+00 2.998464e-01 2.998464e-01
4.020000e+01 0.000000e+00 2.994818e-01 2.994818e-01
4.030000e+01 0.000000e+00 2.991178e-01 2.991178e-01
4.040000e+01 0.000000e+00 2.987544e-01 2.987544e-01
4.050000e+01 0.000000e+00 2.983915e-01 2.983915e-01
4.060000e+01 0.000000e+00 2.980292e-01 2.980292e-01
4.070000e+01 0.000000e+00 2.976674e-01 2.976674e-01
4.080000e+01 0.000000e+00 2.973062e-01 2.973062e-01
4.090000e+01 0.000000e+00 2.969456e-01 2.969456e-01
4.100000e+01 0.000000e+00 2.965856e-01 2.965856e-01
4.110000e+01 0.000000e+00 2.962261e-01 2.962261e-01
4.120000e+01 0.000000e+00 2.958672e-01 2.958672e-01
4.130000e+01 0.000000e+00 2.955090e-01 2.955090e-01
4.140000e+01 0.000000e+00 2.951513e-01 2.951513e-01
4.150000e+01 0.000000e+00 2.947942e-01 2.947942e-01
4.160000e+01 0.000000e+00 2.944377e-01 2.944377e-01
4.170000e+01 0.000000e+00 2.940818e-01 2.940818e-01
4.180000e+01 0.000000e+00 2.937266e-01 2.937266e-01
4.190000e+01 0.000000e+00 2.933719e-01 2.933719e-01
4.200000e+01 0.000000e+00 2.930178e-01 2.930178e-01
4.210000e+01 0.000000e+00 2.926644e-01 2.926644e-01
4.220000e+01 0.000000e+00 2.923116e-01 2.923116e-01
4.230000e+01 0.000000e+00 2.919594e-01 2.919594e-01
4.240000e+01 0.000000e+00 2.916078e-01 2.916078e-01
4.250000e+01 0.000000e+00 2.912569e-01 2.912569e-01
4.260000e+01 0.000000e+00 2.909065e-01 2.909065e-01
4.270000e+01 0.000000e+00 2.905568e-01 2.905568e-01
4.280000e+01 0.000000e+00 2.902078e-01 2.902078e-01
4.290000e+01 0.000000e+00 2.898593e-01 2.898593e-01
4.300000e+01 0.000000e+00 2.895115e-01 2.895115e-01
4.310000e+01 0.000000e+00 2.891644e-01 2.891644e-01
4.320000e+01 0.000000e+00 2.888178e-01 2.888178e-01
4.330000e+01 0.000000e+00 2.884719e-01 2.884719e-01
4.340000e+01 0.000000e+00 2.881267e-01 2.881267e-01
4.350000e+01 0.000000e+00 2.877821e-01 2.877821e-01
4.360000e+01 0.000000e+00 2.874381e-01 2.874381e-01
4.370000e+01 0.000000e+00 2.870947e-01 2.870947e-01
4.380000e+01 0.000000e+00 2.867521e-01 2.867521e-01
4.390000e+01 0.000000e+00 2.864100e-01 2.864100e-01
4.400000e+01 0.000000e+00 2.860686e-01 2.860686e-01
4.410000e+01 0.000000e+00 2.857278e-01 2.857278e-01
4.420000e+01 0.000000e+00 2.853877e-01 2.853877e-01
4.430000e+01 0.000000e+00 2.850482e-01 2.850482e-01
4.440000e+01 0.000000e+00 2.847094e-01 2.847094e-01
4.450000e+01 0.000000e+00 2.843712e-01 2.843712e-01
4.460000e+01 0.000000e+00 2.840337e-01 2.840337e-01
4.470000e+01 0.000000e+00 2.836968e-01 2.836968e-01
4.480000e+01 0.000000e+00 2.833606e-01 2.833606e-01
4.490000e+01 0.000000e+00 2.830250e-01 2.830250e-01
4.500000e+01 0.000000e+00 2.826901e-01 2.826901e-01
4.510000e+01 0.000000e+00 2.823558e-01 2.823558e-01
4.520000e+01 0.000000e+00 2.820222e-01 2.820222e-01
4.530000e+01 0.000000e+00 2.816892e-01 2.816892e-01
4.540000e+01 0.000000e+00 2.813569e-01 2.813569e-01
4.550000e+01 0.000000e+00 2.810252e-01 2.810252e-01
4.560000e+01 0.000000e+00 2.806942e-01 2.806942e-01
4.570000e+01 0.000000e+00 2.803638e-01 2.803638e-01
4.580000e+01 0.000000e+00 2.800340e-01 2.800340e-01
4.590000e+01 0.000000e+00 2.797049e-01 2.797049e-01
4.600000e+01 0.000000e+00 2.793765e-01 2.793765e-01
4.610000e+01 0.000000e+00 2.790487e-01 2.790487e-01
4.620000e+01 0.000000e+00 2.787215e-01 2.787215e-01
4.630000e+01 0.000000e+00 2.783950e-01 2.783950e-01
4.640000e+01 0.000000e+00 2.780692e-01 2.780692e-01
4.650000e+01 0.000000e+00 2.777440e-01 2.777440e-01
4.660000e+01 0.000000e+00 2.774194e-01 2.774194e-01
4.670000e+01 0.000000e+00 2.770955e-01 2.770955e-01
4.680000e+01 0.000000e+00 2.767722e-01 2.767722e-01
4.690000e+01 0.000000e+00 2.764495e-01 2.764495e-01
4.700000e+01 0.000000e+00 2.761275e-01 2.761275e-01
4.710000e+01 0.000000e+00 2.758062e-01 2.758062e-01
4.720000e+01 0.000000e+00 2.754854e-01 2.754854e-01
4.730000e+01 0.000000e+00 2.751654e-01 2.751654e-01
4.740000e+01 0.000000e+00 2.748459e-01 2.748459e-01
4.750000e+01 0.000000e+00 2.745271e-01 2.745271e-01
4.760000e+01 0.000000e+00 2.742089e-01 2.742089e-01
4.770000e+01 0.000000e+00 2.738914e-01 2.738914e-01
4.780000e+01 0.000000e+00 2.735745e-01 2.735745e-01
4.790000e+01 0.000000e+00 2.732582e-01 2.732582e-01
4.800000e+01 0.000000e+00 2.729426e-01 2.729426e-01
4.810000e+01 0.000000e+00 2.726276e-01 2.726276e-01
4.820000e+01 0.000000e+00 2.723132e-01 2.723132e-01
4.830000e+01 0.000000e+00 2.719995e-01 2.719995e-01
4.840000e+01 0.000000e+00 2.716864e-01 2.716864e-01
4.850000e+01 0.000000e+00 2.713739e-01 2.713739e-01
4.860000e+01 0.000000e+00 2.710620e-01 2.710620e-01
4.870000e+01 0.000000e+00 2.707508e-01 2.707508e-01
4.880000e+01 0.000000e+00 2.704402e-01 2.704402e-01
4.890000e+01 0.000000e+00 2.701302e-01 2.701302e-01
4.900000e+01 0.000000e+00 2.698208e-01 2.698208e-01
4.910000e+01 0.000000e+00 2.695121e-01 2.695121e-01
4.920000e+01 0.000000e+00 2.692039e-01 2.692039e-01
4.930000e+01 0.000000e+00 2.688964e-01 2.688964e-01
4.940000e+01 0.000000e+00 2.685895e-01 2.685895e-01
4.950000e+01 0.000000e+00 2.682832e-01 2.682832e-01
4.960000e+01 0.000000e+00 2.679776e-01 2.679776e-01
4.970000e+01 0.000000e+00 2.676725e-01 2.676725e-01
4.980000e+01 0.000000e+00 2.673681e-01 2.673681e-01
4.990000e+01 0.000000e+00 2.670643e-01 2.670643e-01
5.000000e+01 0.000000e+00 2.667610e-01 2.667610e-01
5.010000e+01 0.000000e+00 2.664584e-01 2.664584e-01
5.020000e+01 0.000000e+00 2.661564e-01 2.661564e-01
5.030000e+01 0.000000e+00 2.658550e-01 2.658550e-01
5.040000e+01 0.000000e+00 2.655542e-01 2.655542e-01
5.050000e+01 0.000000e+00 2.652540e-01 2.652540e-01
5.060000e+01 0.000000e+00 2.649544e-01 2.649544e-01
5.070000e+01 0.000000e+00 2.646554e-01 2.646554e-01
5.080000e+01 0.000000e+00 2.643571e-01 2.643571e-01
5.090000e+01 0.000000e+00 2.640593e-01 2.640593e-01
5.100000e+01 0.000000e+00 2.637621e-01 2.637621e-01
5.110000e+01 0.000000e+00 2.634655e-01 2.634655e-01
5.120000e+01 0.000000e+00 2.631695e-01 2.631695e-01
5.130000e+01 0.000000e+00 2.628740e-01 2.628740e-01
5.140000e+01 0.000000e+00 2.625792e-01 2.625792e-01
5.150000e+01 0.000000e+00 2.622850e-01 2.622850e-01
5.160000e+01 0.000000e+00 2.619913e-01 2.619913e-01
5.170000e+01 0.000000e+00 2.616983e-01 2.616983e-01
5.180000e+01 0.000000e+00 2.614058e-01 2.614058e-01
5.190000e+01 0.000000e+00 2.611139e-01 2.611139e-01
5.200000e+01 0.000000e+00 2.608226e-01 2.608226e-01
5.210000e+01 0.000000e+00 2.605318e-01 2.605318e-01
5.220000e+01 0.000000e+00 2.602417e-01 2.602417e-01
5.230000e+01 0.000000e+00 2.599521e-01 2.599521e-01
5.240000e+01 0.000000e+00 2.596631e-01 2.596631e-01
5.250000e+01 0.000000e+00 2.593746e-01 2.593746e-01
5.260000e+01 0.000000e+00 2.590868e-01 2.590868e-01
5.270000e+01 0.000000e+00 2.587995e-01 2.587995e-01
5.280000e+01 0.000000e+00 2.585128e-01 2.585128e-01
5.290000e+01 0.000000e+00 2.582266e-01 2.582266e-01
5.300000e+01 0.000000e+00 2.579410e-01 2.579410e-01
5.310000e+01 0.000000e+00 2.576560e-01 2.576560e-01
5.320000e+01 0.000000e+00 2.573716e-01 2.573716e-01
5.330000e+01 0.000000e+00 2.570877e-01 2.570877e-01
5.340000e+01 0.000000e+00 2.568043e-01 2.568043e-01
5.350000e+01 0.000000e+00 2.565216e-01 2.565216e-01
5.360000e+01 0.000000e+00 2.562394e-01 2.562394e-01
5.370000e+01 0.000000e+00 2.559577e-01 2.559577e-01
5.380000e+01 0.000000e+00 2.556766e-01 2.556766e-01
5.390000e+01 0.000000e+00 2.553961e-01 2.553961e-01
5.400000e+01 0.000000e+00 2.551161e-01 2.551161e-01
5.410000e+01 0.000000e+00 2.548366e-01 2.548366e-01
5.420000e+01 0.000000e+00 2.545578e-01 2.545578e-01
5.430000e+01 0.000000e+00 2.542794e-01 2.542794e-01
5.440000e+01 0.000000e+00 2.540016e-01 2.540016e-01
5.450000e+01 0.000000e+00 2.537244e-01 2.537244e-01
5.460000e+01 0.000000e+00 2.534476e-01 2.534476e-01
5.470000e+01 0.000000e+00 2.531715e-01 2.531715e-01
5.480000e+01 0.000000e+00 2.528958e-01 2.528958e-01
5.490000e+01 0.000000e+00 2.526207e-01 2.526207e-01
5.500000e+01 0.000000e+00 2.523462e-01 2.523462e-01
5.510000e+01 0.000000e+00 2.520722e-01 2.520722e-01
5.520000e+01 0.000000e+00 2.517987e-01 2.517987e-01
5.530000e+01 0.000000e+00 2.515257e-01 2.515257e-01
5.540000e+01 0.000000e+00 2.512533e-01 2.512533e-01
5.550000e+01 0.000000e+00 2.509815e-01 2.509815e-01
5.560000e+01 0.000000e+00 2.507101e-01 2.507101e-01
5.570000e+01 0.000000e+00 2.504393e-01 2.504393e-01
5.580000e+01 0.000000e+00 2.501690e-01 2.501690e-01
5.590000e+01 0.000000e+00 2.498992e-01 2.498992e-01
5.600000e+01 0.000000e+00 2.496300e-01 2.496300e-01
5.610000e+01 0.000000e+00 2.493613e-01 2.493613e-01
5.620000e+01 0.000000e+00 2.490931e-01 2.490931e-01
5.630000e+01 0.000000e+00 2.488254e-01 2.488254e-01
5.640000e+01 0.000000e+00 2.485582e-01 2.485582e-01
5.650000e+01 0.000000e+00 2.482915e-01 2.482915e-01
5.660000e+01 0.000000e+00 2.480254e-01 2.480254e-01
5.670000e+01 0.000000e+00 2.477597e-01 2.477597e-01
5.680000e+01 0.000000e+00 2.474946e-01 2.474946e-01
5.690000e+01 0.000000e+00 2.472300e-01 2.472300e-01
5.700000e+01 0.000000e+00 2.469659e-01 2.469659e-01
5.710000e+01 0.000000e+00 2.467023e-01 2.467023e-01
5.720000e+01 0.000000e+00 2.464392e-01 2.464392e-01
5.730000e+01 0.000000e+00 2.461767e-01 2.461767e-01
5.740000e+01 0.000000e+00 2.459146e-01 2.459146e-01
5.750000e+01 0.000000e+00 2.456530e-01 2.456530e-01
5.760000e+01 0.000000e+00 2.453920e-01 2.453920e-01
5.770000e+01 0.000000e+00 2.451314e-01 2.451314e-01
5.780000e+01 0.000000e+00 2.448713e-01 2.448713e-01
5.790000e+01 0.000000e+00 2.446117e-01 2.446117e-01
5.800000e+01 0.000000e+00 2.443526e-01 2.443526e-01
5.810000e+01 0.000000e+00 2.440940e-01 2.440940e-01
5.820000e+01 0.000000e+00 2.438359e-01 2.438359e-01
5.830000e+01 0.000000e+00 2.435783e-01 2.435783e-01
5.840000e+01 0.000000e+00 2.433211e-01 2.433211e-01
5.850000e+01 0.000000e+00 2.430645e-01 2.430645e-01
5.860000e+01 0.000000e+00 2.428083e-01 2.428083e-01
5.870000e+01 0.000000e+00 2.425526e-01 2.425526e-01
5.880000e+01 0.000000e+00 2.422975e-01 2.422975e-01
5.890000e+01 0.000000e+00 2.420428e-01 2.420428e-01
5.900000e+01 0.000000e+00 2.417885e-01 2.417885e-01
5.910000e+01 0.000000e+00 2.415348e-01 2.415348e-01
5.920000e+01 0.000000e+00 2.412815e-01 2.412815e-01
5.930000e+01 0.000000e+00 2.410287e-01 2.410287e-01
5.940000e+01 0.000000e+00 2.407764e-01 2.407764e-01
5.950000e+01 0.000000e+00 2.405246e-01 2.405246e-01
5.960000e+01 0.000000e+00 2.402732e-01 2.402732e-01
5.970000e+01 0.000000e+00 2.400224e-01 2.400224e-01
5.980000e+01 0.000000e+00 2.397720e-01 2.397720e-01
5.990000e+01 0.000000e+00 2.395220e-01 2.395220e-01
6.000000e+01 0.000000e+00 2.392726e-01 2.392726e-01
6.010000e+01 0.000000e+00 2.390236e-01 2.390236e-01
6.020000e+01 0.000000e+00 2.387750e-01 2.387750e-01
6.030000e+01 0.000000e+00 2.385269e-01 2.385269e-01
6.040000e+01 0.000000e+00 2.382793e-01 2.382793e-01
6.050000e+01 0.000000e+00 2.380321e-01 2.380321e-01
6.060000e+01 0.000000e+00 2.377854e-01 2.377854e-01
6.070000e+01 0.000000e+00 2.375392e-01 2.375392e-01
6.080000e+01 0.000000e+00 2.372934e-01 2.372934e-01
6.090000e+01 0.000000e+00 2.370481e-01 2.370481e-01
6.100000e+01 0.000000e+00 2.368033e-01 2.368033e-01
6.110000e+01 0.000000e+00 2.365589e-01 2.365589e-01
6.120000e+01 0.000000e+00 2.363149e-01 2.363149e-01
6.130000e+01 0.000000e+00 2.360715e-01 2.360715e-01
6.140000e+01 0.000000e+00 2.358284e-01 2.358284e-01
6.150000e+01 0.000000e+00 2.355858e-01 2.355858e-01
6.160000e+01 0.000000e+00 2.353437e-01 2.353437e-01
6.170000e+01 0.000000e+00 2.351019e-01 2.351019e-01
6.180000e+01 0.000000e+00 2.348607e-01 2.348607e-01
6.190000e+01 0.000000e+00 2.346198e-01 2.346198e-01
6.200000e+01 0.000000e+00 2.343795e-01 2.343795e-01
6.210000e+01 0.000000e+00 2.341395e-01 2.341395e-01
6.220000e+01 0.000000e+00 2.339000e-01 2.339000e-01
6.230000e+01 0.000000e+00 2.336609e-01 2.336609e-01
6.240000e+01 0.000000e+00 2.334222e-01 2.334222e-01
6.250000e+01 0.000000e+00 2.331840e-01 2.331840e-01
6.260000e+01 0.000000e+00 2.329463e-01 2.329463e-01
6.270000e+01 0.000000e+00 2.327090e-01 2.327090e-01
6.280000e+01 0.000000e+00 2.324721e-01 2.324721e-01
6.290000e+01 0.000000e+00 2.322356e-01 2.322356e-01
6.300000e+01 0.000000e+00 2.319996e-01 2.319996e-01
6.310000e+01 0.000000e+00 2.317640e-01 2.317640e-01
6.320000e+01 0.000000e+00 2.315289e-01 2.315289e-01
6.330000e+01 0.000000e+00 2.312941e-01 2.312941e-01
6.340000e+01 0.000000e+00 2.310598e-01 2.310598e-01
6.350000e+01 0.000000e+00 2.308259e-01 2.308259e-01
6.360000e+01 0.000000e+00 2.305925e-01 2.305925e-01
6.370000e+01 0.000000e+00 2.303594e-01 2.303594e-01
6.380000e+01 0.000000e+00 2.301268e-01 2.301268e-01
6.390000e+01 0.000000e+00 2.298946e-01 2.298946e-01
6.400000e+01 0.000000e+00 2.296628e-01 2.296628e-01
6.410000e+01 0.000000e+00 2.294314e-01 2.294314e-01
6.420000e+01 0.000000e+00 2.292004e-01 2.292004e-01
6.430000e+01 0.000000e+00 2.289698e-01 2.289698e-01
6.440000e+01 0.000000e+00 2.287397e-01 2.287397e-01
6.450000e+01 0.000000e+00 2.285100e-01 2.285100e-01
6.460000e+01 0.000000e+00 2.282807e-01 2.282807e-01
6.470000e+01 0.000000e+00 2.280518e-01 2.280518e-01
6.480000e+01 0.000000e+00 2.278233e-01 2.278233e-01
6.490000e+01 0.000000e+00 2.275952e-01 2.275952e-01
6.500000e+01 0.000000e+00 2.273675e-01 2.273675e-01
6.510000e+01 0.000000e+00 2.271403e-01 2.271403e-01
6.520000e+01 0.000000e+00 2.269134e-01 2.269134e-01
6.530000e+01 0.000000e+00 2.266870e-01 2.266870e-01
6.540000e+01 0.000000e+00 2.264609e-01 2.264609e-01
6.550000e+01 0.000000e+00 2.262353e-01 2.262353e-01
6.560000e+01 0.000000e+00 2.260101e-01 2.260101e-01
6.570000e+01 0.000000e+00 2.257852e-01 2.257852e-01
6.580000e+01 0.000000e+00 2.255608e-01 2.255608e-01
6.590000e+01 0.000000e+00 2.253367e-01 2.253367e-01
6.600000e+01 0.000000e+00 2.251130e-01 2.251130e-01
6.610000e+01 0.000000e+00 2.248898e-01 2.248898e-01
6.620000e+01 0.000000e+00 2.246669e-01 2.246669e-01
6.630000e+01 0.000000e+00 2.244444e-01 2.244444e-01
6.640000e+01 0.000000e+00 2.242223e-01 2.242223e-01
6.650000e+01 0.000000e+00 2.240006e-01 2.240006e-01
6.660000e+01 0.000000e+00 2.237793e-01 2.237793e-01
6.670000e+01 0.000000e+00 2.235584e-01 2.235584e-01
6.680000e+01 0.000000e+00 2.233379e-01 2.233379e-01
6.690000e+01 0.000000e+00 2.231178e-01 2.231178e-01
6.700000e+01 0.000000e+00 2.228980e-01 2.228980e-01
6.710000e+01 0.000000e+00 2.226787e-01 2.226787e-01
6.720000e+01 0.000000e+00 2.224597e-01 2.224597e-01
6.730000e+01 0.000000e+00 2.222411e-01 2.222411e-01
6.740000e+01 0.000000e+00 2.220229e-01 2.220229e-01
6.750000e+01 0.000000e+00 2.218051e-01 2.218051e-01
6.760000e+01 0.000000e+00 2.215877e-01 2.215877e-01
6.770000e+01 0.000000e+00 2.213706e-01 2.213706e-01
6.780000e+01 0.000000e+00 2.211539e-01 2.211539e-01
6.790000e+01 0.000000e+00 2.209376e-01 2.209376e-01
6.800000e+01 0.000000e+00 2.207216e-01 2.207216e-01
6.810000e+01 0.000000e+00 2.205061e-01 2.205061e-01
6.820000e+01 0.000000e+00 2.202909e-01 2.202909e-01
6.830000e+01 0.000000e+00 2.200761e-01 2.200761e-01
6.840000e+01 0.000000e+00 2.198616e-01 2.198616e-01
6.850000e+01 0.000000e+00 2.196476e-01 2.196476e-01
6.860000e+01 0.000000e+00 2.194339e-01 2.194339e-01
6.870000e+01 0.000000e+00 2.192205e-01 2.192205e-01
6.880000e+01 0.000000e+00 2.190075e-01 2.190075e-01
6.890000e+01 0.000000e+00 2.187949e-01 2.187949e-01
6.900000e+01 0.000000e+00 2.185826e-01 2.185826e-01
6.910000e+01 0.000000e+00 2.183707e-01 2.183707e-01
6.920000e+01 0.000000e+00 2.181592e-01 2.181592e-01
6.930000e+01 0.000000e+00 2.179480e-01 2.179480e-01
6.940000e+01 0.000000e+00 2.177372e-01 2.177372e-01
6.950000e+01 0.000000e+00 2.175267e-01 2.175267e-01
6.960000e+01 0.000000e+00 2.173166e-01 2.173166e-01
6.970000e+01 0.000000e+00 2.171069e-01 2.171069e-01
6.980000e+01 0.000000e+00 2.168975e-01 2.168975e-01
6.990000e+01 0.000000e+00 2.166885e-01 2.166885e-01
7.000000e+01 0.000000e+00 2.164799e-01 2.164799e-01
7.010000e+01 0.000000e+00 2.162716e-01 2.162716e-01
7.020000e+01 0.000000e+00 2.160636e-01 2.160636e-01
7.030000e+01 0.000000e+00 2.158560e-01 2.158560e-01
7.040000e+01 0.000000e+00 2.156488e-01 2.156488e-01
7.050000e+01 0.000000e+00 2.154419e-01 2.154419e-01
7.060000e+01 0.000000e+00 2.152354e-01 2.152354e-01
7.070000e+01 0.000000e+00 2.150293e-01 2.150293e-01
7.080000e+01 0.000000e+00 2.148234e-01 2.148234e-01
7.090000e+01 0.000000e+00 2.146180e-01 2.146180e-01
7.100000e+01 0.000000e+00 2.144128e-01 2.144128e-01
7.110000e+01 0.000000e+00 2.142080e-01 2.142080e-01
7.120000e+01 0.000000e+00 2.140036e-01 2.140036e-01
7.130000e+01 0.000000e+00 2.137994e-01 2.137994e-01
7.140000e+01 0.000000e+00 2.135957e-01 2.135957e-01
7.150000e+01 0.000000e+00 2.133923e-01 2.133923e-01
7.160000e+01 0.000000e+00 2.131892e-01 2.131892e-01
7.170000e+01 0.000000e+00 2.129865e-01 2.129865e-01
7.180000e+01 0.000000e+00 2.127841e-01 2.127841e-01
7.190000e+01 0.000000e+00 2.125821e-01 2.125821e-01
7.200000e+01 0.000000e+00 2.123804e-01 2.123804e-01
7.210000e+01 0.000000e+00 2.121790e-01 2.121790e-01
7.220000e+01 0.000000e+00 2.119780e-01 2.119780e-01
7.230000e+01 0.000000e+00 2.117773e-01 2.117773e-01
7.240000e+01 0.000000e+00 2.115769e-01 2.115769e-01
7.250000e+01 0.000000e+00 2.113769e-01 2.113769e-01
7.260000e+01 0.000000e+00 2.111772e-01 2.111772e-01
7.270000e+01 0.000000e+00 2.109778e-01 2.109778e-01
7.280000e+01 0.000000e+00 2.107787e-01 2.107787e-01
7.290000e+01 0.000000e+00 2.105800e-01 2.105800e-01
7.300000e+01 0.000000e+00 2.103816e-01 2.103816e-01
7.310000e+01 0.000000e+00 2.101835e-01 2.101835e-01
7.320000e+01 0.000000e+00 2.099858e-01 2.099858e-01
7.330000e+01 0.000000e+00 2.097884e-01 2.097884e-01
7.340000e+01 0.000000e+00 2.095914e-01 2.095914e-01
7.350000e+01 0.000000e+00 2.093946e-01 2.093946e-01
7.360000e+01 0.000000e+00 2.091982e-01 2.091982e-01
7.370000e+01 0.000000e+00 2.090021e-01 2.090021e-01
7.380000e+01 0.000000e+00 2.088063e-01 2.088063e-01
7.390000e+01 0.000000e+00 2.086109e-01 2.086109e-01
7.400000e+01 0.000000e+00 2.084158e-01 2.084158e-01
7.410000e+01 0.000000e+00 2.082210e-01 2.082210e-01
7.420000e+01 0.000000e+00 2.080265e-01 2.080265e-01
7.430000e+01 0.000000e+00 2.078323e-01 2.078323e-01
7.440000e+01 0.000000e+00 2.076384e-01 2.076384e-01
7.450000e+01 0.000000e+00 2.074449e-01 2.074449e-01
7.460000e+01 0.000000e+00 2.072517e-01 2.072517e-01
7.470000e+01 0.000000e+00 2.070588e-01 2.070588e-01
7.480000e+01 0.000000e+00 2.068662e-01 2.068662e-01
7.490000e+01 0.000000e+00 2.066739e-01 2.066739e-01
7.500000e+01 0.000000e+00 2.064819e-01 2.064819e-01
7.510000e+01 0.000000e+00 2.062903e-01 2.062903e-01
7.520000e+01 0.000000e+00 2.060989e-01 2.060989e-01
7.530000e+01 0.000000e+00 2.059079e-01 2.059079e-01
7.540000e+01 0.000000e+00 2.057172e-01 2.057172e-01
7.550000e+01 0.000000e+00 2.055268e-01 2.055268e-01
7.560000e+01 0.000000e+00 2.053367e-01 2.053367e-01
7.570000e+01 0.000000e+00 2.051469e-01 2.051469e-01
7.580000e+01 0.000000e+00 2.049574e-01 2.049574e-01
7.590000e+01 0.000000e+00 2.047682e-01 2.047682e-01
7.600000e+01 0.000000e+00 2.045793e-01 2.045793e-01
7.610000e+01 0.000000e+00 2.043907e-01 2.043907e-01
7.620000e+01 0.000000e+00 2.042025e-01 2.042025e-01
7.630000e+01 0.000000e+00 2.040145e-01 2.040145e-01
7.640000e+01 0.000000e+00 2.038268e-01 2.038268e-01
7.650000e+01 0.000000e+00 2.036395e-01 2.036395e-01
7.660000e+01 0.000000e+00 2.034524e-01 2.034524e-01
7.670000e+01 0.000000e+00 2.032656e-01 2.032656e-01
7.680000e+01 0.000000e+00 2.030792e-01 2.030792e-01
7.690000e+01 0.000000e+00 2.028930e-01 2.028930e-01
7.700000e+01 0.000000e+00 2.027071e-01 2.027071e-01
7.710000e+01 0.000000e+00 2.025215e-01 2.025215e-01
7.720000e+01 0.000000e+00 2.023363e-01 2.023363e-01
7.730000e+01 0.000000e+00 2.021513e-01 2.021513e-01
7.740000e+01 0.000000e+00 2.019666e-01 2.019666e-01
7.750000e+01 0.000000e+00 2.017822e-01 2.017822e-01
7.760000e+01 0.000000e+00 2.015981e-01 2.015981e-01
7.770000e+01 0.000000e+00 2.014143e-01 2.014143e-01
7.780000e+01 0.000000e+00 2.012308e-01 2.012308e-01
7.790000e+01 0.000000e+00 2.010475e-01 2.010475e-01
7.800000e+01 0.000000e+00 2.008646e-01 2.008646e-01
7.810000e+01 0.000000e+00 2.006819e-01 2.006819e-01
7.820000e+01 0.000000e+00 2.004996e-01 2.004996e-01
7.830000e+01 0.000000e+00 2.003175e-01 2.003175e-01
7.840000e+01 0.000000e+00 2.001357e-01 2.001357e-01
7.850000e+01 0.000000e+00 1.999542e-01 1.999542e-01
7.860000e+01 0.000000e+00 1.997730e-01 1.997730e-01
7.870000e+01 0.000000e+00 1.995920e-01 1.995920e-01
7.880000e+01 0.000000e+00 1.994114e-01 1.994114e-01
7.890000e+01 0.000000e+00 1.992310e-01 1.992310e-01
7.900000e+01 0.000000e+00 1.990510e-01 1.990510e-01
7.910000e+01 0.000000e+00 1.988712e-01 1.988712e-01
7.920000e+01 0.000000e+00 1.986916e-01 1.986916e-01
7.930000e+01 0.000000e+00 1.985124e-01 1.985124e-01
7.940000e+01 0.000000e+00 1.983335e-01 1.983335e-01
7.950000e+01 0.000000e+00 1.981548e-01 1.981548e-01
7.960000e+01 0.000000e+00 1.979764e-01 1.979764e-01
7.970000e+01 0.000000e+00 1.977983e-01 1.977983e-01
7.980000e+01 0.000000e+00 1.976204e-01 1.976204e-01
7.990000e+01 0.000000e+00 1.974429e-01 1.974429e-01
8.000000e+01 0.000000e+00 1.972656e-01 1.972656e-01
8.010000e+01 0.000000e+00 1.970885e-01 1.970885e-01
8.020000e+01 0.000000e+00 1.969118e-01 1.969118e-01
8.030000e+01 0.000000e+00 1.967354e-01 1.967354e-01
8.040000e+01 0.000000e+00 1.965592e-01 1.965592e-01
8.050000e+01 0.000000e+00 1.963833e-01 1.963833e-01
8.060000e+01 0.000000e+00 1.962076e-01 1.962076e-01
8.070000e+01 0.000000e+00 1.960322e-01 1.960322e-01
8.080000e+01 0.000000e+00 1.958571e-01 1.958571e-01
8.090000e+01 0.000000e+00 1.956823e-01 1.956823e-01
8.100000e+01 0.000000e+00 1.955077e-01 1.955077e-01
8.110000e+01 0.000000e+00 1.953334e-01 1.953334e-01
8.120000e+01 0.000000e+00 1.951594e-01 1.951594e-01
8.130000e+01 0.000000e+00 1.949857e-01 1.949857e-01
8.140000e+01 0.000000e+00 1.948122e-01 1.948122e-01
8.150000e+01 0.000000e+00 1.946390e-01 1.946390e-01
8.160000e+01 0.000000e+00 1.944661e-01 1.944661e-01
8.170000e+01 0.000000e+00 1.942934e-01 1.942934e-01
8.180000e+01 0.000000e+00 1.941209e-01 1.941209e-01
8.190000e+01 0.000000e+00 1.939488e-01 1.939488e-01
8.200000e+01 0.000000e+00 1.937769e-01 1.937769e-01
8.210000e+01 0.000000e+00 1.936052e-01 1.936052e-01
8.220000e+01 0.000000e+00 1.934338e-01 1.934338e-01
8.230000e+01 0.000000e+00 1.932626e-01 1.932626e-01
8.240000e+01 0.000000e+00 1.930918e-01 1.930918e-01
8.250000e+01 0.000000e+00 1.929211e-01 1.929211e-01
8.260000e+01 0.000000e+00 1.927508e-01 1.927508e-01
8.270000e+01 0.000000e+00 1.925807e-01 1.925807e-01
8.280000e+01 0.000000e+00 1.924108e-01 1.924108e-01
8.290000e+01 0.000000e+00 1.922413e-01 1.922413e-01
8.300000e+01 0.000000e+00 1.920719e-01 1.920719e-01
8.310000e+01 0.000000e+00 1.919029e-01 1.919029e-01
8.320000e+01 0.000000e+00 1.917341e-01 1.917341e-01
8.330000e+01 0.000000e+00 1.915655e-01 1.915655e-01
8.340000e+01 0.000000e+00 1.913972e-01 1.913972e-01
8.350000e+01 0.000000e+00 1.912292e-01 1.912292e-01
8.360000e+01 0.000000e+00 1.910614e-01 1.910614e-01
8.370000e+01 0.000000e+00 1.908938e-01 1.908938e-01
8.380000e+01 0.000000e+00 1.907265e-01 1.907265e-01
8.390000e+01 0.000000e+00 1.905595e-01 1.905595e-01
8.400000e+01 0.000000e+00 1.903927e-01 1.903927e-01
8.410000e+01 0.000000e+00 1.902261e-01 1.902261e-01
8.420000e+01 0.000000e+00 1.900598e-01 1.900598e-01
8.430000e+01 0.000000e+00 1.898938e-01 1.898938e-01
8.440000e+01 0.000000e+00 1.897280e-01 1.897280e-01
8.450000e+01 0.000000e+00 1.895624e-01 1.895624e-01
8.460000e+01 0.000000e+00 1.893971e-01 1.893971e-01
8.470000e+01 0.000000e+00 1.892320e-01 1.892320e-01
8.480000e+01 0.000000e+00 1.890672e-01 1.890672e-01
8.490000e+01 0.000000e+00 1.889026e-01 1.889026e-01
8.500000e+01 0.000000e+00 1.887383e-01 1.887383e-01
8.510000e+01 0.000000e+00 1.885742e-01 1.885742e-01
8.520000e+01 0.000000e+00 1.884104e-01 1.884104e-01
8.530000e+01 0.000000e+00 1.882467e-01 1.882467e-01
8.540000e+01 0.000000e+00 1.880833e-01 1.880833e-01
8.550000e+01 0.000000e+00 1.879202e-01 1.879202e-01
8.560000e+01 0.000000e+00 1.877573e-01 1.877573e-01
8.570000e+01 0.000000e+00 1.875946e-01 1.875946e-01
8.580000e+01 0.000000e+00 1.874322e-01 1.874322e-01
8.590000e+01 0.000000e+00 1.872701e-01 1.872701e-01
8.600000e+01 0.000000e+00 1.871082e-01 1.871082e-01
8.610000e+01 0.000000e+00 1.869465e-01 1.869465e-01
8.620000e+01 0.000000e+00 1.867851e-01 1.867851e-01
8.630000e+01 0.000000e+00 1.866239e-01 1.866239e-01
8.640000e+01 0.000000e+00 1.864629e-01 1.864629e-01
8.650000e+01 0.000000e+00 1.863022e-01 1.863022e-01
8.660000e+01 0.000000e+00 1.861416e-01 1.861416e-01
8.670000e+01 0.000000e+00 1.859814e-01 1.859814e-01
8.680000e+01 0.000000e+00 1.858213e-01 1.858213e-01
8.690000e+01 0.000000e+00 1.856615e-01 1.856615e-01
8.700000e+01 0.000000e+00 1.855019e-01 1.855019e-01
8.710000e+01 0.000000e+00 1.853425e-01 1.853425e-01
8.720000e+01 0.000000e+00 1.851834e-01 1.851834e-01
8.730000e+01 0.000000e+00 1.850245e-01 1.850245e-01
8.740000e+01 0.000000e+00 1.848659e-01 1.848659e-01
8.750000e+01 0.000000e+00 1.847075e-01 1.847075e-01
8.760000e+01 0.000000e+00 1.845493e-01 1.845493e-01
8.770000e+01 0.000000e+00 1.843913e-01 1.843913e-01
8.780000e+01 0.000000e+00 1.842336e-01 1.842336e-01
8.790000e+01 0.000000e+00 1.840761e-01 1.840761e-01
8.800000e+01 0.000000e+00 1.839189e-01 1.839189e-01
8.810000e+01 0.000000e+00 1.837618e-01 1.837618e-01
8.820000e+01 0.000000e+00 1.836050e-01 1.836050e-01
8.830000e+01 0.000000e+00 1.834485e-01 1.834485e-01
8.840000e+01 0.000000e+00 1.832921e-01 1.832921e-01
8.850000e+01 0.000000e+00 1.831359e-01 1.831359e-01
8.860000e+01 0.000000e+00 1.829800e-01 1.829800e-01
8.870000e+01 0.000000e+00 1.828243e-01 1.828243e-01
8.880000e+01 0.000000e+00 1.826688e-01 1.826688e-01
8.890000e+01 0.000000e+00 1.825136e-01 1.825136e-01
8.900000e+01 0.000000e+00 1.823586e-01 1.823586e-01
8.910000e+01 0.000000e+00 1.822038e-01 1.822038e-01
8.920000e+01 0.000000e+00 1.820492e-01 1.820492e-01
8.930000e+01 0.000000e+00 1.818949e-01 1.818949e-01
8.940000e+01 0.000000e+00 1.817407e-01 1.817407e-01
8.950000e+01 0.000000e+00 1.815868e-01 1.815868e-01
8.960000e+01 0.000000e+00 1.814331e-01 1.814331e-01
8.970000e+01 0.000000e+00 1.812796e-01 1.812796e-01
8.980000e+01 0.000000e+00 1.811263e-01 1.811263e-01
8.990000e+01 0.000000e+00 1.809733e-01 1.809733e-01
9.000000e+01 0.000000e+00 1.808204e-01 1.808204e-01
9.010000e+01 0.000000e+00 1.806678e-01 1.806678e-01
9.020000e+01 0.000000e+00 1.805153e-01 1.805153e-01
9.030000e+01 0.000000e+00 1.803631e-01 1.803631e-01
9.040000e+01 0.000000e+00 1.802112e-01 1.802112e-01
9.050000e+01 0.000000e+00 1.800594e-01 1.800594e-01
9.060000e+01 0.000000e+00 1.799079e-01 1.799079e-01
9.070000e+01 0.000000e+00 1.797566e-01 1.797566e-01
9.080000e+01 0.000000e+00 1.796055e-01 1.796055e-01
9.090000e+01 0.000000e+00 1.794546e-01 1.794546e-01
9.100000e+01 0.000000e+00 1.793039e-01 1.793039e-01
9.110000e+01 0.000000e+00 1.791534e-01 1.791534e-01
9.120000e+01 0.000000e+00 1.790031e-01 1.790031e-01
9.130000e+01 0.000000e+00 1.788531e-01 1.788531e-01
9.140000e+01 0.000000e+00 1.787032e-01 1.787032e-01
9.150000e+01 0.000000e+00 1.785536e-01 1.785536e-01
9.160000e+01 0.000000e+00 1.784041e-01 1.784041e-01
9.170000e+01 0.000000e+00 1.782549e-01 1.782549e-01
9.180000e+01 0.000000e+00 1.781059e-01 1.781059e-01
9.190000e+01 0.000000e+00 1.779571e-01 1.779571e-01
9.200000e+01 0.000000e+00 1.778085e-01 1.778085e-01
9.210000e+01 0.000000e+00 1.776601e-01 1.776601e-01
9.220000e+01 0.000000e+00 1.775119e-01 1.775119e-01
9.230000e+01 0.000000e+00 1.773639e-01 1.773639e-01
9.240000e+01 0.000000e+00 1.772161e-01 1.772161e-01
9.250000e+01 0.000000e+00 1.770686e-01 1.770686e-01
9.260000e+01 0.000000e+00 1.769212e-01 1.769212e-01
9.270000e+01 0.000000e+00 1.767741e-01 1.767741e-01
9.280000e+01 0.000000e+00 1.766271e-01 1.766271e-01
9.290000e+01 0.000000e+00 1.764804e-01 1.764804e-01
9.300000e+01 0.000000e+00 1.763338e-01 1.763338e-01
9.310000e+01 0.000000e+00 1.761875e-01 1.761875e-01
9.320000e+01 0.000000e+00 1.760414e-01 1.760414e-01
9.330000e+01 0.000000e+00 1.758954e-01 1.758954e-01
9.340000e+01 0.000000e+00 1.757497e-01 1.757497e-01
9.350000e+01 0.000000e+00 1.756042e-01 1.756042e-01
9.360000e+01 0.000000e+00 1.754588e-01 1.754588e-01
9.370000e+01 0.000000e+00 1.753137e-01 1.753137e-01
9.380000e+01 0.000000e+00 1.751688e-01 1.751688e-01
9.390000e+01 0.000000e+00 1.750240e-01 1.750240e-01
9.400000e+01 0.000000e+00 1.748795e-01 1.748795e-01
9.410000e+01 0.000000e+00 1.747352e-01 1.747352e-01
9.420000e+01 0.000000e+00 1.745910e-01 1.745910e-01
9.430000e+01 0.000000e+00 1.744471e-01 1.744471e-01
9.440000e+01 0.000000e+00 1.743034e-01 1.743034e-01
9.450000e+01 0.000000e+00 1.741598e-01 1.741598e-01
9.460000e+01 0.000000e+00 1.740165e-01 1.740165e-01
9.470000e+01 0.000000e+00 1.738733e-01 1.738733e-01
9.480000e+01 0.000000e+00 1.737304e-01 1.737304e-01
9.490000e+01 0.000000e+00 1.735876e-01 1.735876e-01
9.500000e+01 0.000000e+00 1.734450e-01 1.734450e-01
9.510000e+01 0.000000e+00 1.733026e-01 1.733026e-01
9.520000e+01 0.000000e+00 1.731604e-01 1.731604e-01
9.530000e+01 0.000000e+00 1.730184e-01 1.730184e-01
9.540000e+01 0.000000e+00 1.728766e-01 1.728766e-01
9.550000e+01 0.000000e+00 1.727350e-01 1.727350e-01
9.560000e+01 0.000000e+00 1.725936e-01 1.725936e-01
9.570000e+01 0.000000e+00 1.724523e-01 1.724523e-01
9.580000e+01 0.000000e+00 1.723113e-01 1.723113e-01
9.590000e+01 0.000000e+00 1.721704e-01 1.721704e-01
9.600000e+01 0.000000e+00 1.720297e-01 1.720297e-01
9.610000e+01 0.000000e+00 1.718892e-01 1.718892e-01
9.620000e+01 0.000000e+00 1.717489e-01 1.717489e-01
9.630000e+01 0.000000e+00 1.716088e-01 1.716088e-01
9.640000e+01 0.000000e+00 1.714689e-01 1.714689e-01
9.650000e+01 0.000000e+00 1.713292e-01 1.713292e-01
9.660000e+01 0.000000e+00 1.711896e-01 1.711896e-01
9.670000e+01 0.000000e+00 1.710502e-01 1.710502e-01
9.680000e+01 0.000000e+00 1.709110e-01 1.709110e-01
9.690000e+01 0.000000e+00 1.707720e-01 1.707720e-01
9.700000e+01 0.000000e+00 1.706332e-01 1.706332e-01
9.710000e+01 0.000000e+00 1.704946e-01 1.704946e-01
9.720000e+01 0.000000e+00 1.703561e-01 1.703561e-01
9.730000e+01 0.000000e+00 1.702179e-01 1.702179e-01
9.740000e+01 0.000000e+00 1.700798e-01 1.700798e-01
9.750000e+01 0.000000e+00 1.699419e-01 1.699419e-01
9.760000e+01 0.000000e+00 1.698042e-01 1.698042e-01
9.770000e+01 0.000000e+00 1.696666e-01 1.696666e-01
9.780000e+01 0.000000e+00 1.695293e-01 1.695293e-01
9.790000e+01 0.000000e+00 1.693921e-01 1.693921e-01
9.800000e+01 0.000000e+00 1.692551e-01 1.692551e-01
9.810000e+01 0.000000e+00 1.691183e-01 1.691183e-01
9.820000e+01 0.000000e+00 1.689817e-01 1.689817e-01
9.830000e+01 0.000000e+00 1.688453e-01 1.688453e-01
9.840000e+01 0.000000e+00 1.687090e-01 1.687090e-01
9.850000e+01 0.000000e+00 1.685729e-01 1.685729e-01
9.860000e+01 0.000000e+00 1.684370e-01 1.684370e-01
9.870000e+01 0.000000e+00 1.683013e-01 1.683013e-01
9.880000e+01 0.000000e+00 1.681658e-01 1.681658e-01
9.890000e+01 0.000000e+00 1.680304e-01 1.680304e-01
9.900000e+01 0.000000e+00 1.678952e-01 1.678952e-01
9.910000e+01 0.000000e+00 1.677601e-01 1.677601e-01
9.920000e+01 0.000000e+00 1.676253e-01 1.676253e-01
9.930000e+01 0.000000e+00 1.674906e-01 1.674906e-01
9.940000e+01 0.000000e+00 1.673561e-01 1.673561e-01
9.950000e+01 0.000000e+00 1.672218e-01 1.672218e-01
9.960000e+01 0.000000e+00 1.670876e-01 1.670876e-01
9.970000e+01 0.000000e+00 1.669536e-01 1.669536e-01
9.980000e+01 0.000000e+00 1.668198e-01 1.668198e-01
9.990000e+01 0.000000e+00 1.666862e-01 1.666862e-01
1.000000e+02 0.000000e+00 1.665528e-01 1.665528e-01
