# # chi(t) for Pe = 200, beta = 0.5, bridge_width = 1.0
# # Columns: time, chi, I_T (signed), I_|T| (unsigned)
0.000000e+00 0.000000e+00 3.835511e-01 3.835511e-01
1.000000e-01 1.750000e-05 3.993832e-01 3.993902e-01
2.000000e-01 0.000000e+00 4.001831e-01 4.001831e-01
3.000000e-01 0.000000e+00 4.002064e-01 4.002064e-01
4.000000e-01 0.000000e+00 4.002527e-01 4.002527e-01
5.000000e-01 1.400000e-06 4.002696e-01 4.002701e-01
6.000000e-01 1.570000e-05 4.002720e-01 4.002783e-01
7.000000e-01 3.710000e-05 4.002478e-01 4.002626e-01
8.000000e-01 3.300000e-05 4.002850e-01 4.002982e-01
9.000000e-01 1.110000e-05 4.003184e-01 4.003229e-01
1.000000e+00 0.000000e+00 4.003411e-01 4.003411e-01
1.100000e+00 0.000000e+00 4.003466e-01 4.003466e-01
1.200000e+00 0.000000e+00 4.003298e-01 4.003298e-01
1.300000e+00 0.000000e+00 4.002878e-01 4.002878e-01
1.400000e+00 0.000000e+00 4.002189e-01 4.002189e-01
1.500000e+00 0.000000e+00 4.001228e-01 4.001228e-01
1.600000e+00 0.000000e+00 4.000003e-01 4.000003e-01
1.700000e+00 0.000000e+00 3.998523e-01 3.998523e-01
1.800000e+00 0.000000e+00 3.996802e-01 3.996802e-01
1.900000e+00 0.000000e+00 3.994857e-01 3.994857e-01
2.000000e+00 0.000000e+00 3.992704e-01 3.992704e-01
2.100000e+00 0.000000e+00 3.990358e-01 3.990358e-01
2.200000e+00 0.000000e+00 3.987836e-01 3.987836e-01
2.300000e+00 0.000000e+00 3.985153e-01 3.985153e-01
2.400000e+00 0.000000e+00 3.982325e-01 3.982325e-01
2.500000e+00 0.000000e+00 3.979364e-01 3.979364e-01
2.600000e+00 0.000000e+00 3.976283e-01 3.976283e-01
2.700000e+00 0.000000e+00 3.973094e-01 3.973094e-01
2.800000e+00 0.000000e+00 3.969809e-01 3.969809e-01
2.900000e+00 0.000000e+00 3.966438e-01 3.966438e-01
3.000000e+00 0.000000e+00 3.962990e-01 3.962990e-01
3.100000e+00 0.000000e+00 3.959473e-01 3.959473e-01
3.200000e+00 0.000000e+00 3.955897e-01 3.955897e-01
3.300000e+00 0.000000e+00 3.952267e-01 3.952267e-01
3.400000e+00 0.000000e+00 3.948591e-01 3.948591e-01
3.500000e+00 0.000000e+00 3.944874e-01 3.944874e-01
3.600000e+00 0.000000e+00 3.941123e-01 3.941123e-01
3.700000e+00 0.000000e+00 3.937341e-01 3.937341e-01
3.800000e+00 0.000000e+00 3.933535e-01 3.933535e-01
3.900000e+00 0.000000e+00 3.929707e-01 3.929707e-01
4.000000e+00 0.000000e+00 3.925861e-01 3.925861e-01
4.100000e+00 0.000000e+00 3.922002e-01 3.922002e-01
4.200000e+00 0.000000e+00 3.918132e-01 3.918132e-01
4.300000e+00 0.000000e+00 3.914253e-01 3.914253e-01
4.400000e+00 0.000000e+00 3.910368e-01 3.910368e-01
4.500000e+00 0.000000e+00 3.906479e-01 3.906479e-01
4.600000e+00 0.000000e+00 3.902589e-01 3.902589e-01
4.700000e+00 0.000000e+00 3.898699e-01 3.898699e-01
4.800000e+00 0.000000e+00 3.894809e-01 3.894809e-01
4.900000e+00 0.000000e+00 3.890923e-01 3.890923e-01
5.000000e+00 0.000000e+00 3.887040e-01 3.887040e-01
5.100000e+00 0.000000e+00 3.883162e-01 3.883162e-01
5.200000e+00 0.000000e+00 3.879289e-01 3.879289e-01
5.300000e+00 0.000000e+00 3.875422e-01 3.875422e-01
5.400000e+00 0.000000e+00 3.871562e-01 3.871562e-01
5.500000e+00 0.000000e+00 3.867709e-01 3.867709e-01
5.600000e+00 0.000000e+00 3.863863e-01 3.863863e-01
5.700000e+00 0.000000e+00 3.860024e-01 3.860024e-01
5.800000e+00 0.000000e+00 3.856193e-01 3.856193e-01
5.900000e+00 0.000000e+00 3.852369e-01 3.852369e-01
6.000000e+00 0.000000e+00 3.848552e-01 3.848552e-01
6.100000e+00 0.000000e+00 3.844742e-01 3.844742e-01
6.200000e+00 0.000000e+00 3.840939e-01 3.840939e-01
6.300000e+00 0.000000e+00 3.837142e-01 3.837142e-01
6.400000e+00 0.000000e+00 3.833351e-01 3.833351e-01
6.500000e+00 0.000000e+00 3.829566e-01 3.829566e-01
6.600000e+00 0.000000e+00 3.825786e-01 3.825786e-01
6.700000e+00 0.000000e+00 3.822010e-01 3.822010e-01
6.800000e+00 0.000000e+00 3.818237e-01 3.818237e-01
6.900000e+00 0.000000e+00 3.814468e-01 3.814468e-01
7.000000e+00 0.000000e+00 3.810701e-01 3.810701e-01
7.100000e+00 0.000000e+00 3.806937e-01 3.806937e-01
7.200000e+00 0.000000e+00 3.803173e-01 3.803173e-01
7.300000e+00 0.000000e+00 3.799409e-01 3.799409e-01
7.400000e+00 0.000000e+00 3.795645e-01 3.795645e-01
7.500000e+00 0.000000e+00 3.791880e-01 3.791880e-01
7.600000e+00 0.000000e+00 3.788113e-01 3.788113e-01
7.700000e+00 0.000000e+00 3.784343e-01 3.784343e-01
7.800000e+00 0.000000e+00 3.780570e-01 3.780570e-01
7.900000e+00 0.000000e+00 3.776792e-01 3.776792e-01
8.000000e+00 0.000000e+00 3.773009e-01 3.773009e-01
8.100000e+00 0.000000e+00 3.769220e-01 3.769220e-01
8.200000e+00 0.000000e+00 3.765425e-01 3.765425e-01
8.300000e+00 0.000000e+00 3.761622e-01 3.761622e-01
8.400000e+00 0.000000e+00 3.757810e-01 3.757810e-01
8.500000e+00 0.000000e+00 3.753990e-01 3.753990e-01
8.600000e+00 0.000000e+00 3.750160e-01 3.750160e-01
8.700000e+00 0.000000e+00 3.746319e-01 3.746319e-01
8.800000e+00 0.000000e+00 3.742467e-01 3.742467e-01
8.900000e+00 0.000000e+00 3.738604e-01 3.738604e-01
9.000000e+00 0.000000e+00 3.734727e-01 3.734727e-01
9.100000e+00 0.000000e+00 3.730838e-01 3.730838e-01
9.200000e+00 0.000000e+00 3.726934e-01 3.726934e-01
9.300000e+00 0.000000e+00 3.723016e-01 3.723016e-01
9.400000e+00 0.000000e+00 3.719083e-01 3.719083e-01
9.500000e+00 0.000000e+00 3.715135e-01 3.715135e-01
9.600000e+00 0.000000e+00 3.711170e-01 3.711170e-01
9.700000e+00 0.000000e+00 3.707188e-01 3.707188e-01
9.800000e+00 0.000000e+00 3.703189e-01 3.703189e-01
9.900000e+00 0.000000e+00 3.699173e-01 3.699173e-01
1.000000e+01 0.000000e+00 3.695138e-01 3.695138e-01
1.010000e+01 0.000000e+00 3.691085e-01 3.691085e-01
1.020000e+01 0.000000e+00 3.687012e-01 3.687012e-01
1.030000e+01 0.000000e+00 3.682921e-01 3.682921e-01
1.040000e+01 0.000000e+00 3.678809e-01 3.678809e-01
1.050000e+01 0.000000e+00 3.674678e-01 3.674678e-01
1.060000e+01 0.000000e+00 3.670527e-01 3.670527e-01
1.070000e+01 0.000000e+00 3.666354e-01 3.666354e-01
1.080000e+01 0.000000e+00 3.662161e-01 3.662161e-01
1.090000e+01 0.000000e+00 3.657947e-01 3.657947e-01
1.100000e+01 0.000000e+00 3.653712e-01 3.653712e-01
1.110000e+01 0.000000e+00 3.649455e-01 3.649455e-01
1.120000e+01 0.000000e+00 3.645177e-01 3.645177e-01
1.130000e+01 0.000000e+00 3.640877e-01 3.640877e-01
1.140000e+01 0.000000e+00 3.636556e-01 3.636556e-01
1.150000e+01 0.000000e+00 3.632212e-01 3.632212e-01
1.160000e+01 0.000000e+00 3.627847e-01 3.627847e-01
1.170000e+01 0.000000e+00 3.623460e-01 3.623460e-01
1.180000e+01 0.000000e+00 3.619050e-01 3.619050e-01
1.190000e+01 0.000000e+00 3.614619e-01 3.614619e-01
1.200000e+01 0.000000e+00 3.610166e-01 3.610166e-01
1.210000e+01 0.000000e+00 3.605692e-01 3.605692e-01
1.220000e+01 0.000000e+00 3.601195e-01 3.601195e-01
1.230000e+01 0.000000e+00 3.596677e-01 3.596677e-01
1.240000e+01 0.000000e+00 3.592138e-01 3.592138e-01
1.250000e+01 0.000000e+00 3.587577e-01 3.587577e-01
1.260000e+01 0.000000e+00 3.582994e-01 3.582994e-01
1.270000e+01 0.000000e+00 3.578391e-01 3.578391e-01
1.280000e+01 0.000000e+00 3.573767e-01 3.573767e-01
1.290000e+01 0.000000e+00 3.569122e-01 3.569122e-01
1.300000e+01 0.000000e+00 3.564457e-01 3.564457e-01
1.310000e+01 0.000000e+00 3.559771e-01 3.559771e-01
1.320000e+01 0.000000e+00 3.555065e-01 3.555065e-01
1.330000e+01 0.000000e+00 3.550340e-01 3.550340e-01
1.340000e+01 0.000000e+00 3.545595e-01 3.545595e-01
1.350000e+01 0.000000e+00 3.540830e-01 3.540830e-01
1.360000e+01 0.000000e+00 3.536047e-01 3.536047e-01
1.370000e+01 0.000000e+00 3.531245e-01 3.531245e-01
1.380000e+01 0.000000e+00 3.526424e-01 3.526424e-01
1.390000e+01 0.000000e+00 3.521586e-01 3.521586e-01
1.400000e+01 0.000000e+00 3.516730e-01 3.516730e-01
1.410000e+01 0.000000e+00 3.511856e-01 3.511856e-01
1.420000e+01 0.000000e+00 3.506965e-01 3.506965e-01
1.430000e+01 0.000000e+00 3.502058e-01 3.502058e-01
1.440000e+01 0.000000e+00 3.497134e-01 3.497134e-01
1.450000e+01 0.000000e+00 3.492194e-01 3.492194e-01
1.460000e+01 0.000000e+00 3.487238e-01 3.487238e-01
1.470000e+01 0.000000e+00 3.482267e-01 3.482267e-01
1.480000e+01 0.000000e+00 3.477281e-01 3.477281e-01
1.490000e+01 0.000000e+00 3.472280e-01 3.472280e-01
1.500000e+01 0.000000e+00 3.467265e-01 3.467265e-01
1.510000e+01 0.000000e+00 3.462237e-01 3.462237e-01
1.520000e+01 0.000000e+00 3.457195e-01 3.457195e-01
1.530000e+01 0.000000e+00 3.452140e-01 3.452140e-01
1.540000e+01 0.000000e+00 3.447072e-01 3.447072e-01
1.550000e+01 0.000000e+00 3.441992e-01 3.441992e-01
1.560000e+01 0.000000e+00 3.436900e-01 3.436900e-01
1.570000e+01 0.000000e+00 3.431796e-01 3.431796e-01
1.580000e+01 0.000000e+00 3.426681e-01 3.426681e-01
1.590000e+01 0.000000e+00 3.421556e-01 3.421556e-01
1.600000e+01 0.000000e+00 3.416420e-01 3.416420e-01
1.610000e+01 0.000000e+00 3.411275e-01 3.411275e-01
1.620000e+01 0.000000e+00 3.406119e-01 3.406119e-01
1.630000e+01 0.000000e+00 3.400955e-01 3.400955e-01
1.640000e+01 0.000000e+00 3.395781e-01 3.395781e-01
1.650000e+01 0.000000e+00 3.390600e-01 3.390600e-01
1.660000e+01 0.000000e+00 3.385410e-01 3.385410e-01
1.670000e+01 0.000000e+00 3.380212e-01 3.380212e-01
1.680000e+01 0.000000e+00 3.375008e-01 3.375008e-01
1.690000e+01 0.000000e+00 3.369796e-01 3.369796e-01
1.700000e+01 0.000000e+00 3.364578e-01 3.364578e-01
1.710000e+01 0.000000e+00 3.359353e-01 3.359353e-01
1.720000e+01 0.000000e+00 3.354123e-01 3.354123e-01
1.730000e+01 0.000000e+00 3.348887e-01 3.348887e-01
1.740000e+01 0.000000e+00 3.343646e-01 3.343646e-01
1.750000e+01 0.000000e+00 3.338401e-01 3.338401e-01
1.760000e+01 0.000000e+00 3.333150e-01 3.333150e-01
1.770000e+01 0.000000e+00 3.327896e-01 3.327896e-01
1.780000e+01 0.000000e+00 3.322638e-01 3.322638e-01
1.790000e+01 0.000000e+00 3.317377e-01 3.317377e-01
1.800000e+01 0.000000e+00 3.312113e-01 3.312113e-01
1.810000e+01 0.000000e+00 3.306846e-01 3.306846e-01
1.820000e+01 0.000000e+00 3.301577e-01 3.301577e-01
1.830000e+01 0.000000e+00 3.296305e-01 3.296305e-01
1.840000e+01 0.000000e+00 3.291032e-01 3.291032e-01
1.850000e+01 0.000000e+00 3.285757e-01 3.285757e-01
1.860000e+01 0.000000e+00 3.280481e-01 3.280481e-01
1.870000e+01 0.000000e+00 3.275204e-01 3.275204e-01
1.880000e+01 0.000000e+00 3.269927e-01 3.269927e-01
1.890000e+01 0.000000e+00 3.264650e-01 3.264650e-01
1.900000e+01 0.000000e+00 3.259372e-01 3.259372e-01
1.910000e+01 0.000000e+00 3.254095e-01 3.254095e-01
1.920000e+01 0.000000e+00 3.248818e-01 3.248818e-01
1.930000e+01 0.000000e+00 3.243542e-01 3.243542e-01
1.940000e+01 0.000000e+00 3.238268e-01 3.238268e-01
1.950000e+01 0.000000e+00 3.232994e-01 3.232994e-01
1.960000e+01 0.000000e+00 3.227723e-01 3.227723e-01
1.970000e+01 0.000000e+00 3.222453e-01 3.222453e-01
1.980000e+01 0.000000e+00 3.217185e-01 3.217185e-01
1.990000e+01 0.000000e+00 3.211920e-01 3.211920e-01
2.000000e+01 0.000000e+00 3.206657e-01 3.206657e-01
2.010000e+01 0.000000e+00 3.201397e-01 3.201397e-01
2.020000e+01 0.000000e+00 3.196141e-01 3.196141e-01
2.030000e+01 0.000000e+00 3.190887e-01 3.190887e-01
2.040000e+01 0.000000e+00 3.185637e-01 3.185637e-01
2.050000e+01 0.000000e+00 3.180391e-01 3.180391e-01
2.060000e+01 0.000000e+00 3.175149e-01 3.175149e-01
2.070000e+01 0.000000e+00 3.169911e-01 3.169911e-01
2.080000e+01 0.000000e+00 3.164677e-01 3.164677e-01
2.090000e+01 0.000000e+00 3.159448e-01 3.159448e-01
2.100000e+01 0.000000e+00 3.154224e-01 3.154224e-01
2.110000e+01 0.000000e+00 3.149004e-01 3.149004e-01
2.120000e+01 0.000000e+00 3.143790e-01 3.143790e-01
2.130000e+01 0.000000e+00 3.138581e-01 3.138581e-01
2.140000e+01 0.000000e+00 3.133377e-01 3.133377e-01
2.150000e+01 0.000000e+00 3.128179e-01 3.128179e-01
2.160000e+01 0.000000e+00 3.122987e-01 3.122987e-01
2.170000e+01 0.000000e+00 3.117801e-01 3.117801e-01
2.180000e+01 0.000000e+00 3.112621e-01 3.112621e-01
2.190000e+01 0.000000e+00 3.107448e-01 3.107448e-01
2.200000e+01 0.000000e+00 3.102281e-01 3.102281e-01
2.210000e+01 0.000000e+00 3.097120e-01 3.097120e-01
2.220000e+01 0.000000e+00 3.091966e-01 3.091966e-01
2.230000e+01 0.000000e+00 3.086820e-01 3.086820e-01
2.240000e+01 0.000000e+00 3.081680e-01 3.081680e-01
2.250000e+01 0.000000e+00 3.076547e-01 3.076547e-01
2.260000e+01 0.000000e+00 3.071422e-01 3.071422e-01
2.270000e+01 0.000000e+00 3.066304e-01 3.066304e-01
2.280000e+01 0.000000e+00 3.061194e-01 3.061194e-01
2.290000e+01 0.000000e+00 3.056091e-01 3.056091e-01
2.300000e+01 0.000000e+00 3.050996e-01 3.050996e-01
2.310000e+01 0.000000e+00 3.045909e-01 3.045909e-01
2.320000e+01 0.000000e+00 3.040830e-01 3.040830e-01
2.330000e+01 0.000000e+00 3.035759e-01 3.035759e-01
2.340000e+01 0.000000e+00 3.030696e-01 3.030696e-01
2.350000e+01 0.000000e+00 3.025642e-01 3.025642e-01
2.360000e+01 0.000000e+00 3.020596e-01 3.020596e-01
2.370000e+01 0.000000e+00 3.015559e-01 3.015559e-01
2.380000e+01 0.000000e+00 3.010530e-01 3.010530e-01
2.390000e+01 0.000000e+00 3.005510e-01 3.005510e-01
2.400000e+01 0.000000e+00 3.000499e-01 3.000499e-01
2.410000e+01 0.000000e+00 2.995496e-01 2.995496e-01
2.420000e+01 0.000000e+00 2.990503e-01 2.990503e-01
2.430000e+01 0.000000e+00 2.985518e-01 2.985518e-01
2.440000e+01 0.000000e+00 2.980543e-01 2.980543e-01
2.450000e+01 0.000000e+00 2.975577e-01 2.975577e-01
2.460000e+01 0.000000e+00 2.970620e-01 2.970620e-01
2.470000e+01 0.000000e+00 2.965672e-01 2.965672e-01
2.480000e+01 0.000000e+00 2.960734e-01 2.960734e-01
2.490000e+01 0.000000e+00 2.955806e-01 2.955806e-01
2.500000e+01 0.000000e+00 2.950886e-01 2.950886e-01
2.510000e+01 0.000000e+00 2.945977e-01 2.945977e-01
2.520000e+01 0.000000e+00 2.941077e-01 2.941077e-01
2.530000e+01 0.000000e+00 2.936187e-01 2.936187e-01
2.540000e+01 0.000000e+00 2.931306e-01 2.931306e-01
2.550000e+01 0.000000e+00 2.926435e-01 2.926435e-01
2.560000e+01 0.000000e+00 2.921575e-01 2.921575e-01
2.570000e+01 0.000000e+00 2.916724e-01 2.916724e-01
2.580000e+01 0.000000e+00 2.911882e-01 2.911882e-01
2.590000e+01 0.000000e+00 2.907051e-01 2.907051e-01
2.600000e+01 0.000000e+00 2.902230e-01 2.902230e-01
2.610000e+01 0.000000e+00 2.897419e-01 2.897419e-01
2.620000e+01 0.000000e+00 2.892618e-01 2.892618e-01
2.630000e+01 0.000000e+00 2.887827e-01 2.887827e-01
2.640000e+01 0.000000e+00 2.883047e-01 2.883047e-01
2.650000e+01 0.000000e+00 2.878276e-01 2.878276e-01
2.660000e+01 0.000000e+00 2.873516e-01 2.873516e-01
2.670000e+01 0.000000e+00 2.868766e-01 2.868766e-01
2.680000e+01 0.000000e+00 2.864026e-01 2.864026e-01
2.690000e+01 0.000000e+00 2.859297e-01 2.859297e-01
2.700000e+01 0.000000e+00 2.854578e-01 2.854578e-01
2.710000e+01 0.000000e+00 2.849869e-01 2.849869e-01
2.720000e+01 0.000000e+00 2.845171e-01 2.845171e-01
2.730000e+01 0.000000e+00 2.840483e-01 2.840483e-01
2.740000e+01 0.000000e+00 2.835805e-01 2.835805e-01
2.750000e+01 0.000000e+00 2.831138e-01 2.831138e-01
2.760000e+01 0.000000e+00 2.826481e-01 2.826481e-01
2.770000e+01 0.000000e+00 2.821835e-01 2.821835e-01
2.780000e+01 0.000000e+00 2.817199e-01 2.817199e-01
2.790000e+01 0.000000e+00 2.812574e-01 2.812574e-01
2.800000e+01 0.000000e+00 2.807959e-01 2.807959e-01
2.810000e+01 0.000000e+00 2.803355e-01 2.803355e-01
2.820000e+01 0.000000e+00 2.798761e-01 2.798761e-01
2.830000e+01 0.000000e+00 2.794178e-01 2.794178e-01
2.840000e+01 0.000000e+00 2.789605e-01 2.789605e-01
2.850000e+01 0.000000e+00 2.785043e-01 2.785043e-01
2.860000e+01 0.000000e+00 2.780491e-01 2.780491e-01
2.870000e+01 0.000000e+00 2.775950e-01 2.775950e-01
2.880000e+01 0.000000e+00 2.771420e-01 2.771420e-01
2.890000e+01 0.000000e+00 2.766900e-01 2.766900e-01
2.900000e+01 0.000000e+00 2.762390e-01 2.762390e-01
2.910000e+01 0.000000e+00 2.757891e-01 2.757891e-01
2.920000e+01 0.000000e+00 2.753403e-01 2.753403e-01
2.930000e+01 0.000000e+00 2.748925e-01 2.748925e-01
2.940000e+01 0.000000e+00 2.744458e-01 2.744458e-01
2.950000e+01 0.000000e+00 2.740001e-01 2.740001e-01
2.960000e+01 0.000000e+00 2.735555e-01 2.735555e-01
2.970000e+01 0.000000e+00 2.731120e-01 2.731120e-01
2.980000e+01 0.000000e+00 2.726695e-01 2.726695e-01
2.990000e+01 0.000000e+00 2.722281e-01 2.722281e-01
3.000000e+01 0.000000e+00 2.717877e-01 2.717877e-01
3.010000e+01 0.000000e+00 2.713484e-01 2.713484e-01
3.020000e+01 0.000000e+00 2.709101e-01 2.709101e-01
3.030000e+01 0.000000e+00 2.704729e-01 2.704729e-01
3.040000e+01 0.000000e+00 2.700367e-01 2.700367e-01
3.050000e+01 0.000000e+00 2.696016e-01 2.696016e-01
3.060000e+01 0.000000e+00 2.691676e-01 2.691676e-01
3.070000e+01 0.000000e+00 2.687345e-01 2.687345e-01
3.080000e+01 0.000000e+00 2.683026e-01 2.683026e-01
3.090000e+01 0.000000e+00 2.678717e-01 2.678717e-01
3.100000e+01 0.000000e+00 2.674418e-01 2.674418e-01
3.110000e+01 0.000000e+00 2.670129e-01 2.670129e-01
3.120000e+01 0.000000e+00 2.665851e-01 2.665851e-01
3.130000e+01 0.000000e+00 2.661584e-01 2.661584e-01
3.140000e+01 0.000000e+00 2.657327e-01 2.657327e-01
3.150000e+01 0.000000e+00 2.653080e-01 2.653080e-01
3.160000e+01 0.000000e+00 2.648844e-01 2.648844e-01
3.170000e+01 0.000000e+00 2.644618e-01 2.644618e-01
3.180000e+01 0.000000e+00 2.640402e-01 2.640402e-01
3.190000e+01 0.000000e+00 2.636196e-01 2.636196e-01
3.200000e+01 0.000000e+00 2.632001e-01 2.632001e-01
3.210000e+01 0.000000e+00 2.627817e-01 2.627817e-01
3.220000e+01 0.000000e+00 2.623642e-01 2.623642e-01
3.230000e+01 0.000000e+00 2.619478e-01 2.619478e-01
3.240000e+01 0.000000e+00 2.615324e-01 2.615324e-01
3.250000e+01 0.000000e+00 2.611180e-01 2.611180e-01
3.260000e+01 0.000000e+00 2.607046e-01 2.607046e-01
3.270000e+01 0.000000e+00 2.602923e-01 2.602923e-01
3.280000e+01 0.000000e+00 2.598810e-01 2.598810e-01
3.290000e+01 0.000000e+00 2.594707e-01 2.594707e-01
3.300000e+01 0.000000e+00 2.590614e-01 2.590614e-01
3.310000e+01 0.000000e+00 2.586531e-01 2.586531e-01
3.320000e+01 0.000000e+00 2.582458e-01 2.582458e-01
3.330000e+01 0.000000e+00 2.578396e-01 2.578396e-01
3.340000e+01 0.000000e+00 2.574343e-01 2.574343e-01
3.350000e+01 0.000000e+00 2.570301e-01 2.570301e-01
3.360000e+01 0.000000e+00 2.566268e-01 2.566268e-01
3.370000e+01 0.000000e+00 2.562246e-01 2.562246e-01
3.380000e+01 0.000000e+00 2.558233e-01 2.558233e-01
3.390000e+01 0.000000e+00 2.554231e-01 2.554231e-01
3.400000e+01 0.000000e+00 2.550238e-01 2.550238e-01
3.410000e+01 0.000000e+00 2.546256e-01 2.546256e-01
3.420000e+01 0.000000e+00 2.542283e-01 2.542283e-01
3.430000e+01 0.000000e+00 2.538320e-01 2.538320e-01
3.440000e+01 0.000000e+00 2.534367e-01 2.534367e-01
3.450000e+01 0.000000e+00 2.530424e-01 2.530424e-01
3.460000e+01 0.000000e+00 2.526491e-01 2.526491e-01
3.470000e+01 0.000000e+00 2.522567e-01 2.522567e-01
3.480000e+01 0.000000e+00 2.518653e-01 2.518653e-01
3.490000e+01 0.000000e+00 2.514750e-01 2.514750e-01
3.500000e+01 0.000000e+00 2.510855e-01 2.510855e-01
3.510000e+01 0.000000e+00 2.506971e-01 2.506971e-01
3.520000e+01 0.000000e+00 2.503096e-01 2.503096e-01
3.530000e+01 0.000000e+00 2.499231e-01 2.499231e-01
3.540000e+01 0.000000e+00 2.495375e-01 2.495375e-01
3.550000e+01 0.000000e+00 2.491529e-01 2.491529e-01
3.560000e+01 0.000000e+00 2.487693e-01 2.487693e-01
3.570000e+01 0.000000e+00 2.483866e-01 2.483866e-01
3.580000e+01 0.000000e+00 2.480048e-01 2.480048e-01
3.590000e+01 0.000000e+00 2.476241e-01 2.476241e-01
3.600000e+01 0.000000e+00 2.472442e-01 2.472442e-01
3.610000e+01 0.000000e+00 2.468654e-01 2.468654e-01
3.620000e+01 0.000000e+00 2.464874e-01 2.464874e-01
3.630000e+01 0.000000e+00 2.461104e-01 2.461104e-01
3.640000e+01 0.000000e+00 2.457344e-01 2.457344e-01
3.650000e+01 0.000000e+00 2.453593e-01 2.453593e-01
3.660000e+01 0.000000e+00 2.449851e-01 2.449851e-01
3.670000e+01 0.000000e+00 2.446119e-01 2.446119e-01
3.680000e+01 0.000000e+00 2.442395e-01 2.442395e-01
3.690000e+01 0.000000e+00 2.438682e-01 2.438682e-01
3.700000e+01 0.000000e+00 2.434977e-01 2.434977e-01
3.710000e+01 0.000000e+00 2.431282e-01 2.431282e-01
3.720000e+01 0.000000e+00 2.427596e-01 2.427596e-01
3.730000e+01 0.000000e+00 2.423919e-01 2.423919e-01
3.740000e+01 0.000000e+00 2.420251e-01 2.420251e-01
3.750000e+01 0.000000e+00 2.416593e-01 2.416593e-01
3.760000e+01 0.000000e+00 2.412944e-01 2.412944e-01
3.770000e+01 0.000000e+00 2.409303e-01 2.409303e-01
3.780000e+01 0.000000e+00 2.405672e-01 2.405672e-01
3.790000e+01 0.000000e+00 2.402050e-01 2.402050e-01
3.800000e+01 0.000000e+00 2.398437e-01 2.398437e-01
3.810000e+01 0.000000e+00 2.394833e-01 2.394833e-01
3.820000e+01 0.000000e+00 2.391238e-01 2.391238e-01
3.830000e+01 0.000000e+00 2.387651e-01 2.387651e-01
3.840000e+01 0.000000e+00 2.384074e-01 2.384074e-01
3.850000e+01 0.000000e+00 2.380506e-01 2.380506e-01
3.860000e+01 0.000000e+00 2.376946e-01 2.376946e-01
3.870000e+01 0.000000e+00 2.373395e-01 2.373395e-01
3.880000e+01 0.000000e+00 2.369853e-01 2.369853e-01
3.890000e+01 0.000000e+00 2.366320e-01 2.366320e-01
3.900000e+01 0.000000e+00 2.362796e-01 2.362796e-01
3.910000e+01 0.000000e+00 2.359280e-01 2.359280e-01
3.920000e+01 0.000000e+00 2.355774e-01 2.355774e-01
3.930000e+01 0.000000e+00 2.352276e-01 2.352276e-01
3.940000e+01 0.000000e+00 2.348786e-01 2.348786e-01
3.950000e+01 0.000000e+00 2.345305e-01 2.345305e-01
3.960000e+01 0.000000e+00 2.341833e-01 2.341833e-01
3.970000e+01 0.000000e+00 2.338370e-01 2.338370e-01
3.980000e+01 0.000000e+00 2.334915e-01 2.334915e-01
3.990000e+01 0.000000e+00 2.331469e-01 2.331469e-01
4.000000e+01 0.000000e+00 2.328031e-01 2.328031e-01
4.010000e+01 0.000000e+00 2.324602e-01 2.324602e-01
4.020000e+01 0.000000e+00 2.321181e-01 2.321181e-01
4.030000e+01 0.000000e+00 2.317769e-01 2.317769e-01
4.040000e+01 0.000000e+00 2.314365e-01 2.314365e-01
4.050000e+01 0.000000e+00 2.310970e-01 2.310970e-01
4.060000e+01 0.000000e+00 2.307582e-01 2.307582e-01
4.070000e+01 0.000000e+00 2.304204e-01 2.304204e-01
4.080000e+01 0.000000e+00 2.300833e-01 2.300833e-01
4.090000e+01 0.000000e+00 2.297471e-01 2.297471e-01
4.100000e+01 0.000000e+00 2.294118e-01 2.294118e-01
4.110000e+01 0.000000e+00 2.290772e-01 2.290772e-01
4.120000e+01 0.000000e+00 2.287435e-01 2.287435e-01
4.130000e+01 0.000000e+00 2.284106e-01 2.284106e-01
4.140000e+01 0.000000e+00 2.280785e-01 2.280785e-01
4.150000e+01 0.000000e+00 2.277472e-01 2.277472e-01
4.160000e+01 0.000000e+00 2.274168e-01 2.274168e-01
4.170000e+01 0.000000e+00 2.270872e-01 2.270872e-01
4.180000e+01 0.000000e+00 2.267584e-01 2.267584e-01
4.190000e+01 0.000000e+00 2.264304e-01 2.264304e-01
4.200000e+01 0.000000e+00 2.261032e-01 2.261032e-01
4.210000e+01 0.000000e+00 2.257768e-01 2.257768e-01
4.220000e+01 0.000000e+00 2.254512e-01 2.254512e-01
4.230000e+01 0.000000e+00 2.251264e-01 2.251264e-01
4.240000e+01 0.000000e+00 2.248024e-01 2.248024e-01
4.250000e+01 0.000000e+00 2.244792e-01 2.244792e-01
4.260000e+01 0.000000e+00 2.241568e-01 2.241568e-01
4.270000e+01 0.000000e+00 2.238351e-01 2.238351e-01
4.280000e+01 0.000000e+00 2.235143e-01 2.235143e-01
4.290000e+01 0.000000e+00 2.231942e-01 2.231942e-01
4.300000e+01 0.000000e+00 2.228749e-01 2.228749e-01
4.310000e+01 0.000000e+00 2.225564e-01 2.225564e-01
4.320000e+01 0.000000e+00 2.222387e-01 2.222387e-01
4.330000e+01 0.000000e+00 2.219218e-01 2.219218e-01
4.340000e+01 0.000000e+00 2.216056e-01 2.216056e-01
4.350000e+01 0.000000e+00 2.212902e-01 2.212902e-01
4.360000e+01 0.000000e+00 2.209756e-01 2.209756e-01
4.370000e+01 0.000000e+00 2.206617e-01 2.206617e-01
4.380000e+01 0.000000e+00 2.203486e-01 2.203486e-01
4.390000e+01 0.000000e+00 2.200362e-01 2.200362e-01
4.400000e+01 0.000000e+00 2.197247e-01 2.197247e-01
4.410000e+01 0.000000e+00 2.194138e-01 2.194138e-01
4.420000e+01 0.000000e+00 2.191038e-01 2.191038e-01
4.430000e+01 0.000000e+00 2.187944e-01 2.187944e-01
4.440000e+01 0.000000e+00 2.184859e-01 2.184859e-01
4.450000e+01 0.000000e+00 2.181780e-01 2.181780e-01
4.460000e+01 0.000000e+00 2.178709e-01 2.178709e-01
4.470000e+01 0.000000e+00 2.175646e-01 2.175646e-01
4.480000e+01 0.000000e+00 2.172590e-01 2.172590e-01
4.490000e+01 0.000000e+00 2.169541e-01 2.169541e-01
4.500000e+01 0.000000e+00 2.166500e-01 2.166500e-01
4.510000e+01 0.000000e+00 2.163466e-01 2.163466e-01
4.520000e+01 0.000000e+00 2.160440e-01 2.160440e-01
4.530000e+01 0.000000e+00 2.157420e-01 2.157420e-01
4.540000e+01 0.000000e+00 2.154408e-01 2.154408e-01
4.550000e+01 0.000000e+00 2.151404e-01 2.151404e-01
4.560000e+01 0.000000e+00 2.148406e-01 2.148406e-01
4.570000e+01 0.000000e+00 2.145416e-01 2.145416e-01
4.580000e+01 0.000000e+00 2.142433e-01 2.142433e-01
4.590000e+01 0.000000e+00 2.139457e-01 2.139457e-01
4.600000e+01 0.000000e+00 2.136488e-01 2.136488e-01
4.610000e+01 0.000000e+00 2.133526e-01 2.133526e-01
4.620000e+01 0.000000e+00 2.130572e-01 2.130572e-01
4.630000e+01 0.000000e+00 2.127624e-01 2.127624e-01
4.640000e+01 0.000000e+00 2.124683e-01 2.124683e-01
4.650000e+01 0.000000e+00 2.121750e-01 2.121750e-01
4.660000e+01 0.000000e+00 2.118823e-01 2.118823e-01
4.670000e+01 0.000000e+00 2.115904e-01 2.115904e-01
4.680000e+01 0.000000e+00 2.112991e-01 2.112991e-01
4.690000e+01 0.000000e+00 2.110086e-01 2.110086e-01
4.700000e+01 0.000000e+00 2.107187e-01 2.107187e-01
4.710000e+01 0.000000e+00 2.104295e-01 2.104295e-01
4.720000e+01 0.000000e+00 2.101411e-01 2.101411e-01
4.730000e+01 0.000000e+00 2.098533e-01 2.098533e-01
4.740000e+01 0.000000e+00 2.095661e-01 2.095661e-01
4.750000e+01 0.000000e+00 2.092797e-01 2.092797e-01
4.760000e+01 0.000000e+00 2.089939e-01 2.089939e-01
4.770000e+01 0.000000e+00 2.087089e-01 2.087089e-01
4.780000e+01 0.000000e+00 2.084245e-01 2.084245e-01
4.790000e+01 0.000000e+00 2.081407e-01 2.081407e-01
4.800000e+01 0.000000e+00 2.078576e-01 2.078576e-01
4.810000e+01 0.000000e+00 2.075752e-01 2.075752e-01
4.820000e+01 0.000000e+00 2.072935e-01 2.072935e-01
4.830000e+01 0.000000e+00 2.070124e-01 2.070124e-01
4.840000e+01 0.000000e+00 2.067321e-01 2.067321e-01
4.850000e+01 0.000000e+00 2.064523e-01 2.064523e-01
4.860000e+01 0.000000e+00 2.061733e-01 2.061733e-01
4.870000e+01 0.000000e+00 2.058949e-01 2.058949e-01
4.880000e+01 0.000000e+00 2.056171e-01 2.056171e-01
4.890000e+01 0.000000e+00 2.053400e-01 2.053400e-01
4.900000e+01 0.000000e+00 2.050635e-01 2.050635e-01
4.910000e+01 0.000000e+00 2.047877e-01 2.047877e-01
4.920000e+01 0.000000e+00 2.045125e-01 2.045125e-01
4.930000e+01 0.000000e+00 2.042380e-01 2.042380e-01
4.940000e+01 0.000000e+00 2.039641e-01 2.039641e-01
4.950000e+01 0.000000e+00 2.036908e-01 2.036908e-01
4.960000e+01 0.000000e+00 2.034182e-01 2.034182e-01
4.970000e+01 0.000000e+00 2.031462e-01 2.031462e-01
4.980000e+01 0.000000e+00 2.028748e-01 2.028748e-01
4.990000e+01 0.000000e+00 2.026041e-01 2.026041e-01
5.000000e+01 0.000000e+00 2.023340e-01 2.023340e-01
5.010000e+01 0.000000e+00 2.020645e-01 2.020645e-01
5.020000e+01 0.000000e+00 2.017957e-01 2.017957e-01
5.030000e+01 0.000000e+00 2.015275e-01 2.015275e-01
5.040000e+01 0.000000e+00 2.012599e-01 2.012599e-01
5.050000e+01 0.000000e+00 2.009929e-01 2.009929e-01
5.060000e+01 0.000000e+00 2.007266e-01 2.007266e-01
5.070000e+01 0.000000e+00 2.004608e-01 2.004608e-01
5.080000e+01 0.000000e+00 2.001957e-01 2.001957e-01
5.090000e+01 0.000000e+00 1.999312e-01 1.999312e-01
5.100000e+01 0.000000e+00 1.996673e-01 1.996673e-01
5.110000e+01 0.000000e+00 1.994041e-01 1.994041e-01
5.120000e+01 0.000000e+00 1.991414e-01 1.991414e-01
5.130000e+01 0.000000e+00 1.988793e-01 1.988793e-01
5.140000e+01 0.000000e+00 1.986178e-01 1.986178e-01
5.150000e+01 0.000000e+00 1.983569e-01 1.983569e-01
5.160000e+01 0.000000e+00 1.980966e-01 1.980966e-01
5.170000e+01 0.000000e+00 1.978369e-01 1.978369e-01
5.180000e+01 0.000000e+00 1.975778e-01 1.975778e-01
5.190000e+01 0.000000e+00 1.973193e-01 1.973193e-01
5.200000e+01 0.000000e+00 1.970614e-01 1.970614e-01
5.210000e+01 0.000000e+00 1.968042e-01 1.968042e-01
5.220000e+01 0.000000e+00 1.965474e-01 1.965474e-01
5.230000e+01 0.000000e+00 1.962913e-01 1.962913e-01
5.240000e+01 0.000000e+00 1.960358e-01 1.960358e-01
5.250000e+01 0.000000e+00 1.957808e-01 1.957808e-01
5.260000e+01 0.000000e+00 1.955264e-01 1.955264e-01
5.270000e+01 0.000000e+00 1.952726e-01 1.952726e-01
5.280000e+01 0.000000e+00 1.950194e-01 1.950194e-01
5.290000e+01 0.000000e+00 1.947667e-01 1.947667e-01
5.300000e+01 0.000000e+00 1.945146e-01 1.945146e-01
5.310000e+01 0.000000e+00 1.942631e-01 1.942631e-01
5.320000e+01 0.000000e+00 1.940122e-01 1.940122e-01
5.330000e+01 0.000000e+00 1.937618e-01 1.937618e-01
5.340000e+01 0.000000e+00 1.935120e-01 1.935120e-01
5.350000e+01 0.000000e+00 1.932627e-01 1.932627e-01
5.360000e+01 0.000000e+00 1.930140e-01 1.930140e-01
5.370000e+01 0.000000e+00 1.927659e-01 1.927659e-01
5.380000e+01 0.000000e+00 1.925184e-01 1.925184e-01
5.390000e+01 0.000000e+00 1.922714e-01 1.922714e-01
5.400000e+01 0.000000e+00 1.920249e-01 1.920249e-01
5.410000e+01 0.000000e+00 1.917790e-01 1.917790e-01
5.420000e+01 0.000000e+00 1.915337e-01 1.915337e-01
5.430000e+01 0.000000e+00 1.912889e-01 1.912889e-01
5.440000e+01 0.000000e+00 1.910447e-01 1.910447e-01
5.450000e+01 0.000000e+00 1.908010e-01 1.908010e-01
5.460000e+01 0.000000e+00 1.905579e-01 1.905579e-01
5.470000e+01 0.000000e+00 1.903153e-01 1.903153e-01
5.480000e+01 0.000000e+00 1.900732e-01 1.900732e-01
5.490000e+01 0.000000e+00 1.898317e-01 1.898317e-01
5.500000e+01 0.000000e+00 1.895907e-01 1.895907e-01
5.510000e+01 0.000000e+00 1.893502e-01 1.893502e-01
5.520000e+01 0.000000e+00 1.891103e-01 1.891103e-01
5.530000e+01 0.000000e+00 1.888709e-01 1.888709e-01
5.540000e+01 0.000000e+00 1.886321e-01 1.886321e-01
5.550000e+01 0.000000e+00 1.883937e-01 1.883937e-01
5.560000e+01 0.000000e+00 1.881559e-01 1.881559e-01
5.570000e+01 0.000000e+00 1.879187e-01 1.879187e-01
5.580000e+01 0.000000e+00 1.876819e-01 1.876819e-01
5.590000e+01 0.000000e+00 1.874457e-01 1.874457e-01
5.600000e+01 0.000000e+00 1.872100e-01 1.872100e-01
5.610000e+01 0.000000e+00 1.869749e-01 1.869749e-01
5.620000e+01 0.000000e+00 1.867403e-01 1.867403e-01
5.630000e+01 0.000000e+00 1.865061e-01 1.865061e-01
5.640000e+01 0.000000e+00 1.862725e-01 1.862725e-01
5.650000e+01 0.000000e+00 1.860394e-01 1.860394e-01
5.660000e+01 0.000000e+00 1.858067e-01 1.858067e-01
5.670000e+01 0.000000e+00 1.855746e-01 1.855746e-01
5.680000e+01 0.000000e+00 1.853430e-01 1.853430e-01
5.690000e+01 0.000000e+00 1.851119e-01 1.851119e-01
5.700000e+01 0.000000e+00 1.848814e-01 1.848814e-01
5.710000e+01 0.000000e+00 1.846513e-01 1.846513e-01
5.720000e+01 0.000000e+00 1.844218e-01 1.844218e-01
5.730000e+01 0.000000e+00 1.841927e-01 1.841927e-01
5.740000e+01 0.000000e+00 1.839642e-01 1.839642e-01
5.750000e+01 0.000000e+00 1.837361e-01 1.837361e-01
5.760000e+01 0.000000e+00 1.835086e-01 1.835086e-01
5.770000e+01 0.000000e+00 1.832815e-01 1.832815e-01
5.780000e+01 0.000000e+00 1.830549e-01 1.830549e-01
5.790000e+01 0.000000e+00 1.828288e-01 1.828288e-01
5.800000e+01 0.000000e+00 1.826032e-01 1.826032e-01
5.810000e+01 0.000000e+00 1.823781e-01 1.823781e-01
5.820000e+01 0.000000e+00 1.821535e-01 1.821535e-01
5.830000e+01 0.000000e+00 1.819293e-01 1.819293e-01
5.840000e+01 0.000000e+00 1.817057e-01 1.817057e-01
5.850000e+01 0.000000e+00 1.814825e-01 1.814825e-01
5.860000e+01 0.000000e+00 1.812598e-01 1.812598e-01
5.870000e+01 0.000000e+00 1.810376e-01 1.810376e-01
5.880000e+01 0.000000e+00 1.808159e-01 1.808159e-01
5.890000e+01 0.000000e+00 1.805947e-01 1.805947e-01
5.900000e+01 0.000000e+00 1.803739e-01 1.803739e-01
5.910000e+01 0.000000e+00 1.801536e-01 1.801536e-01
5.920000e+01 0.000000e+00 1.799338e-01 1.799338e-01
5.930000e+01 0.000000e+00 1.797144e-01 1.797144e-01
5.940000e+01 0.000000e+00 1.794955e-01 1.794955e-01
5.950000e+01 0.000000e+00 1.792771e-01 1.792771e-01
5.960000e+01 0.000000e+00 1.790591e-01 1.790591e-01
5.970000e+01 0.000000e+00 1.788416e-01 1.788416e-01
5.980000e+01 0.000000e+00 1.786246e-01 1.786246e-01
5.990000e+01 0.000000e+00 1.784080e-01 1.784080e-01
6.000000e+01 0.000000e+00 1.781919e-01 1.781919e-01
6.010000e+01 0.000000e+00 1.779762e-01 1.779762e-01
6.020000e+01 0.000000e+00 1.777610e-01 1.777610e-01
6.030000e+01 0.000000e+00 1.775463e-01 1.775463e-01
6.040000e+01 0.000000e+00 1.773320e-01 1.773320e-01
6.050000e+01 0.000000e+00 1.771182e-01 1.771182e-01
6.060000e+01 0.000000e+00 1.769048e-01 1.769048e-01
6.070000e+01 0.000000e+00 1.766919e-01 1.766919e-01
6.080000e+01 0.000000e+00 1.764794e-01 1.764794e-01
6.090000e+01 0.000000e+00 1.762674e-01 1.762674e-01
6.100000e+01 0.000000e+00 1.760558e-01 1.760558e-01
6.110000e+01 0.000000e+00 1.758447e-01 1.758447e-01
6.120000e+01 0.000000e+00 1.756340e-01 1.756340e-01
6.130000e+01 0.000000e+00 1.754237e-01 1.754237e-01
6.140000e+01 0.000000e+00 1.752139e-01 1.752139e-01
6.150000e+01 0.000000e+00 1.750045e-01 1.750045e-01
6.160000e+01 0.000000e+00 1.747955e-01 1.747955e-01
6.170000e+01 0.000000e+00 1.745870e-01 1.745870e-01
6.180000e+01 0.000000e+00 1.743790e-01 1.743790e-01
6.190000e+01 0.000000e+00 1.741713e-01 1.741713e-01
6.200000e+01 0.000000e+00 1.739642e-01 1.739642e-01
6.210000e+01 0.000000e+00 1.737574e-01 1.737574e-01
6.220000e+01 0.000000e+00 1.735511e-01 1.735511e-01
6.230000e+01 0.000000e+00 1.733452e-01 1.733452e-01
6.240000e+01 0.000000e+00 1.731397e-01 1.731397e-01
6.250000e+01 0.000000e+00 1.729347e-01 1.729347e-01
6.260000e+01 0.000000e+00 1.727301e-01 1.727301e-01
6.270000e+01 0.000000e+00 1.725259e-01 1.725259e-01
6.280000e+01 0.000000e+00 1.723222e-01 1.723222e-01
6.290000e+01 0.000000e+00 1.721188e-01 1.721188e-01
6.300000e+01 0.000000e+00 1.719159e-01 1.719159e-01
6.310000e+01 0.000000e+00 1.717134e-01 1.717134e-01
6.320000e+01 0.000000e+00 1.715113e-01 1.715113e-01
6.330000e+01 0.000000e+00 1.713096e-01 1.713096e-01
6.340000e+01 0.000000e+00 1.711084e-01 1.711084e-01
6.350000e+01 0.000000e+00 1.709076e-01 1.709076e-01
6.360000e+01 0.000000e+00 1.707071e-01 1.707071e-01
6.370000e+01 0.000000e+00 1.705071e-01 1.705071e-01
6.380000e+01 0.000000e+00 1.703075e-01 1.703075e-01
6.390000e+01 0.000000e+00 1.701083e-01 1.701083e-01
6.400000e+01 0.000000e+00 1.699096e-01 1.699096e-01
6.410000e+01 0.000000e+00 1.697112e-01 1.697112e-01
6.420000e+01 0.000000e+00 1.695132e-01 1.695132e-01
6.430000e+01 0.000000e+00 1.693157e-01 1.693157e-01
6.440000e+01 0.000000e+00 1.691185e-01 1.691185e-01
6.450000e+01 0.000000e+00 1.689218e-01 1.689218e-01
6.460000e+01 0.000000e+00 1.687254e-01 1.687254e-01
6.470000e+01 0.000000e+00 1.685295e-01 1.685295e-01
6.480000e+01 0.000000e+00 1.683339e-01 1.683339e-01
6.490000e+01 0.000000e+00 1.681388e-01 1.681388e-01
6.500000e+01 0.000000e+00 1.679440e-01 1.679440e-01
6.510000e+01 0.000000e+00 1.677496e-01 1.677496e-01
6.520000e+01 0.000000e+00 1.675557e-01 1.675557e-01
6.530000e+01 0.000000e+00 1.673621e-01 1.673621e-01
6.540000e+01 0.000000e+00 1.671689e-01 1.671689e-01
6.550000e+01 0.000000e+00 1.669761e-01 1.669761e-01
6.560000e+01 0.000000e+00 1.667837e-01 1.667837e-01
6.570000e+01 0.000000e+00 1.665917e-01 1.665917e-01
6.580000e+01 0.000000e+00 1.664001e-01 1.664001e-01
6.590000e+01 0.000000e+00 1.662088e-01 1.662088e-01
6.600000e+01 0.000000e+00 1.660180e-01 1.660180e-01
6.610000e+01 0.000000e+00 1.658275e-01 1.658275e-01
6.620000e+01 0.000000e+00 1.656374e-01 1.656374e-01
6.630000e+01 0.000000e+00 1.654477e-01 1.654477e-01
6.640000e+01 0.000000e+00 1.652584e-01 1.652584e-01
6.650000e+01 0.000000e+00 1.650694e-01 1.650694e-01
6.660000e+01 0.000000e+00 1.648808e-01 1.648808e-01
6.670000e+01 0.000000e+00 1.646926e-01 1.646926e-01
6.680000e+01 0.000000e+00 1.645048e-01 1.645048e-01
6.690000e+01 0.000000e+00 1.643174e-01 1.643174e-01
6.700000e+01 0.000000e+00 1.641303e-01 1.641303e-01
6.710000e+01 0.000000e+00 1.639436e-01 1.639436e-01
6.720000e+01 0.000000e+00 1.637573e-01 1.637573e-01
6.730000e+01 0.000000e+00 1.635713e-01 1.635713e-01
6.740000e+01 0.000000e+00 1.633857e-01 1.633857e-01
6.750000e+01 0.000000e+00 1.632005e-01 1.632005e-01
6.760000e+01 0.000000e+00 1.630157e-01 1.630157e-01
6.770000e+01 0.000000e+00 1.628312e-01 1.628312e-01
6.780000e+01 0.000000e+00 1.626471e-01 1.626471e-01
6.790000e+01 0.000000e+00 1.624633e-01 1.624633e-01
6.800000e+01 0.000000e+00 1.622799e-01 1.622799e-01
6.810000e+01 0.000000e+00 1.620969e-01 1.620969e-01
6.820000e+01 0.000000e+00 1.619142e-01 1.619142e-01
6.830000e+01 0.000000e+00 1.617319e-01 1.617319e-01
6.840000e+01 0.000000e+00 1.615500e-01 1.615500e-01
6.850000e+01 0.000000e+00 1.613684e-01 1.613684e-01
6.860000e+01 0.000000e+00 1.611871e-01 1.611871e-01
6.870000e+01 0.000000e+00 1.610062e-01 1.610062e-01
6.880000e+01 0.000000e+00 1.608257e-01 1.608257e-01
6.890000e+01 0.000000e+00 1.606455e-01 1.606455e-01
6.900000e+01 0.000000e+00 1.604657e-01 1.604657e-01
6.910000e+01 0.000000e+00 1.602862e-01 1.602862e-01
6.920000e+01 0.000000e+00 1.601070e-01 1.601070e-01
6.930000e+01 0.000000e+00 1.599283e-01 1.599283e-01
6.940000e+01 0.000000e+00 1.597499e-01 1.597499e-01
6.950000e+01 0.000000e+00 1.595718e-01 1.595718e-01
6.960000e+01 0.000000e+00 1.593941e-01 1.593941e-01
6.970000e+01 0.000000e+00 1.592167e-01 1.592167e-01
6.980000e+01 0.000000e+00 1.590397e-01 1.590397e-01
6.990000e+01 0.000000e+00 1.588630e-01 1.588630e-01
7.000000e+01 0.000000e+00 1.586866e-01 1.586866e-01
7.010000e+01 0.000000e+00 1.585106e-01 1.585106e-01
7.020000e+01 0.000000e+00 1.583350e-01 1.583350e-01
7.030000e+01 0.000000e+00 1.581597e-01 1.581597e-01
7.040000e+01 0.000000e+00 1.579847e-01 1.579847e-01
7.050000e+01 0.000000e+00 1.578100e-01 1.578100e-01
7.060000e+01 0.000000e+00 1.576357e-01 1.576357e-01
7.070000e+01 0.000000e+00 1.574618e-01 1.574618e-01
7.080000e+01 0.000000e+00 1.572881e-01 1.572881e-01
7.090000e+01 0.000000e+00 1.571148e-01 1.571148e-01
7.100000e+01 0.000000e+00 1.569419e-01 1.569419e-01
7.110000e+01 0.000000e+00 1.567692e-01 1.567692e-01
7.120000e+01 0.000000e+00 1.565969e-01 1.565969e-01
7.130000e+01 0.000000e+00 1.564249e-01 1.564249e-01
7.140000e+01 0.000000e+00 1.562533e-01 1.562533e-01
7.150000e+01 0.000000e+00 1.560819e-01 1.560819e-01
7.160000e+01 0.000000e+00 1.559109e-01 1.559109e-01
7.170000e+01 0.000000e+00 1.557403e-01 1.557403e-01
7.180000e+01 0.000000e+00 1.555699e-01 1.555699e-01
7.190000e+01 0.000000e+00 1.553999e-01 1.553999e-01
7.200000e+01 0.000000e+00 1.552302e-01 1.552302e-01
7.210000e+01 0.000000e+00 1.550609e-01 1.550609e-01
7.220000e+01 0.000000e+00 1.548918e-01 1.548918e-01
7.230000e+01 0.000000e+00 1.547231e-01 1.547231e-01
7.240000e+01 0.000000e+00 1.545547e-01 1.545547e-01
7.250000e+01 0.000000e+00 1.543866e-01 1.543866e-01
7.260000e+01 0.000000e+00 1.542189e-01 1.542189e-01
7.270000e+01 0.000000e+00 1.540514e-01 1.540514e-01
7.280000e+01 0.000000e+00 1.538843e-01 1.538843e-01
7.290000e+01 0.000000e+00 1.537174e-01 1.537174e-01
7.300000e+01 0.000000e+00 1.535509e-01 1.535509e-01
7.310000e+01 0.000000e+00 1.533847e-01 1.533847e-01
7.320000e+01 0.000000e+00 1.532188e-01 1.532188e-01
7.330000e+01 0.000000e+00 1.530532e-01 1.530532e-01
7.340000e+01 0.000000e+00 1.528879e-01 1.528879e-01
7.350000e+01 0.000000e+00 1.527229e-01 1.527229e-01
7.360000e+01 0.000000e+00 1.525583e-01 1.525583e-01
7.370000e+01 0.000000e+00 1.523939e-01 1.523939e-01
7.380000e+01 0.000000e+00 1.522299e-01 1.522299e-01
7.390000e+01 0.000000e+00 1.520661e-01 1.520661e-01
7.400000e+01 0.000000e+00 1.519027e-01 1.519027e-01
7.410000e+01 0.000000e+00 1.517396e-01 1.517396e-01
7.420000e+01 0.000000e+00 1.515768e-01 1.515768e-01
7.430000e+01 0.000000e+00 1.514143e-01 1.514143e-01
7.440000e+01 0.000000e+00 1.512521e-01 1.512521e-01
7.450000e+01 0.000000e+00 1.510902e-01 1.510902e-01
7.460000e+01 0.000000e+00 1.509286e-01 1.509286e-01
7.470000e+01 0.000000e+00 1.507673e-01 1.507673e-01
7.480000e+01 0.000000e+00 1.506063e-01 1.506063e-01
7.490000e+01 0.000000e+00 1.504455e-01 1.504455e-01
7.500000e+01 0.000000e+00 1.502851e-01 1.502851e-01
7.510000e+01 0.000000e+00 1.501250e-01 1.501250e-01
7.520000e+01 0.000000e+00 1.499652e-01 1.499652e-01
7.530000e+01 0.000000e+00 1.498056e-01 1.498056e-01
7.540000e+01 0.000000e+00 1.496464e-01 1.496464e-01
7.550000e+01 0.000000e+00 1.494875e-01 1.494875e-01
7.560000e+01 0.000000e+00 1.493288e-01 1.493288e-01
7.570000e+01 0.000000e+00 1.491705e-01 1.491705e-01
7.580000e+01 0.000000e+00 1.490124e-01 1.490124e-01
7.590000e+01 0.000000e+00 1.488546e-01 1.488546e-01
7.600000e+01 0.000000e+00 1.486971e-01 1.486971e-01
7.610000e+01 0.000000e+00 1.485399e-01 1.485399e-01
7.620000e+01 0.000000e+00 1.483830e-01 1.483830e-01
7.630000e+01 0.000000e+00 1.482264e-01 1.482264e-01
7.640000e+01 0.000000e+00 1.480700e-01 1.480700e-01
7.650000e+01 0.000000e+00 1.479139e-01 1.479139e-01
7.660000e+01 0.000000e+00 1.477581e-01 1.477581e-01
7.670000e+01 0.000000e+00 1.476026e-01 1.476026e-01
7.680000e+01 0.000000e+00 1.474474e-01 1.474474e-01
7.690000e+01 0.000000e+00 1.472925e-01 1.472925e-01
7.700000e+01 0.000000e+00 1.471379e-01 1.471379e-01
7.710000e+01 0.000000e+00 1.469835e-01 1.469835e-01
7.720000e+01 0.000000e+00 1.468294e-01 1.468294e-01
7.730000e+01 0.000000e+00 1.466757e-01 1.466757e-01
7.740000e+01 0.000000e+00 1.465222e-01 1.465222e-01
7.750000e+01 0.000000e+00 1.463689e-01 1.463689e-01
7.760000e+01 0.000000e+00 1.462160e-01 1.462160e-01
7.770000e+01 0.000000e+00 1.460633e-01 1.460633e-01
7.780000e+01 0.000000e+00 1.459109e-01 1.459109e-01
7.790000e+01 0.000000e+00 1.457588e-01 1.457588e-01
7.800000e+01 0.000000e+00 1.456069e-01 1.456069e-01
7.810000e+01 0.000000e+00 1.454553e-01 1.454553e-01
7.820000e+01 0.000000e+00 1.453040e-01 1.453040e-01
7.830000e+01 0.000000e+00 1.451530e-01 1.451530e-01
7.840000e+01 0.000000e+00 1.450022e-01 1.450022e-01
7.850000e+01 0.000000e+00 1.448517e-01 1.448517e-01
7.860000e+01 0.000000e+00 1.447015e-01 1.447015e-01
7.870000e+01 0.000000e+00 1.445516e-01 1.445516e-01
7.880000e+01 0.000000e+00 1.444019e-01 1.444019e-01
7.890000e+01 0.000000e+00 1.442525e-01 1.442525e-01
7.900000e+01 0.000000e+00 1.441033e-01 1.441033e-01
7.910000e+01 0.000000e+00 1.439545e-01 1.439545e-01
7.920000e+01 0.000000e+00 1.438059e-01 1.438059e-01
7.930000e+01 0.000000e+00 1.436575e-01 1.436575e-01
7.940000e+01 0.000000e+00 1.435094e-01 1.435094e-01
7.950000e+01 0.000000e+00 1.433616e-01 1.433616e-01
7.960000e+01 0.000000e+00 1.432141e-01 1.432141e-01
7.970000e+01 0.000000e+00 1.430668e-01 1.430668e-01
7.980000e+01 0.000000e+00 1.429197e-01 1.429197e-01
7.990000e+01 0.000000e+00 1.427730e-01 1.427730e-01
8.000000e+01 0.000000e+00 1.426264e-01 1.426264e-01
8.010000e+01 0.000000e+00 1.424802e-01 1.424802e-01
8.020000e+01 0.000000e+00 1.423342e-01 1.423342e-01
8.030000e+01 0.000000e+00 1.421884e-01 1.421884e-01
8.040000e+01 0.000000e+00 1.420430e-01 1.420430e-01
8.050000e+01 0.000000e+00 1.418978e-01 1.418978e-01
8.060000e+01 0.000000e+00 1.417528e-01 1.417528e-01
8.070000e+01 0.000000e+00 1.416081e-01 1.416081e-01
8.080000e+01 0.000000e+00 1.414637e-01 1.414637e-01
8.090000e+01 0.000000e+00 1.413195e-01 1.413195e-01
8.100000e+01 0.000000e+00 1.411756e-01 1.411756e-01
8.110000e+01 0.000000e+00 1.410319e-01 1.410319e-01
8.120000e+01 0.000000e+00 1.408884e-01 1.408884e-01
8.130000e+01 0.000000e+00 1.407452e-01 1.407452e-01
8.140000e+01 0.000000e+00 1.406023e-01 1.406023e-01
8.150000e+01 0.000000e+00 1.404596e-01 1.404596e-01
8.160000e+01 0.000000e+00 1.403171e-01 1.403171e-01
8.170000e+01 0.000000e+00 1.401749e-01 1.401749e-01
8.180000e+01 0.000000e+00 1.400329e-01 1.400329e-01
8.190000e+01 0.000000e+00 1.398912e-01 1.398912e-01
8.200000e+01 0.000000e+00 1.397498e-01 1.397498e-01
8.210000e+01 0.000000e+00 1.396086e-01 1.396086e-01
8.220000e+01 0.000000e+00 1.394676e-01 1.394676e-01
8.230000e+01 0.000000e+00 1.393269e-01 1.393269e-01
8.240000e+01 0.000000e+00 1.391864e-01 1.391864e-01
8.250000e+01 0.000000e+00 1.390462e-01 1.390462e-01
8.260000e+01 0.000000e+00 1.389062e-01 1.389062e-01
8.270000e+01 0.000000e+00 1.387664e-01 1.387664e-01
8.280000e+01 0.000000e+00 1.386269e-01 1.386269e-01
8.290000e+01 0.000000e+00 1.384877e-01 1.384877e-01
8.300000e+01 0.000000e+00 1.383487e-01 1.383487e-01
8.310000e+01 0.000000e+00 1.382099e-01 1.382099e-01
8.320000e+01 0.000000e+00 1.380714e-01 1.380714e-01
8.330000e+01 0.000000e+00 1.379331e-01 1.379331e-01
8.340000e+01 0.000000e+00 1.377950e-01 1.377950e-01
8.350000e+01 0.000000e+00 1.376572e-01 1.376572e-01
8.360000e+01 0.000000e+00 1.375196e-01 1.375196e-01
8.370000e+01 0.000000e+00 1.373823e-01 1.373823e-01
8.380000e+01 0.000000e+00 1.372452e-01 1.372452e-01
8.390000e+01 0.000000e+00 1.371083e-01 1.371083e-01
8.400000e+01 0.000000e+00 1.369717e-01 1.369717e-01
8.410000e+01 0.000000e+00 1.368353e-01 1.368353e-01
8.420000e+01 0.000000e+00 1.366991e-01 1.366991e-01
8.430000e+01 0.000000e+00 1.365632e-01 1.365632e-01
8.440000e+01 0.000000e+00 1.364275e-01 1.364275e-01
8.450000e+01 0.000000e+00 1.362920e-01 1.362920e-01
8.460000e+01 0.000000e+00 1.361568e-01 1.361568e-01
8.470000e+01 0.000000e+00 1.360218e-01 1.360218e-01
8.480000e+01 0.000000e+00 1.358870e-01 1.358870e-01
8.490000e+01 0.000000e+00 1.357525e-01 1.357525e-01
8.500000e+01 0.000000e+00 1.356182e-01 1.356182e-01
8.510000e+01 0.000000e+00 1.354841e-01 1.354841e-01
8.520000e+01 0.000000e+00 1.353502e-01 1.353502e-01
8.530000e+01 0.000000e+00 1.352166e-01 1.352166e-01
8.540000e+01 0.000000e+00 1.350832e-01 1.350832e-01
8.550000e+01 0.000000e+00 1.349500e-01 1.349500e-01
8.560000e+01 0.000000e+00 1.348171e-01 1.348171e-01
8.570000e+01 0.000000e+00 1.346843e-01 1.346843e-01
8.580000e+01 0.000000e+00 1.345518e-01 1.345518e-01
8.590000e+01 0.000000e+00 1.344196e-01 1.344196e-01
8.600000e+01 0.000000e+00 1.342875e-01 1.342875e-01
8.610000e+01 0.000000e+00 1.341557e-01 1.341557e-01
8.620000e+01 0.000000e+00 1.340241e-01 1.340241e-01
8.630000e+01 0.000000e+00 1.338927e-01 1.338927e-01
8.640000e+01 0.000000e+00 1.337615e-01 1.337615e-01
8.650000e+01 0.000000e+00 1.336306e-01 1.336306e-01
8.660000e+01 0.000000e+00 1.334999e-01 1.334999e-01
8.670000e+01 0.000000e+00 1.333694e-01 1.333694e-01
8.680000e+01 0.000000e+00 1.332391e-01 1.332391e-01
8.690000e+01 0.000000e+00 1.331091e-01 1.331091e-01
8.700000e+01 0.000000e+00 1.329792e-01 1.329792e-01
8.710000e+01 0.000000e+00 1.328496e-01 1.328496e-01
8.720000e+01 0.000000e+00 1.327202e-01 1.327202e-01
8.730000e+01 0.000000e+00 1.325910e-01 1.325910e-01
8.740000e+01 0.000000e+00 1.324620e-01 1.324620e-01
8.750000e+01 0.000000e+00 1.323332e-01 1.323332e-01
8.760000e+01 0.000000e+00 1.322047e-01 1.322047e-01
8.770000e+01 0.000000e+00 1.320763e-01 1.320763e-01
8.780000e+01 0.000000e+00 1.319482e-01 1.319482e-01
8.790000e+01 0.000000e+00 1.318203e-01 1.318203e-01
8.800000e+01 0.000000e+00 1.316925e-01 1.316925e-01
8.810000e+01 0.000000e+00 1.315650e-01 1.315650e-01
8.820000e+01 0.000000e+00 1.314378e-01 1.314378e-01
8.830000e+01 0.000000e+00 1.313107e-01 1.313107e-01
8.840000e+01 0.000000e+00 1.311838e-01 1.311838e-01
8.850000e+01 0.000000e+00 1.310572e-01 1.310572e-01
8.860000e+01 0.000000e+00 1.309308e-01 1.309308e-01
8.870000e+01 0.000000e+00 1.308045e-01 1.308045e-01
8.880000e+01 0.000000e+00 1.306785e-01 1.306785e-01
8.890000e+01 0.000000e+00 1.305527e-01 1.305527e-01
8.900000e+01 0.000000e+00 1.304271e-01 1.304271e-01
8.910000e+01 0.000000e+00 1.303018e-01 1.303018e-01
8.920000e+01 0.000000e+00 1.301766e-01 1.301766e-01
8.930000e+01 0.000000e+00 1.300516e-01 1.300516e-01
8.940000e+01 0.000000e+00 1.299268e-01 1.299268e-01
8.950000e+01 0.000000e+00 1.298022e-01 1.298022e-01
8.960000e+01 0.000000e+00 1.296779e-01 1.296779e-01
8.970000e+01 0.000000e+00 1.295537e-01 1.295537e-01
8.980000e+01 0.000000e+00 1.294298e-01 1.294298e-01
8.990000e+01 0.000000e+00 1.293060e-01 1.293060e-01
9.000000e+01 0.000000e+00 1.291825e-01 1.291825e-01
9.010000e+01 0.000000e+00 1.290591e-01 1.290591e-01
9.020000e+01 0.000000e+00 1.289359e-01 1.289359e-01
9.030000e+01 0.000000e+00 1.288130e-01 1.288130e-01
9.040000e+01 0.000000e+00 1.286902e-01 1.286902e-01
9.050000e+01 0.000000e+00 1.285676e-01 1.285676e-01
9.060000e+01 0.000000e+00 1.284453e-01 1.284453e-01
9.070000e+01 0.000000e+00 1.283231e-01 1.283231e-01
9.080000e+01 0.000000e+00 1.282012e-01 1.282012e-01
9.090000e+01 0.000000e+00 1.280794e-01 1.280794e-01
9.100000e+01 0.000000e+00 1.279579e-01 1.279579e-01
9.110000e+01 0.000000e+00 1.278366e-01 1.278366e-01
9.120000e+01 0.000000e+00 1.277154e-01 1.277154e-01
9.130000e+01 0.000000e+00 1.275944e-01 1.275944e-01
9.140000e+01 0.000000e+00 1.274737e-01 1.274737e-01
9.150000e+01 0.000000e+00 1.273531e-01 1.273531e-01
9.160000e+01 0.000000e+00 1.272327e-01 1.272327e-01
9.170000e+01 0.000000e+00 1.271125e-01 1.271125e-01
9.180000e+01 0.000000e+00 1.269925e-01 1.269925e-01
9.190000e+01 0.000000e+00 1.268727e-01 1.268727e-01
9.200000e+01 0.000000e+00 1.267531e-01 1.267531e-01
9.210000e+01 0.000000e+00 1.266337e-01 1.266337e-01
9.220000e+01 0.000000e+00 1.265145e-01 1.265145e-01
9.230000e+01 0.000000e+00 1.263954e-01 1.263954e-01
9.240000e+01 0.000000e+00 1.262766e-01 1.262766e-01
9.250000e+01 0.000000e+00 1.261579e-01 1.261579e-01
9.260000e+01 0.000000e+00 1.260394e-01 1.260394e-01
9.270000e+01 0.000000e+00 1.259212e-01 1.259212e-01
9.280000e+01 0.000000e+00 1.258031e-01 1.258031e-01
9.290000e+01 0.000000e+00 1.256852e-01 1.256852e-01
9.300000e+01 0.000000e+00 1.255675e-01 1.255675e-01
9.310000e+01 0.000000e+00 1.254500e-01 1.254500e-01
9.320000e+01 0.000000e+00 1.253326e-01 1.253326e-01
9.330000e+01 0.000000e+00 1.252155e-01 1.252155e-01
9.340000e+01 0.000000e+00 1.250985e-01 1.250985e-01
9.350000e+01 0.000000e+00 1.249818e-01 1.249818e-01
9.360000e+01 0.000000e+00 1.248652e-01 1.248652e-01
9.370000e+01 0.000000e+00 1.247488e-01 1.247488e-01
9.380000e+01 0.000000e+00 1.246326e-01 1.246326e-01
9.390000e+01 0.000000e+00 1.245166e-01 1.245166e-01
9.400000e+01 0.000000e+00 1.244007e-01 1.244007e-01
9.410000e+01 0.000000e+00 1.242851e-01 1.242851e-01
9.420000e+01 0.000000e+00 1.241696e-01 1.241696e-01
9.430000e+01 0.000000e+00 1.240543e-01 1.240543e-01
9.440000e+01 0.000000e+00 1.239392e-01 1.239392e-01
9.450000e+01 0.000000e+00 1.238243e-01 1.238243e-01
9.460000e+01 0.000000e+00 1.237096e-01 1.237096e-01
9.470000e+01 0.000000e+00 1.235950e-01 1.235950e-01
9.480000e+01 0.000000e+00 1.234806e-01 1.234806e-01
9.490000e+01 0.000000e+00 1.233664e-01 1.233664e-01
9.500000e+01 0.000000e+00 1.232524e-01 1.232524e-01
9.510000e+01 0.000000e+00 1.231386e-01 1.231386e-01
9.520000e+01 0.000000e+00 1.230249e-01 1.230249e-01
9.530000e+01 0.000000e+00 1.229114e-01 1.229114e-01
9.540000e+01 0.000000e+00 1.227981e-01 1.227981e-01
9.550000e+01 0.000000e+00 1.226850e-01 1.226850e-01
9.560000e+01 0.000000e+00 1.225721e-01 1.225721e-01
9.570000e+01 0.000000e+00 1.224593e-01 1.224593e-01
9.580000e+01 0.000000e+00 1.223467e-01 1.223467e-01
9.590000e+01 0.000000e+00 1.222343e-01 1.222343e-01
9.600000e+01 0.000000e+00 1.221220e-01 1.221220e-01
9.610000e+01 0.000000e+00 1.220099e-01 1.220099e-01
9.620000e+01 0.000000e+00 1.218981e-01 1.218981e-01
9.630000e+01 0.000000e+00 1.217863e-01 1.217863e-01
9.640000e+01 0.000000e+00 1.216748e-01 1.216748e-01
9.650000e+01 0.000000e+00 1.215634e-01 1.215634e-01
9.660000e+01 0.000000e+00 1.214522e-01 1.214522e-01
9.670000e+01 0.000000e+00 1.213412e-01 1.213412e-01
9.680000e+01 0.000000e+00 1.212304e-01 1.212304e-01
9.690000e+01 0.000000e+00 1.211197e-01 1.211197e-01
9.700000e+01 0.000000e+00 1.210092e-01 1.210092e-01
9.710000e+01 0.000000e+00 1.208988e-01 1.208988e-01
9.720000e+01 0.000000e+00 1.207887e-01 1.207887e-01
9.730000e+01 0.000000e+00 1.206787e-01 1.206787e-01
9.740000e+01 0.000000e+00 1.205688e-01 1.205688e-01
9.750000e+01 0.000000e+00 1.204592e-01 1.204592e-01
9.760000e+01 0.000000e+00 1.203497e-01 1.203497e-01
9.770000e+01 0.000000e+00 1.202404e-01 1.202404e-01
9.780000e+01 0.000000e+00 1.201312e-01 1.201312e-01
9.790000e+01 0.000000e+00 1.200222e-01 1.200222e-01
9.800000e+01 0.000000e+00 1.199134e-01 1.199134e-01
9.810000e+01 0.000000e+00 1.198048e-01 1.198048e-01
9.820000e+01 0.000000e+00 1.196963e-01 1.196963e-01
9.830000e+01 0.000000e+00 1.195880e-01 1.195880e-01
9.840000e+01 0.000000e+00 1.194799e-01 1.194799e-01
9.850000e+01 0.000000e+00 1.193719e-01 1.193719e-01
9.860000e+01 0.000000e+00 1.192641e-01 1.192641e-01
9.870000e+01 0.000000e+00 1.191565e-01 1.191565e-01
9.880000e+01 0.000000e+00 1.190490e-01 1.190490e-01
9.890000e+01 0.000000e+00 1.189417e-01 1.189417e-01
9.900000e+01 0.000000e+00 1.188345e-01 1.188345e-01
9.910000e+01 0.000000e+00 1.187275e-01 1.187275e-01
9.920000e+01 0.000000e+00 1.186207e-01 1.186207e-01
9.930000e+01 0.000000e+00 1.185140e-01 1.185140e-01
9.940000e+01 0.000000e+00 1.184075e-01 1.184075e-01
9.950000e+01 0.000000e+00 1.183011e-01 1.183011e-01
9.960000e+01 0.000000e+00 1.181949e-01 1.181949e-01
9.970000e+01 0.000000e+00 1.180889e-01 1.180889e-01
9.980000e+01 0.000000e+00 1.179830e-01 1.179830e-01
9.990000e+01 0.000000e+00 1.178773e-01 1.178773e-01
1.000000e+02 0.000000e+00 1.177717e-01 1.177717e-01
