# # chi(t) for Pe = 100, beta = 0.5, bridge_width = 1.0
# # Columns: time, chi, I_T (signed), I_|T| (unsigned)
0.000000e+00 0.000000e+00 3.835511e-01 3.835511e-01
1.000000e-01 0.000000e+00 3.996722e-01 3.996722e-01
2.000000e-01 0.000000e+00 4.001412e-01 4.001412e-01
3.000000e-01 0.000000e+00 4.001580e-01 4.001580e-01
4.000000e-01 9.000000e-07 4.001960e-01 4.001964e-01
5.000000e-01 1.590000e-05 4.002247e-01 4.002311e-01
6.000000e-01 3.470000e-05 4.003145e-01 4.003284e-01
7.000000e-01 2.160000e-05 4.002597e-01 4.002683e-01
8.000000e-01 7.000000e-07 4.002912e-01 4.002915e-01
9.000000e-01 0.000000e+00 4.003036e-01 4.003036e-01
1.000000e+00 0.000000e+00 4.002859e-01 4.002859e-01
1.100000e+00 0.000000e+00 4.002304e-01 4.002304e-01
1.200000e+00 0.000000e+00 4.001331e-01 4.001331e-01
1.300000e+00 0.000000e+00 3.999929e-01 3.999929e-01
1.400000e+00 0.000000e+00 3.998109e-01 3.998109e-01
1.500000e+00 0.000000e+00 3.995894e-01 3.995894e-01
1.600000e+00 0.000000e+00 3.993315e-01 3.993315e-01
1.700000e+00 0.000000e+00 3.990404e-01 3.990404e-01
1.800000e+00 0.000000e+00 3.987194e-01 3.987194e-01
1.900000e+00 0.000000e+00 3.983717e-01 3.983717e-01
2.000000e+00 0.000000e+00 3.980003e-01 3.980003e-01
2.100000e+00 0.000000e+00 3.976080e-01 3.976080e-01
2.200000e+00 0.000000e+00 3.971972e-01 3.971972e-01
2.300000e+00 0.000000e+00 3.967704e-01 3.967704e-01
2.400000e+00 0.000000e+00 3.963295e-01 3.963295e-01
2.500000e+00 0.000000e+00 3.958764e-01 3.958764e-01
2.600000e+00 0.000000e+00 3.954128e-01 3.954128e-01
2.700000e+00 0.000000e+00 3.949399e-01 3.949399e-01
2.800000e+00 0.000000e+00 3.944591e-01 3.944591e-01
2.900000e+00 0.000000e+00 3.939715e-01 3.939715e-01
3.000000e+00 0.000000e+00 3.934779e-01 3.934779e-01
3.100000e+00 0.000000e+00 3.929790e-01 3.929790e-01
3.200000e+00 0.000000e+00 3.924756e-01 3.924756e-01
3.300000e+00 0.000000e+00 3.919681e-01 3.919681e-01
3.400000e+00 0.000000e+00 3.914570e-01 3.914570e-01
3.500000e+00 0.000000e+00 3.909425e-01 3.909425e-01
3.600000e+00 0.000000e+00 3.904249e-01 3.904249e-01
3.700000e+00 0.000000e+00 3.899045e-01 3.899045e-01
3.800000e+00 0.000000e+00 3.893812e-01 3.893812e-01
3.900000e+00 0.000000e+00 3.888552e-01 3.888552e-01
4.000000e+00 0.000000e+00 3.883264e-01 3.883264e-01
4.100000e+00 0.000000e+00 3.877950e-01 3.877950e-01
4.200000e+00 0.000000e+00 3.872607e-01 3.872607e-01
4.300000e+00 0.000000e+00 3.867237e-01 3.867237e-01
4.400000e+00 0.000000e+00 3.861837e-01 3.861837e-01
4.500000e+00 0.000000e+00 3.856407e-01 3.856407e-01
4.600000e+00 0.000000e+00 3.850946e-01 3.850946e-01
4.700000e+00 0.000000e+00 3.845452e-01 3.845452e-01
4.800000e+00 0.000000e+00 3.839926e-01 3.839926e-01
4.900000e+00 0.000000e+00 3.834365e-01 3.834365e-01
5.000000e+00 0.000000e+00 3.828769e-01 3.828769e-01
5.100000e+00 0.000000e+00 3.823136e-01 3.823136e-01
5.200000e+00 0.000000e+00 3.817466e-01 3.817466e-01
5.300000e+00 0.000000e+00 3.811758e-01 3.811758e-01
5.400000e+00 0.000000e+00 3.806010e-01 3.806010e-01
5.500000e+00 0.000000e+00 3.800223e-01 3.800223e-01
5.600000e+00 0.000000e+00 3.794396e-01 3.794396e-01
5.700000e+00 0.000000e+00 3.788528e-01 3.788528e-01
5.800000e+00 0.000000e+00 3.782619e-01 3.782619e-01
5.900000e+00 0.000000e+00 3.776668e-01 3.776668e-01
6.000000e+00 0.000000e+00 3.770675e-01 3.770675e-01
6.100000e+00 0.000000e+00 3.764641e-01 3.764641e-01
6.200000e+00 0.000000e+00 3.758566e-01 3.758566e-01
6.300000e+00 0.000000e+00 3.752448e-01 3.752448e-01
6.400000e+00 0.000000e+00 3.746290e-01 3.746290e-01
6.500000e+00 0.000000e+00 3.740090e-01 3.740090e-01
6.600000e+00 0.000000e+00 3.733850e-01 3.733850e-01
6.700000e+00 0.000000e+00 3.727569e-01 3.727569e-01
6.800000e+00 0.000000e+00 3.721249e-01 3.721249e-01
6.900000e+00 0.000000e+00 3.714889e-01 3.714889e-01
7.000000e+00 0.000000e+00 3.708491e-01 3.708491e-01
7.100000e+00 0.000000e+00 3.702055e-01 3.702055e-01
7.200000e+00 0.000000e+00 3.695583e-01 3.695583e-01
7.300000e+00 0.000000e+00 3.689074e-01 3.689074e-01
7.400000e+00 0.000000e+00 3.682530e-01 3.682530e-01
7.500000e+00 0.000000e+00 3.675952e-01 3.675952e-01
7.600000e+00 0.000000e+00 3.669340e-01 3.669340e-01
7.700000e+00 0.000000e+00 3.662696e-01 3.662696e-01
7.800000e+00 0.000000e+00 3.656021e-01 3.656021e-01
7.900000e+00 0.000000e+00 3.649315e-01 3.649315e-01
8.000000e+00 0.000000e+00 3.642580e-01 3.642580e-01
8.100000e+00 0.000000e+00 3.635816e-01 3.635816e-01
8.200000e+00 0.000000e+00 3.629025e-01 3.629025e-01
8.300000e+00 0.000000e+00 3.622209e-01 3.622209e-01
8.400000e+00 0.000000e+00 3.615367e-01 3.615367e-01
8.500000e+00 0.000000e+00 3.608501e-01 3.608501e-01
8.600000e+00 0.000000e+00 3.601613e-01 3.601613e-01
8.700000e+00 0.000000e+00 3.594702e-01 3.594702e-01
8.800000e+00 0.000000e+00 3.587771e-01 3.587771e-01
8.900000e+00 0.000000e+00 3.580821e-01 3.580821e-01
9.000000e+00 0.000000e+00 3.573852e-01 3.573852e-01
9.100000e+00 0.000000e+00 3.566866e-01 3.566866e-01
9.200000e+00 0.000000e+00 3.559863e-01 3.559863e-01
9.300000e+00 0.000000e+00 3.552845e-01 3.552845e-01
9.400000e+00 0.000000e+00 3.545813e-01 3.545813e-01
9.500000e+00 0.000000e+00 3.538768e-01 3.538768e-01
9.600000e+00 0.000000e+00 3.531710e-01 3.531710e-01
9.700000e+00 0.000000e+00 3.524642e-01 3.524642e-01
9.800000e+00 0.000000e+00 3.517563e-01 3.517563e-01
9.900000e+00 0.000000e+00 3.510475e-01 3.510475e-01
1.000000e+01 0.000000e+00 3.503379e-01 3.503379e-01
1.010000e+01 0.000000e+00 3.496275e-01 3.496275e-01
1.020000e+01 0.000000e+00 3.489165e-01 3.489165e-01
1.030000e+01 0.000000e+00 3.482049e-01 3.482049e-01
1.040000e+01 0.000000e+00 3.474929e-01 3.474929e-01
1.050000e+01 0.000000e+00 3.467804e-01 3.467804e-01
1.060000e+01 0.000000e+00 3.460677e-01 3.460677e-01
1.070000e+01 0.000000e+00 3.453548e-01 3.453548e-01
1.080000e+01 0.000000e+00 3.446417e-01 3.446417e-01
1.090000e+01 0.000000e+00 3.439286e-01 3.439286e-01
1.100000e+01 0.000000e+00 3.432154e-01 3.432154e-01
1.110000e+01 0.000000e+00 3.425024e-01 3.425024e-01
1.120000e+01 0.000000e+00 3.417895e-01 3.417895e-01
1.130000e+01 0.000000e+00 3.410769e-01 3.410769e-01
1.140000e+01 0.000000e+00 3.403645e-01 3.403645e-01
1.150000e+01 0.000000e+00 3.396525e-01 3.396525e-01
1.160000e+01 0.000000e+00 3.389410e-01 3.389410e-01
1.170000e+01 0.000000e+00 3.382299e-01 3.382299e-01
1.180000e+01 0.000000e+00 3.375193e-01 3.375193e-01
1.190000e+01 0.000000e+00 3.368094e-01 3.368094e-01
1.200000e+01 0.000000e+00 3.361001e-01 3.361001e-01
1.210000e+01 0.000000e+00 3.353916e-01 3.353916e-01
1.220000e+01 0.000000e+00 3.346838e-01 3.346838e-01
1.230000e+01 0.000000e+00 3.339768e-01 3.339768e-01
1.240000e+01 0.000000e+00 3.332707e-01 3.332707e-01
1.250000e+01 0.000000e+00 3.325656e-01 3.325656e-01
1.260000e+01 0.000000e+00 3.318614e-01 3.318614e-01
1.270000e+01 0.000000e+00 3.311582e-01 3.311582e-01
1.280000e+01 0.000000e+00 3.304560e-01 3.304560e-01
1.290000e+01 0.000000e+00 3.297549e-01 3.297549e-01
1.300000e+01 0.000000e+00 3.290550e-01 3.290550e-01
1.310000e+01 0.000000e+00 3.283562e-01 3.283562e-01
1.320000e+01 0.000000e+00 3.276587e-01 3.276587e-01
1.330000e+01 0.000000e+00 3.269624e-01 3.269624e-01
1.340000e+01 0.000000e+00 3.262673e-01 3.262673e-01
1.350000e+01 0.000000e+00 3.255736e-01 3.255736e-01
1.360000e+01 0.000000e+00 3.248812e-01 3.248812e-01
1.370000e+01 0.000000e+00 3.241902e-01 3.241902e-01
1.380000e+01 0.000000e+00 3.235006e-01 3.235006e-01
1.390000e+01 0.000000e+00 3.228124e-01 3.228124e-01
1.400000e+01 0.000000e+00 3.221257e-01 3.221257e-01
1.410000e+01 0.000000e+00 3.214404e-01 3.214404e-01
1.420000e+01 0.000000e+00 3.207567e-01 3.207567e-01
1.430000e+01 0.000000e+00 3.200745e-01 3.200745e-01
1.440000e+01 0.000000e+00 3.193938e-01 3.193938e-01
1.450000e+01 0.000000e+00 3.187147e-01 3.187147e-01
1.460000e+01 0.000000e+00 3.180373e-01 3.180373e-01
1.470000e+01 0.000000e+00 3.173614e-01 3.173614e-01
1.480000e+01 0.000000e+00 3.166872e-01 3.166872e-01
1.490000e+01 0.000000e+00 3.160146e-01 3.160146e-01
1.500000e+01 0.000000e+00 3.153437e-01 3.153437e-01
1.510000e+01 0.000000e+00 3.146745e-01 3.146745e-01
1.520000e+01 0.000000e+00 3.140070e-01 3.140070e-01
1.530000e+01 0.000000e+00 3.133412e-01 3.133412e-01
1.540000e+01 0.000000e+00 3.126771e-01 3.126771e-01
1.550000e+01 0.000000e+00 3.120148e-01 3.120148e-01
1.560000e+01 0.000000e+00 3.113542e-01 3.113542e-01
1.570000e+01 0.000000e+00 3.106954e-01 3.106954e-01
1.580000e+01 0.000000e+00 3.100384e-01 3.100384e-01
1.590000e+01 0.000000e+00 3.093832e-01 3.093832e-01
1.600000e+01 0.000000e+00 3.087298e-01 3.087298e-01
1.610000e+01 0.000000e+00 3.080782e-01 3.080782e-01
1.620000e+01 0.000000e+00 3.074284e-01 3.074284e-01
1.630000e+01 0.000000e+00 3.067805e-01 3.067805e-01
1.640000e+01 0.000000e+00 3.061344e-01 3.061344e-01
1.650000e+01 0.000000e+00 3.054901e-01 3.054901e-01
1.660000e+01 0.000000e+00 3.048477e-01 3.048477e-01
1.670000e+01 0.000000e+00 3.042071e-01 3.042071e-01
1.680000e+01 0.000000e+00 3.035684e-01 3.035684e-01
1.690000e+01 0.000000e+00 3.029316e-01 3.029316e-01
1.700000e+01 0.000000e+00 3.022966e-01 3.022966e-01
1.710000e+01 0.000000e+00 3.016635e-01 3.016635e-01
1.720000e+01 0.000000e+00 3.010323e-01 3.010323e-01
1.730000e+01 0.000000e+00 3.004030e-01 3.004030e-01
1.740000e+01 0.000000e+00 2.997755e-01 2.997755e-01
1.750000e+01 0.000000e+00 2.991500e-01 2.991500e-01
1.760000e+01 0.000000e+00 2.985263e-01 2.985263e-01
1.770000e+01 0.000000e+00 2.979045e-01 2.979045e-01
1.780000e+01 0.000000e+00 2.972847e-01 2.972847e-01
1.790000e+01 0.000000e+00 2.966667e-01 2.966667e-01
1.800000e+01 0.000000e+00 2.960506e-01 2.960506e-01
1.810000e+01 0.000000e+00 2.954364e-01 2.954364e-01
1.820000e+01 0.000000e+00 2.948242e-01 2.948242e-01
1.830000e+01 0.000000e+00 2.942138e-01 2.942138e-01
1.840000e+01 0.000000e+00 2.936053e-01 2.936053e-01
1.850000e+01 0.000000e+00 2.929987e-01 2.929987e-01
1.860000e+01 0.000000e+00 2.923940e-01 2.923940e-01
1.870000e+01 0.000000e+00 2.917912e-01 2.917912e-01
1.880000e+01 0.000000e+00 2.911903e-01 2.911903e-01
1.890000e+01 0.000000e+00 2.905913e-01 2.905913e-01
1.900000e+01 0.000000e+00 2.899942e-01 2.899942e-01
1.910000e+01 0.000000e+00 2.893990e-01 2.893990e-01
1.920000e+01 0.000000e+00 2.888056e-01 2.888056e-01
1.930000e+01 0.000000e+00 2.882142e-01 2.882142e-01
1.940000e+01 0.000000e+00 2.876246e-01 2.876246e-01
1.950000e+01 0.000000e+00 2.870369e-01 2.870369e-01
1.960000e+01 0.000000e+00 2.864511e-01 2.864511e-01
1.970000e+01 0.000000e+00 2.858672e-01 2.858672e-01
1.980000e+01 0.000000e+00 2.852851e-01 2.852851e-01
1.990000e+01 0.000000e+00 2.847049e-01 2.847049e-01
2.000000e+01 0.000000e+00 2.841266e-01 2.841266e-01
2.010000e+01 0.000000e+00 2.835501e-01 2.835501e-01
2.020000e+01 0.000000e+00 2.829755e-01 2.829755e-01
2.030000e+01 0.000000e+00 2.824027e-01 2.824027e-01
2.040000e+01 0.000000e+00 2.818318e-01 2.818318e-01
2.050000e+01 0.000000e+00 2.812627e-01 2.812627e-01
2.060000e+01 0.000000e+00 2.806954e-01 2.806954e-01
2.070000e+01 0.000000e+00 2.801300e-01 2.801300e-01
2.080000e+01 0.000000e+00 2.795665e-01 2.795665e-01
2.090000e+01 0.000000e+00 2.790047e-01 2.790047e-01
2.100000e+01 0.000000e+00 2.784448e-01 2.784448e-01
2.110000e+01 0.000000e+00 2.778867e-01 2.778867e-01
2.120000e+01 0.000000e+00 2.773304e-01 2.773304e-01
2.130000e+01 0.000000e+00 2.767759e-01 2.767759e-01
2.140000e+01 0.000000e+00 2.762232e-01 2.762232e-01
2.150000e+01 0.000000e+00 2.756723e-01 2.756723e-01
2.160000e+01 0.000000e+00 2.751232e-01 2.751232e-01
2.170000e+01 0.000000e+00 2.745759e-01 2.745759e-01
2.180000e+01 0.000000e+00 2.740304e-01 2.740304e-01
2.190000e+01 0.000000e+00 2.734866e-01 2.734866e-01
2.200000e+01 0.000000e+00 2.729446e-01 2.729446e-01
2.210000e+01 0.000000e+00 2.724044e-01 2.724044e-01
2.220000e+01 0.000000e+00 2.718659e-01 2.718659e-01
2.230000e+01 0.000000e+00 2.713292e-01 2.713292e-01
2.240000e+01 0.000000e+00 2.707943e-01 2.707943e-01
2.250000e+01 0.000000e+00 2.702610e-01 2.702610e-01
2.260000e+01 0.000000e+00 2.697295e-01 2.697295e-01
2.270000e+01 0.000000e+00 2.691998e-01 2.691998e-01
2.280000e+01 0.000000e+00 2.686718e-01 2.686718e-01
2.290000e+01 0.000000e+00 2.681454e-01 2.681454e-01
2.300000e+01 0.000000e+00 2.676208e-01 2.676208e-01
2.310000e+01 0.000000e+00 2.670979e-01 2.670979e-01
2.320000e+01 0.000000e+00 2.665767e-01 2.665767e-01
2.330000e+01 0.000000e+00 2.660572e-01 2.660572e-01
2.340000e+01 0.000000e+00 2.655394e-01 2.655394e-01
2.350000e+01 0.000000e+00 2.650232e-01 2.650232e-01
2.360000e+01 0.000000e+00 2.645088e-01 2.645088e-01
2.370000e+01 0.000000e+00 2.639960e-01 2.639960e-01
2.380000e+01 0.000000e+00 2.634848e-01 2.634848e-01
2.390000e+01 0.000000e+00 2.629754e-01 2.629754e-01
2.400000e+01 0.000000e+00 2.624675e-01 2.624675e-01
2.410000e+01 0.000000e+00 2.619614e-01 2.619614e-01
2.420000e+01 0.000000e+00 2.614568e-01 2.614568e-01
2.430000e+01 0.000000e+00 2.609540e-01 2.609540e-01
2.440000e+01 0.000000e+00 2.604527e-01 2.604527e-01
2.450000e+01 0.000000e+00 2.599531e-01 2.599531e-01
2.460000e+01 0.000000e+00 2.594550e-01 2.594550e-01
2.470000e+01 0.000000e+00 2.589586e-01 2.589586e-01
2.480000e+01 0.000000e+00 2.584638e-01 2.584638e-01
2.490000e+01 0.000000e+00 2.579706e-01 2.579706e-01
2.500000e+01 0.000000e+00 2.574789e-01 2.574789e-01
2.510000e+01 0.000000e+00 2.569889e-01 2.569889e-01
2.520000e+01 0.000000e+00 2.565004e-01 2.565004e-01
2.530000e+01 0.000000e+00 2.560135e-01 2.560135e-01
2.540000e+01 0.000000e+00 2.555282e-01 2.555282e-01
2.550000e+01 0.000000e+00 2.550444e-01 2.550444e-01
2.560000e+01 0.000000e+00 2.545622e-01 2.545622e-01
2.570000e+01 0.000000e+00 2.540815e-01 2.540815e-01
2.580000e+01 0.000000e+00 2.536023e-01 2.536023e-01
2.590000e+01 0.000000e+00 2.531247e-01 2.531247e-01
2.600000e+01 0.000000e+00 2.526487e-01 2.526487e-01
2.610000e+01 0.000000e+00 2.521741e-01 2.521741e-01
2.620000e+01 0.000000e+00 2.517011e-01 2.517011e-01
2.630000e+01 0.000000e+00 2.512295e-01 2.512295e-01
2.640000e+01 0.000000e+00 2.507595e-01 2.507595e-01
2.650000e+01 0.000000e+00 2.502910e-01 2.502910e-01
2.660000e+01 0.000000e+00 2.498239e-01 2.498239e-01
2.670000e+01 0.000000e+00 2.493584e-01 2.493584e-01
2.680000e+01 0.000000e+00 2.488943e-01 2.488943e-01
2.690000e+01 0.000000e+00 2.484317e-01 2.484317e-01
2.700000e+01 0.000000e+00 2.479706e-01 2.479706e-01
2.710000e+01 0.000000e+00 2.475109e-01 2.475109e-01
2.720000e+01 0.000000e+00 2.470527e-01 2.470527e-01
2.730000e+01 0.000000e+00 2.465959e-01 2.465959e-01
2.740000e+01 0.000000e+00 2.461406e-01 2.461406e-01
2.750000e+01 0.000000e+00 2.456867e-01 2.456867e-01
2.760000e+01 0.000000e+00 2.452343e-01 2.452343e-01
2.770000e+01 0.000000e+00 2.447833e-01 2.447833e-01
2.780000e+01 0.000000e+00 2.443337e-01 2.443337e-01
2.790000e+01 0.000000e+00 2.438856e-01 2.438856e-01
2.800000e+01 0.000000e+00 2.434388e-01 2.434388e-01
2.810000e+01 0.000000e+00 2.429935e-01 2.429935e-01
2.820000e+01 0.000000e+00 2.425495e-01 2.425495e-01
2.830000e+01 0.000000e+00 2.421070e-01 2.421070e-01
2.840000e+01 0.000000e+00 2.416658e-01 2.416658e-01
2.850000e+01 0.000000e+00 2.412261e-01 2.412261e-01
2.860000e+01 0.000000e+00 2.407877e-01 2.407877e-01
2.870000e+01 0.000000e+00 2.403507e-01 2.403507e-01
2.880000e+01 0.000000e+00 2.399151e-01 2.399151e-01
2.890000e+01 0.000000e+00 2.394808e-01 2.394808e-01
2.900000e+01 0.000000e+00 2.390479e-01 2.390479e-01
2.910000e+01 0.000000e+00 2.386163e-01 2.386163e-01
2.920000e+01 0.000000e+00 2.381861e-01 2.381861e-01
2.930000e+01 0.000000e+00 2.377572e-01 2.377572e-01
2.940000e+01 0.000000e+00 2.373297e-01 2.373297e-01
2.950000e+01 0.000000e+00 2.369035e-01 2.369035e-01
2.960000e+01 0.000000e+00 2.364786e-01 2.364786e-01
2.970000e+01 0.000000e+00 2.360551e-01 2.360551e-01
2.980000e+01 0.000000e+00 2.356328e-01 2.356328e-01
2.990000e+01 0.000000e+00 2.352119e-01 2.352119e-01
3.000000e+01 0.000000e+00 2.347923e-01 2.347923e-01
3.010000e+01 0.000000e+00 2.343740e-01 2.343740e-01
3.020000e+01 0.000000e+00 2.339569e-01 2.339569e-01
3.030000e+01 0.000000e+00 2.335412e-01 2.335412e-01
3.040000e+01 0.000000e+00 2.331268e-01 2.331268e-01
3.050000e+01 0.000000e+00 2.327136e-01 2.327136e-01
3.060000e+01 0.000000e+00 2.323017e-01 2.323017e-01
3.070000e+01 0.000000e+00 2.318911e-01 2.318911e-01
3.080000e+01 0.000000e+00 2.314818e-01 2.314818e-01
3.090000e+01 0.000000e+00 2.310737e-01 2.310737e-01
3.100000e+01 0.000000e+00 2.306668e-01 2.306668e-01
3.110000e+01 0.000000e+00 2.302612e-01 2.302612e-01
3.120000e+01 0.000000e+00 2.298569e-01 2.298569e-01
3.130000e+01 0.000000e+00 2.294538e-01 2.294538e-01
3.140000e+01 0.000000e+00 2.290520e-01 2.290520e-01
3.150000e+01 0.000000e+00 2.286513e-01 2.286513e-01
3.160000e+01 0.000000e+00 2.282519e-01 2.282519e-01
3.170000e+01 0.000000e+00 2.278538e-01 2.278538e-01
3.180000e+01 0.000000e+00 2.274568e-01 2.274568e-01
3.190000e+01 0.000000e+00 2.270611e-01 2.270611e-01
3.200000e+01 0.000000e+00 2.266666e-01 2.266666e-01
3.210000e+01 0.000000e+00 2.262733e-01 2.262733e-01
3.220000e+01 0.000000e+00 2.258811e-01 2.258811e-01
3.230000e+01 0.000000e+00 2.254902e-01 2.254902e-01
3.240000e+01 0.000000e+00 2.251005e-01 2.251005e-01
3.250000e+01 0.000000e+00 2.247119e-01 2.247119e-01
3.260000e+01 0.000000e+00 2.243246e-01 2.243246e-01
3.270000e+01 0.000000e+00 2.239384e-01 2.239384e-01
3.280000e+01 0.000000e+00 2.235533e-01 2.235533e-01
3.290000e+01 0.000000e+00 2.231695e-01 2.231695e-01
3.300000e+01 0.000000e+00 2.227868e-01 2.227868e-01
3.310000e+01 0.000000e+00 2.224052e-01 2.224052e-01
3.320000e+01 0.000000e+00 2.220249e-01 2.220249e-01
3.330000e+01 0.000000e+00 2.216456e-01 2.216456e-01
3.340000e+01 0.000000e+00 2.212675e-01 2.212675e-01
3.350000e+01 0.000000e+00 2.208906e-01 2.208906e-01
3.360000e+01 0.000000e+00 2.205148e-01 2.205148e-01
3.370000e+01 0.000000e+00 2.201401e-01 2.201401e-01
3.380000e+01 0.000000e+00 2.197666e-01 2.197666e-01
3.390000e+01 0.000000e+00 2.193941e-01 2.193941e-01
3.400000e+01 0.000000e+00 2.190228e-01 2.190228e-01
3.410000e+01 0.000000e+00 2.186527e-01 2.186527e-01
3.420000e+01 0.000000e+00 2.182836e-01 2.182836e-01
3.430000e+01 0.000000e+00 2.179156e-01 2.179156e-01
3.440000e+01 0.000000e+00 2.175488e-01 2.175488e-01
3.450000e+01 0.000000e+00 2.171830e-01 2.171830e-01
3.460000e+01 0.000000e+00 2.168183e-01 2.168183e-01
3.470000e+01 0.000000e+00 2.164547e-01 2.164547e-01
3.480000e+01 0.000000e+00 2.160922e-01 2.160922e-01
3.490000e+01 0.000000e+00 2.157308e-01 2.157308e-01
3.500000e+01 0.000000e+00 2.153705e-01 2.153705e-01
3.510000e+01 0.000000e+00 2.150112e-01 2.150112e-01
3.520000e+01 0.000000e+00 2.146530e-01 2.146530e-01
3.530000e+01 0.000000e+00 2.142958e-01 2.142958e-01
3.540000e+01 0.000000e+00 2.139397e-01 2.139397e-01
3.550000e+01 0.000000e+00 2.135847e-01 2.135847e-01
3.560000e+01 0.000000e+00 2.132307e-01 2.132307e-01
3.570000e+01 0.000000e+00 2.128778e-01 2.128778e-01
3.580000e+01 0.000000e+00 2.125259e-01 2.125259e-01
3.590000e+01 0.000000e+00 2.121751e-01 2.121751e-01
3.600000e+01 0.000000e+00 2.118253e-01 2.118253e-01
3.610000e+01 0.000000e+00 2.114765e-01 2.114765e-01
3.620000e+01 0.000000e+00 2.111288e-01 2.111288e-01
3.630000e+01 0.000000e+00 2.107820e-01 2.107820e-01
3.640000e+01 0.000000e+00 2.104363e-01 2.104363e-01
3.650000e+01 0.000000e+00 2.100917e-01 2.100917e-01
3.660000e+01 0.000000e+00 2.097480e-01 2.097480e-01
3.670000e+01 0.000000e+00 2.094053e-01 2.094053e-01
3.680000e+01 0.000000e+00 2.090637e-01 2.090637e-01
3.690000e+01 0.000000e+00 2.087230e-01 2.087230e-01
3.700000e+01 0.000000e+00 2.083833e-01 2.083833e-01
3.710000e+01 0.000000e+00 2.080447e-01 2.080447e-01
3.720000e+01 0.000000e+00 2.077070e-01 2.077070e-01
3.730000e+01 0.000000e+00 2.073703e-01 2.073703e-01
3.740000e+01 0.000000e+00 2.070346e-01 2.070346e-01
3.750000e+01 0.000000e+00 2.066998e-01 2.066998e-01
3.760000e+01 0.000000e+00 2.063661e-01 2.063661e-01
3.770000e+01 0.000000e+00 2.060333e-01 2.060333e-01
3.780000e+01 0.000000e+00 2.057014e-01 2.057014e-01
3.790000e+01 0.000000e+00 2.053706e-01 2.053706e-01
3.800000e+01 0.000000e+00 2.050407e-01 2.050407e-01
3.810000e+01 0.000000e+00 2.047117e-01 2.047117e-01
3.820000e+01 0.000000e+00 2.043837e-01 2.043837e-01
3.830000e+01 0.000000e+00 2.040567e-01 2.040567e-01
3.840000e+01 0.000000e+00 2.037306e-01 2.037306e-01
3.850000e+01 0.000000e+00 2.034054e-01 2.034054e-01
3.860000e+01 0.000000e+00 2.030812e-01 2.030812e-01
3.870000e+01 0.000000e+00 2.027579e-01 2.027579e-01
3.880000e+01 0.000000e+00 2.024355e-01 2.024355e-01
3.890000e+01 0.000000e+00 2.021141e-01 2.021141e-01
3.900000e+01 0.000000e+00 2.017936e-01 2.017936e-01
3.910000e+01 0.000000e+00 2.014740e-01 2.014740e-01
3.920000e+01 0.000000e+00 2.011553e-01 2.011553e-01
3.930000e+01 0.000000e+00 2.008375e-01 2.008375e-01
3.940000e+01 0.000000e+00 2.005207e-01 2.005207e-01
3.950000e+01 0.000000e+00 2.002047e-01 2.002047e-01
3.960000e+01 0.000000e+00 1.998896e-01 1.998896e-01
3.970000e+01 0.000000e+00 1.995755e-01 1.995755e-01
3.980000e+01 0.000000e+00 1.992622e-01 1.992622e-01
3.990000e+01 0.000000e+00 1.989498e-01 1.989498e-01
4.000000e+01 0.000000e+00 1.986383e-01 1.986383e-01
4.010000e+01 0.000000e+00 1.983277e-01 1.983277e-01
4.020000e+01 0.000000e+00 1.980180e-01 1.980180e-01
4.030000e+01 0.000000e+00 1.977092e-01 1.977092e-01
4.040000e+01 0.000000e+00 1.974012e-01 1.974012e-01
4.050000e+01 0.000000e+00 1.970941e-01 1.970941e-01
4.060000e+01 0.000000e+00 1.967878e-01 1.967878e-01
4.070000e+01 0.000000e+00 1.964824e-01 1.964824e-01
4.080000e+01 0.000000e+00 1.961779e-01 1.961779e-01
4.090000e+01 0.000000e+00 1.958742e-01 1.958742e-01
4.100000e+01 0.000000e+00 1.955714e-01 1.955714e-01
4.110000e+01 0.000000e+00 1.952694e-01 1.952694e-01
4.120000e+01 0.000000e+00 1.949683e-01 1.949683e-01
4.130000e+01 0.000000e+00 1.946681e-01 1.946681e-01
4.140000e+01 0.000000e+00 1.943686e-01 1.943686e-01
4.150000e+01 0.000000e+00 1.940701e-01 1.940701e-01
4.160000e+01 0.000000e+00 1.937723e-01 1.937723e-01
4.170000e+01 0.000000e+00 1.934754e-01 1.934754e-01
4.180000e+01 0.000000e+00 1.931793e-01 1.931793e-01
4.190000e+01 0.000000e+00 1.928840e-01 1.928840e-01
4.200000e+01 0.000000e+00 1.925896e-01 1.925896e-01
4.210000e+01 0.000000e+00 1.922959e-01 1.922959e-01
4.220000e+01 0.000000e+00 1.920031e-01 1.920031e-01
4.230000e+01 0.000000e+00 1.917111e-01 1.917111e-01
4.240000e+01 0.000000e+00 1.914199e-01 1.914199e-01
4.250000e+01 0.000000e+00 1.911294e-01 1.911294e-01
4.260000e+01 0.000000e+00 1.908398e-01 1.908398e-01
4.270000e+01 0.000000e+00 1.905510e-01 1.905510e-01
4.280000e+01 0.000000e+00 1.902630e-01 1.902630e-01
4.290000e+01 0.000000e+00 1.899757e-01 1.899757e-01
4.300000e+01 0.000000e+00 1.896893e-01 1.896893e-01
4.310000e+01 0.000000e+00 1.894037e-01 1.894037e-01
4.320000e+01 0.000000e+00 1.891189e-01 1.891189e-01
4.330000e+01 0.000000e+00 1.888348e-01 1.888348e-01
4.340000e+01 0.000000e+00 1.885515e-01 1.885515e-01
4.350000e+01 0.000000e+00 1.882691e-01 1.882691e-01
4.360000e+01 0.000000e+00 1.879873e-01 1.879873e-01
4.370000e+01 0.000000e+00 1.877064e-01 1.877064e-01
4.380000e+01 0.000000e+00 1.874262e-01 1.874262e-01
4.390000e+01 0.000000e+00 1.871468e-01 1.871468e-01
4.400000e+01 0.000000e+00 1.868681e-01 1.868681e-01
4.410000e+01 0.000000e+00 1.865902e-01 1.865902e-01
4.420000e+01 0.000000e+00 1.863130e-01 1.863130e-01
4.430000e+01 0.000000e+00 1.860366e-01 1.860366e-01
4.440000e+01 0.000000e+00 1.857609e-01 1.857609e-01
4.450000e+01 0.000000e+00 1.854860e-01 1.854860e-01
4.460000e+01 0.000000e+00 1.852118e-01 1.852118e-01
4.470000e+01 0.000000e+00 1.849384e-01 1.849384e-01
4.480000e+01 0.000000e+00 1.846657e-01 1.846657e-01
4.490000e+01 0.000000e+00 1.843937e-01 1.843937e-01
4.500000e+01 0.000000e+00 1.841225e-01 1.841225e-01
4.510000e+01 0.000000e+00 1.838520e-01 1.838520e-01
4.520000e+01 0.000000e+00 1.835822e-01 1.835822e-01
4.530000e+01 0.000000e+00 1.833131e-01 1.833131e-01
4.540000e+01 0.000000e+00 1.830448e-01 1.830448e-01
4.550000e+01 0.000000e+00 1.827772e-01 1.827772e-01
4.560000e+01 0.000000e+00 1.825103e-01 1.825103e-01
4.570000e+01 0.000000e+00 1.822441e-01 1.822441e-01
4.580000e+01 0.000000e+00 1.819786e-01 1.819786e-01
4.590000e+01 0.000000e+00 1.817138e-01 1.817138e-01
4.600000e+01 0.000000e+00 1.814498e-01 1.814498e-01
4.610000e+01 0.000000e+00 1.811864e-01 1.811864e-01
4.620000e+01 0.000000e+00 1.809237e-01 1.809237e-01
4.630000e+01 0.000000e+00 1.806617e-01 1.806617e-01
4.640000e+01 0.000000e+00 1.804004e-01 1.804004e-01
4.650000e+01 0.000000e+00 1.801398e-01 1.801398e-01
4.660000e+01 0.000000e+00 1.798799e-01 1.798799e-01
4.670000e+01 0.000000e+00 1.796207e-01 1.796207e-01
4.680000e+01 0.000000e+00 1.793621e-01 1.793621e-01
4.690000e+01 0.000000e+00 1.791042e-01 1.791042e-01
4.700000e+01 0.000000e+00 1.788471e-01 1.788471e-01
4.710000e+01 0.000000e+00 1.785905e-01 1.785905e-01
4.720000e+01 0.000000e+00 1.783347e-01 1.783347e-01
4.730000e+01 0.000000e+00 1.780796e-01 1.780796e-01
4.740000e+01 0.000000e+00 1.778251e-01 1.778251e-01
4.750000e+01 0.000000e+00 1.775712e-01 1.775712e-01
4.760000e+01 0.000000e+00 1.773181e-01 1.773181e-01
4.770000e+01 0.000000e+00 1.770656e-01 1.770656e-01
4.780000e+01 0.000000e+00 1.768137e-01 1.768137e-01
4.790000e+01 0.000000e+00 1.765626e-01 1.765626e-01
4.800000e+01 0.000000e+00 1.763120e-01 1.763120e-01
4.810000e+01 0.000000e+00 1.760621e-01 1.760621e-01
4.820000e+01 0.000000e+00 1.758129e-01 1.758129e-01
4.830000e+01 0.000000e+00 1.755643e-01 1.755643e-01
4.840000e+01 0.000000e+00 1.753163e-01 1.753163e-01
4.850000e+01 0.000000e+00 1.750690e-01 1.750690e-01
4.860000e+01 0.000000e+00 1.748224e-01 1.748224e-01
4.870000e+01 0.000000e+00 1.745763e-01 1.745763e-01
4.880000e+01 0.000000e+00 1.743309e-01 1.743309e-01
4.890000e+01 0.000000e+00 1.740861e-01 1.740861e-01
4.900000e+01 0.000000e+00 1.738420e-01 1.738420e-01
4.910000e+01 0.000000e+00 1.735984e-01 1.735984e-01
4.920000e+01 0.000000e+00 1.733555e-01 1.733555e-01
4.930000e+01 0.000000e+00 1.731133e-01 1.731133e-01
4.940000e+01 0.000000e+00 1.728716e-01 1.728716e-01
4.950000e+01 0.000000e+00 1.726306e-01 1.726306e-01
4.960000e+01 0.000000e+00 1.723901e-01 1.723901e-01
4.970000e+01 0.000000e+00 1.721503e-01 1.721503e-01
4.980000e+01 0.000000e+00 1.719111e-01 1.719111e-01
4.990000e+01 0.000000e+00 1.716725e-01 1.716725e-01
5.000000e+01 0.000000e+00 1.714345e-01 1.714345e-01
5.010000e+01 0.000000e+00 1.711971e-01 1.711971e-01
5.020000e+01 0.000000e+00 1.709603e-01 1.709603e-01
5.030000e+01 0.000000e+00 1.707241e-01 1.707241e-01
5.040000e+01 0.000000e+00 1.704885e-01 1.704885e-01
5.050000e+01 0.000000e+00 1.702535e-01 1.702535e-01
5.060000e+01 0.000000e+00 1.700190e-01 1.700190e-01
5.070000e+01 0.000000e+00 1.697852e-01 1.697852e-01
5.080000e+01 0.000000e+00 1.695520e-01 1.695520e-01
5.090000e+01 0.000000e+00 1.693193e-01 1.693193e-01
5.100000e+01 0.000000e+00 1.690872e-01 1.690872e-01
5.110000e+01 0.000000e+00 1.688557e-01 1.688557e-01
5.120000e+01 0.000000e+00 1.686248e-01 1.686248e-01
5.130000e+01 0.000000e+00 1.683945e-01 1.683945e-01
5.140000e+01 0.000000e+00 1.681647e-01 1.681647e-01
5.150000e+01 0.000000e+00 1.679355e-01 1.679355e-01
5.160000e+01 0.000000e+00 1.677069e-01 1.677069e-01
5.170000e+01 0.000000e+00 1.674788e-01 1.674788e-01
5.180000e+01 0.000000e+00 1.672513e-01 1.672513e-01
5.190000e+01 0.000000e+00 1.670244e-01 1.670244e-01
5.200000e+01 0.000000e+00 1.667980e-01 1.667980e-01
5.210000e+01 0.000000e+00 1.665722e-01 1.665722e-01
5.220000e+01 0.000000e+00 1.663470e-01 1.663470e-01
5.230000e+01 0.000000e+00 1.661223e-01 1.661223e-01
5.240000e+01 0.000000e+00 1.658981e-01 1.658981e-01
5.250000e+01 0.000000e+00 1.656745e-01 1.656745e-01
5.260000e+01 0.000000e+00 1.654515e-01 1.654515e-01
5.270000e+01 0.000000e+00 1.652290e-01 1.652290e-01
5.280000e+01 0.000000e+00 1.650071e-01 1.650071e-01
5.290000e+01 0.000000e+00 1.647857e-01 1.647857e-01
5.300000e+01 0.000000e+00 1.645648e-01 1.645648e-01
5.310000e+01 0.000000e+00 1.643445e-01 1.643445e-01
5.320000e+01 0.000000e+00 1.641247e-01 1.641247e-01
5.330000e+01 0.000000e+00 1.639055e-01 1.639055e-01
5.340000e+01 0.000000e+00 1.636868e-01 1.636868e-01
5.350000e+01 0.000000e+00 1.634686e-01 1.634686e-01
5.360000e+01 0.000000e+00 1.632510e-01 1.632510e-01
5.370000e+01 0.000000e+00 1.630339e-01 1.630339e-01
5.380000e+01 0.000000e+00 1.628173e-01 1.628173e-01
5.390000e+01 0.000000e+00 1.626012e-01 1.626012e-01
5.400000e+01 0.000000e+00 1.623857e-01 1.623857e-01
5.410000e+01 0.000000e+00 1.621706e-01 1.621706e-01
5.420000e+01 0.000000e+00 1.619561e-01 1.619561e-01
5.430000e+01 0.000000e+00 1.617421e-01 1.617421e-01
5.440000e+01 0.000000e+00 1.615287e-01 1.615287e-01
5.450000e+01 0.000000e+00 1.613157e-01 1.613157e-01
5.460000e+01 0.000000e+00 1.611033e-01 1.611033e-01
5.470000e+01 0.000000e+00 1.608913e-01 1.608913e-01
5.480000e+01 0.000000e+00 1.606799e-01 1.606799e-01
5.490000e+01 0.000000e+00 1.604690e-01 1.604690e-01
5.500000e+01 0.000000e+00 1.602586e-01 1.602586e-01
5.510000e+01 0.000000e+00 1.600486e-01 1.600486e-01
5.520000e+01 0.000000e+00 1.598392e-01 1.598392e-01
5.530000e+01 0.000000e+00 1.596303e-01 1.596303e-01
5.540000e+01 0.000000e+00 1.594218e-01 1.594218e-01
5.550000e+01 0.000000e+00 1.592139e-01 1.592139e-01
5.560000e+01 0.000000e+00 1.590065e-01 1.590065e-01
5.570000e+01 0.000000e+00 1.587996e-01 1.587996e-01
5.580000e+01 0.000000e+00 1.585931e-01 1.585931e-01
5.590000e+01 0.000000e+00 1.583872e-01 1.583872e-01
5.600000e+01 0.000000e+00 1.581817e-01 1.581817e-01
5.610000e+01 0.000000e+00 1.579767e-01 1.579767e-01
5.620000e+01 0.000000e+00 1.577722e-01 1.577722e-01
5.630000e+01 0.000000e+00 1.575682e-01 1.575682e-01
5.640000e+01 0.000000e+00 1.573646e-01 1.573646e-01
5.650000e+01 0.000000e+00 1.571615e-01 1.571615e-01
5.660000e+01 0.000000e+00 1.569589e-01 1.569589e-01
5.670000e+01 0.000000e+00 1.567568e-01 1.567568e-01
5.680000e+01 0.000000e+00 1.565551e-01 1.565551e-01
5.690000e+01 0.000000e+00 1.563538e-01 1.563538e-01
5.700000e+01 0.000000e+00 1.561531e-01 1.561531e-01
5.710000e+01 0.000000e+00 1.559528e-01 1.559528e-01
5.720000e+01 0.000000e+00 1.557530e-01 1.557530e-01
5.730000e+01 0.000000e+00 1.555536e-01 1.555536e-01
5.740000e+01 0.000000e+00 1.553547e-01 1.553547e-01
5.750000e+01 0.000000e+00 1.551563e-01 1.551563e-01
5.760000e+01 0.000000e+00 1.549584e-01 1.549584e-01
5.770000e+01 0.000000e+00 1.547609e-01 1.547609e-01
5.780000e+01 0.000000e+00 1.545639e-01 1.545639e-01
5.790000e+01 0.000000e+00 1.543673e-01 1.543673e-01
5.800000e+01 0.000000e+00 1.541712e-01 1.541712e-01
5.810000e+01 0.000000e+00 1.539755e-01 1.539755e-01
5.820000e+01 0.000000e+00 1.537803e-01 1.537803e-01
5.830000e+01 0.000000e+00 1.535855e-01 1.535855e-01
5.840000e+01 0.000000e+00 1.533912e-01 1.533912e-01
5.850000e+01 0.000000e+00 1.531973e-01 1.531973e-01
5.860000e+01 0.000000e+00 1.530039e-01 1.530039e-01
5.870000e+01 0.000000e+00 1.528108e-01 1.528108e-01
5.880000e+01 0.000000e+00 1.526183e-01 1.526183e-01
5.890000e+01 0.000000e+00 1.524261e-01 1.524261e-01
5.900000e+01 0.000000e+00 1.522345e-01 1.522345e-01
5.910000e+01 0.000000e+00 1.520432e-01 1.520432e-01
5.920000e+01 0.000000e+00 1.518524e-01 1.518524e-01
5.930000e+01 0.000000e+00 1.516620e-01 1.516620e-01
5.940000e+01 0.000000e+00 1.514721e-01 1.514721e-01
5.950000e+01 0.000000e+00 1.512826e-01 1.512826e-01
5.960000e+01 0.000000e+00 1.510935e-01 1.510935e-01
5.970000e+01 0.000000e+00 1.509049e-01 1.509049e-01
5.980000e+01 0.000000e+00 1.507166e-01 1.507166e-01
5.990000e+01 0.000000e+00 1.505289e-01 1.505289e-01
6.000000e+01 0.000000e+00 1.503415e-01 1.503415e-01
6.010000e+01 0.000000e+00 1.501546e-01 1.501546e-01
6.020000e+01 0.000000e+00 1.499680e-01 1.499680e-01
6.030000e+01 0.000000e+00 1.497819e-01 1.497819e-01
6.040000e+01 0.000000e+00 1.495962e-01 1.495962e-01
6.050000e+01 0.000000e+00 1.494109e-01 1.494109e-01
6.060000e+01 0.000000e+00 1.492261e-01 1.492261e-01
6.070000e+01 0.000000e+00 1.490416e-01 1.490416e-01
6.080000e+01 0.000000e+00 1.488576e-01 1.488576e-01
6.090000e+01 0.000000e+00 1.486739e-01 1.486739e-01
6.100000e+01 0.000000e+00 1.484907e-01 1.484907e-01
6.110000e+01 0.000000e+00 1.483079e-01 1.483079e-01
6.120000e+01 0.000000e+00 1.481255e-01 1.481255e-01
6.130000e+01 0.000000e+00 1.479435e-01 1.479435e-01
6.140000e+01 0.000000e+00 1.477619e-01 1.477619e-01
6.150000e+01 0.000000e+00 1.475807e-01 1.475807e-01
6.160000e+01 0.000000e+00 1.473999e-01 1.473999e-01
6.170000e+01 0.000000e+00 1.472196e-01 1.472196e-01
6.180000e+01 0.000000e+00 1.470396e-01 1.470396e-01
6.190000e+01 0.000000e+00 1.468600e-01 1.468600e-01
6.200000e+01 0.000000e+00 1.466808e-01 1.466808e-01
6.210000e+01 0.000000e+00 1.465020e-01 1.465020e-01
6.220000e+01 0.000000e+00 1.463235e-01 1.463235e-01
6.230000e+01 0.000000e+00 1.461455e-01 1.461455e-01
6.240000e+01 0.000000e+00 1.459679e-01 1.459679e-01
6.250000e+01 0.000000e+00 1.457906e-01 1.457906e-01
6.260000e+01 0.000000e+00 1.456138e-01 1.456138e-01
6.270000e+01 0.000000e+00 1.454373e-01 1.454373e-01
6.280000e+01 0.000000e+00 1.452612e-01 1.452612e-01
6.290000e+01 0.000000e+00 1.450855e-01 1.450855e-01
6.300000e+01 0.000000e+00 1.449102e-01 1.449102e-01
6.310000e+01 0.000000e+00 1.447353e-01 1.447353e-01
6.320000e+01 0.000000e+00 1.445608e-01 1.445608e-01
6.330000e+01 0.000000e+00 1.443866e-01 1.443866e-01
6.340000e+01 0.000000e+00 1.442128e-01 1.442128e-01
6.350000e+01 0.000000e+00 1.440394e-01 1.440394e-01
6.360000e+01 0.000000e+00 1.438663e-01 1.438663e-01
6.370000e+01 0.000000e+00 1.436936e-01 1.436936e-01
6.380000e+01 0.000000e+00 1.435213e-01 1.435213e-01
6.390000e+01 0.000000e+00 1.433494e-01 1.433494e-01
6.400000e+01 0.000000e+00 1.431778e-01 1.431778e-01
6.410000e+01 0.000000e+00 1.430066e-01 1.430066e-01
6.420000e+01 0.000000e+00 1.428358e-01 1.428358e-01
6.430000e+01 0.000000e+00 1.426653e-01 1.426653e-01
6.440000e+01 0.000000e+00 1.424952e-01 1.424952e-01
6.450000e+01 0.000000e+00 1.423255e-01 1.423255e-01
6.460000e+01 0.000000e+00 1.421561e-01 1.421561e-01
6.470000e+01 0.000000e+00 1.419871e-01 1.419871e-01
6.480000e+01 0.000000e+00 1.418184e-01 1.418184e-01
6.490000e+01 0.000000e+00 1.416501e-01 1.416501e-01
6.500000e+01 0.000000e+00 1.414821e-01 1.414821e-01
6.510000e+01 0.000000e+00 1.413145e-01 1.413145e-01
6.520000e+01 0.000000e+00 1.411473e-01 1.411473e-01
6.530000e+01 0.000000e+00 1.409804e-01 1.409804e-01
6.540000e+01 0.000000e+00 1.408139e-01 1.408139e-01
6.550000e+01 0.000000e+00 1.406477e-01 1.406477e-01
6.560000e+01 0.000000e+00 1.404819e-01 1.404819e-01
6.570000e+01 0.000000e+00 1.403164e-01 1.403164e-01
6.580000e+01 0.000000e+00 1.401513e-01 1.401513e-01
6.590000e+01 0.000000e+00 1.399865e-01 1.399865e-01
6.600000e+01 0.000000e+00 1.398220e-01 1.398220e-01
6.610000e+01 0.000000e+00 1.396579e-01 1.396579e-01
6.620000e+01 0.000000e+00 1.394942e-01 1.394942e-01
6.630000e+01 0.000000e+00 1.393308e-01 1.393308e-01
6.640000e+01 0.000000e+00 1.391677e-01 1.391677e-01
6.650000e+01 0.000000e+00 1.390050e-01 1.390050e-01
6.660000e+01 0.000000e+00 1.388426e-01 1.388426e-01
6.670000e+01 0.000000e+00 1.386806e-01 1.386806e-01
6.680000e+01 0.000000e+00 1.385188e-01 1.385188e-01
6.690000e+01 0.000000e+00 1.383575e-01 1.383575e-01
6.700000e+01 0.000000e+00 1.381964e-01 1.381964e-01
6.710000e+01 0.000000e+00 1.380357e-01 1.380357e-01
6.720000e+01 0.000000e+00 1.378753e-01 1.378753e-01
6.730000e+01 0.000000e+00 1.377153e-01 1.377153e-01
6.740000e+01 0.000000e+00 1.375556e-01 1.375556e-01
6.750000e+01 0.000000e+00 1.373962e-01 1.373962e-01
6.760000e+01 0.000000e+00 1.372371e-01 1.372371e-01
6.770000e+01 0.000000e+00 1.370784e-01 1.370784e-01
6.780000e+01 0.000000e+00 1.369200e-01 1.369200e-01
6.790000e+01 0.000000e+00 1.367619e-01 1.367619e-01
6.800000e+01 0.000000e+00 1.366042e-01 1.366042e-01
6.810000e+01 0.000000e+00 1.364468e-01 1.364468e-01
6.820000e+01 0.000000e+00 1.362897e-01 1.362897e-01
6.830000e+01 0.000000e+00 1.361329e-01 1.361329e-01
6.840000e+01 0.000000e+00 1.359764e-01 1.359764e-01
6.850000e+01 0.000000e+00 1.358203e-01 1.358203e-01
6.860000e+01 0.000000e+00 1.356644e-01 1.356644e-01
6.870000e+01 0.000000e+00 1.355089e-01 1.355089e-01
6.880000e+01 0.000000e+00 1.353537e-01 1.353537e-01
6.890000e+01 0.000000e+00 1.351988e-01 1.351988e-01
6.900000e+01 0.000000e+00 1.350443e-01 1.350443e-01
6.910000e+01 0.000000e+00 1.348900e-01 1.348900e-01
6.920000e+01 0.000000e+00 1.347361e-01 1.347361e-01
6.930000e+01 0.000000e+00 1.345825e-01 1.345825e-01
6.940000e+01 0.000000e+00 1.344291e-01 1.344291e-01
6.950000e+01 0.000000e+00 1.342761e-01 1.342761e-01
6.960000e+01 0.000000e+00 1.341234e-01 1.341234e-01
6.970000e+01 0.000000e+00 1.339710e-01 1.339710e-01
6.980000e+01 0.000000e+00 1.338190e-01 1.338190e-01
6.990000e+01 0.000000e+00 1.336672e-01 1.336672e-01
7.000000e+01 0.000000e+00 1.335157e-01 1.335157e-01
7.010000e+01 0.000000e+00 1.333645e-01 1.333645e-01
7.020000e+01 0.000000e+00 1.332137e-01 1.332137e-01
7.030000e+01 0.000000e+00 1.330631e-01 1.330631e-01
7.040000e+01 0.000000e+00 1.329128e-01 1.329128e-01
7.050000e+01 0.000000e+00 1.327629e-01 1.327629e-01
7.060000e+01 0.000000e+00 1.326132e-01 1.326132e-01
7.070000e+01 0.000000e+00 1.324638e-01 1.324638e-01
7.080000e+01 0.000000e+00 1.323148e-01 1.323148e-01
7.090000e+01 0.000000e+00 1.321660e-01 1.321660e-01
7.100000e+01 0.000000e+00 1.320175e-01 1.320175e-01
7.110000e+01 0.000000e+00 1.318693e-01 1.318693e-01
7.120000e+01 0.000000e+00 1.317214e-01 1.317214e-01
7.130000e+01 0.000000e+00 1.315738e-01 1.315738e-01
7.140000e+01 0.000000e+00 1.314265e-01 1.314265e-01
7.150000e+01 0.000000e+00 1.312795e-01 1.312795e-01
7.160000e+01 0.000000e+00 1.311327e-01 1.311327e-01
7.170000e+01 0.000000e+00 1.309863e-01 1.309863e-01
7.180000e+01 0.000000e+00 1.308401e-01 1.308401e-01
7.190000e+01 0.000000e+00 1.306942e-01 1.306942e-01
7.200000e+01 0.000000e+00 1.305486e-01 1.305486e-01
7.210000e+01 0.000000e+00 1.304033e-01 1.304033e-01
7.220000e+01 0.000000e+00 1.302583e-01 1.302583e-01
7.230000e+01 0.000000e+00 1.301136e-01 1.301136e-01
7.240000e+01 0.000000e+00 1.299691e-01 1.299691e-01
7.250000e+01 0.000000e+00 1.298249e-01 1.298249e-01
7.260000e+01 0.000000e+00 1.296810e-01 1.296810e-01
7.270000e+01 0.000000e+00 1.295374e-01 1.295374e-01
7.280000e+01 0.000000e+00 1.293941e-01 1.293941e-01
7.290000e+01 0.000000e+00 1.292510e-01 1.292510e-01
7.300000e+01 0.000000e+00 1.291082e-01 1.291082e-01
7.310000e+01 0.000000e+00 1.289657e-01 1.289657e-01
7.320000e+01 0.000000e+00 1.288235e-01 1.288235e-01
7.330000e+01 0.000000e+00 1.286816e-01 1.286816e-01
7.340000e+01 0.000000e+00 1.285399e-01 1.285399e-01
7.350000e+01 0.000000e+00 1.283985e-01 1.283985e-01
7.360000e+01 0.000000e+00 1.282574e-01 1.282574e-01
7.370000e+01 0.000000e+00 1.281165e-01 1.281165e-01
7.380000e+01 0.000000e+00 1.279760e-01 1.279760e-01
7.390000e+01 0.000000e+00 1.278357e-01 1.278357e-01
7.400000e+01 0.000000e+00 1.276956e-01 1.276956e-01
7.410000e+01 0.000000e+00 1.275559e-01 1.275559e-01
7.420000e+01 0.000000e+00 1.274164e-01 1.274164e-01
7.430000e+01 0.000000e+00 1.272771e-01 1.272771e-01
7.440000e+01 0.000000e+00 1.271382e-01 1.271382e-01
7.450000e+01 0.000000e+00 1.269995e-01 1.269995e-01
7.460000e+01 0.000000e+00 1.268610e-01 1.268610e-01
7.470000e+01 0.000000e+00 1.267228e-01 1.267228e-01
7.480000e+01 0.000000e+00 1.265849e-01 1.265849e-01
7.490000e+01 0.000000e+00 1.264473e-01 1.264473e-01
7.500000e+01 0.000000e+00 1.263099e-01 1.263099e-01
7.510000e+01 0.000000e+00 1.261728e-01 1.261728e-01
7.520000e+01 0.000000e+00 1.260359e-01 1.260359e-01
7.530000e+01 0.000000e+00 1.258993e-01 1.258993e-01
7.540000e+01 0.000000e+00 1.257629e-01 1.257629e-01
7.550000e+01 0.000000e+00 1.256268e-01 1.256268e-01
7.560000e+01 0.000000e+00 1.254909e-01 1.254909e-01
7.570000e+01 0.000000e+00 1.253553e-01 1.253553e-01
7.580000e+01 0.000000e+00 1.252200e-01 1.252200e-01
7.590000e+01 0.000000e+00 1.250849e-01 1.250849e-01
7.600000e+01 0.000000e+00 1.249500e-01 1.249500e-01
7.610000e+01 0.000000e+00 1.248155e-01 1.248155e-01
7.620000e+01 0.000000e+00 1.246811e-01 1.246811e-01
7.630000e+01 0.000000e+00 1.245471e-01 1.245471e-01
7.640000e+01 0.000000e+00 1.244132e-01 1.244132e-01
7.650000e+01 0.000000e+00 1.242796e-01 1.242796e-01
7.660000e+01 0.000000e+00 1.241463e-01 1.241463e-01
7.670000e+01 0.000000e+00 1.240132e-01 1.240132e-01
7.680000e+01 0.000000e+00 1.238804e-01 1.238804e-01
7.690000e+01 0.000000e+00 1.237478e-01 1.237478e-01
7.700000e+01 0.000000e+00 1.236155e-01 1.236155e-01
7.710000e+01 0.000000e+00 1.234834e-01 1.234834e-01
7.720000e+01 0.000000e+00 1.233516e-01 1.233516e-01
7.730000e+01 0.000000e+00 1.232200e-01 1.232200e-01
7.740000e+01 0.000000e+00 1.230886e-01 1.230886e-01
7.750000e+01 0.000000e+00 1.229575e-01 1.229575e-01
7.760000e+01 0.000000e+00 1.228266e-01 1.228266e-01
7.770000e+01 0.000000e+00 1.226960e-01 1.226960e-01
7.780000e+01 0.000000e+00 1.225656e-01 1.225656e-01
7.790000e+01 0.000000e+00 1.224354e-01 1.224354e-01
7.800000e+01 0.000000e+00 1.223055e-01 1.223055e-01
7.810000e+01 0.000000e+00 1.221759e-01 1.221759e-01
7.820000e+01 0.000000e+00 1.220464e-01 1.220464e-01
7.830000e+01 0.000000e+00 1.219172e-01 1.219172e-01
7.840000e+01 0.000000e+00 1.217883e-01 1.217883e-01
7.850000e+01 0.000000e+00 1.216596e-01 1.216596e-01
7.860000e+01 0.000000e+00 1.215311e-01 1.215311e-01
7.870000e+01 0.000000e+00 1.214028e-01 1.214028e-01
7.880000e+01 0.000000e+00 1.212748e-01 1.212748e-01
7.890000e+01 0.000000e+00 1.211470e-01 1.211470e-01
7.900000e+01 0.000000e+00 1.210195e-01 1.210195e-01
7.910000e+01 0.000000e+00 1.208922e-01 1.208922e-01
7.920000e+01 0.000000e+00 1.207651e-01 1.207651e-01
7.930000e+01 0.000000e+00 1.206382e-01 1.206382e-01
7.940000e+01 0.000000e+00 1.205116e-01 1.205116e-01
7.950000e+01 0.000000e+00 1.203852e-01 1.203852e-01
7.960000e+01 0.000000e+00 1.202590e-01 1.202590e-01
7.970000e+01 0.000000e+00 1.201330e-01 1.201330e-01
7.980000e+01 0.000000e+00 1.200073e-01 1.200073e-01
7.990000e+01 0.000000e+00 1.198818e-01 1.198818e-01
8.000000e+01 0.000000e+00 1.197565e-01 1.197565e-01
8.010000e+01 0.000000e+00 1.196315e-01 1.196315e-01
8.020000e+01 0.000000e+00 1.195067e-01 1.195067e-01
8.030000e+01 0.000000e+00 1.193821e-01 1.193821e-01
8.040000e+01 0.000000e+00 1.192577e-01 1.192577e-01
8.050000e+01 0.000000e+00 1.191335e-01 1.191335e-01
8.060000e+01 0.000000e+00 1.190096e-01 1.190096e-01
8.070000e+01 0.000000e+00 1.188859e-01 1.188859e-01
8.080000e+01 0.000000e+00 1.187624e-01 1.187624e-01
8.090000e+01 0.000000e+00 1.186391e-01 1.186391e-01
8.100000e+01 0.000000e+00 1.185161e-01 1.185161e-01
8.110000e+01 0.000000e+00 1.183932e-01 1.183932e-01
8.120000e+01 0.000000e+00 1.182706e-01 1.182706e-01
8.130000e+01 0.000000e+00 1.181482e-01 1.181482e-01
8.140000e+01 0.000000e+00 1.180260e-01 1.180260e-01
8.150000e+01 0.000000e+00 1.179041e-01 1.179041e-01
8.160000e+01 0.000000e+00 1.177823e-01 1.177823e-01
8.170000e+01 0.000000e+00 1.176608e-01 1.176608e-01
8.180000e+01 0.000000e+00 1.175394e-01 1.175394e-01
8.190000e+01 0.000000e+00 1.174183e-01 1.174183e-01
8.200000e+01 0.000000e+00 1.172974e-01 1.172974e-01
8.210000e+01 0.000000e+00 1.171767e-01 1.171767e-01
8.220000e+01 0.000000e+00 1.170563e-01 1.170563e-01
8.230000e+01 0.000000e+00 1.169360e-01 1.169360e-01
8.240000e+01 0.000000e+00 1.168160e-01 1.168160e-01
8.250000e+01 0.000000e+00 1.166961e-01 1.166961e-01
8.260000e+01 0.000000e+00 1.165765e-01 1.165765e-01
8.270000e+01 0.000000e+00 1.164570e-01 1.164570e-01
8.280000e+01 0.000000e+00 1.163378e-01 1.163378e-01
8.290000e+01 0.000000e+00 1.162188e-01 1.162188e-01
8.300000e+01 0.000000e+00 1.161000e-01 1.161000e-01
8.310000e+01 0.000000e+00 1.159814e-01 1.159814e-01
8.320000e+01 0.000000e+00 1.158631e-01 1.158631e-01
8.330000e+01 0.000000e+00 1.157449e-01 1.157449e-01
8.340000e+01 0.000000e+00 1.156269e-01 1.156269e-01
8.350000e+01 0.000000e+00 1.155092e-01 1.155092e-01
8.360000e+01 0.000000e+00 1.153916e-01 1.153916e-01
8.370000e+01 0.000000e+00 1.152743e-01 1.152743e-01
8.380000e+01 0.000000e+00 1.151571e-01 1.151571e-01
8.390000e+01 0.000000e+00 1.150401e-01 1.150401e-01
8.400000e+01 0.000000e+00 1.149234e-01 1.149234e-01
8.410000e+01 0.000000e+00 1.148068e-01 1.148068e-01
8.420000e+01 0.000000e+00 1.146905e-01 1.146905e-01
8.430000e+01 0.000000e+00 1.145743e-01 1.145743e-01
8.440000e+01 0.000000e+00 1.144584e-01 1.144584e-01
8.450000e+01 0.000000e+00 1.143426e-01 1.143426e-01
8.460000e+01 0.000000e+00 1.142271e-01 1.142271e-01
8.470000e+01 0.000000e+00 1.141117e-01 1.141117e-01
8.480000e+01 0.000000e+00 1.139965e-01 1.139965e-01
8.490000e+01 0.000000e+00 1.138816e-01 1.138816e-01
8.500000e+01 0.000000e+00 1.137668e-01 1.137668e-01
8.510000e+01 0.000000e+00 1.136523e-01 1.136523e-01
8.520000e+01 0.000000e+00 1.135379e-01 1.135379e-01
8.530000e+01 0.000000e+00 1.134237e-01 1.134237e-01
8.540000e+01 0.000000e+00 1.133097e-01 1.133097e-01
8.550000e+01 0.000000e+00 1.131959e-01 1.131959e-01
8.560000e+01 0.000000e+00 1.130823e-01 1.130823e-01
8.570000e+01 0.000000e+00 1.129689e-01 1.129689e-01
8.580000e+01 0.000000e+00 1.128557e-01 1.128557e-01
8.590000e+01 0.000000e+00 1.127427e-01 1.127427e-01
8.600000e+01 0.000000e+00 1.126299e-01 1.126299e-01
8.610000e+01 0.000000e+00 1.125172e-01 1.125172e-01
8.620000e+01 0.000000e+00 1.124048e-01 1.124048e-01
8.630000e+01 0.000000e+00 1.122925e-01 1.122925e-01
8.640000e+01 0.000000e+00 1.121804e-01 1.121804e-01
8.650000e+01 0.000000e+00 1.120685e-01 1.120685e-01
8.660000e+01 0.000000e+00 1.119568e-01 1.119568e-01
8.670000e+01 0.000000e+00 1.118453e-01 1.118453e-01
8.680000e+01 0.000000e+00 1.117340e-01 1.117340e-01
8.690000e+01 0.000000e+00 1.116229e-01 1.116229e-01
8.700000e+01 0.000000e+00 1.115119e-01 1.115119e-01
8.710000e+01 0.000000e+00 1.114012e-01 1.114012e-01
8.720000e+01 0.000000e+00 1.112906e-01 1.112906e-01
8.730000e+01 0.000000e+00 1.111802e-01 1.111802e-01
8.740000e+01 0.000000e+00 1.110700e-01 1.110700e-01
8.750000e+01 0.000000e+00 1.109599e-01 1.109599e-01
8.760000e+01 0.000000e+00 1.108501e-01 1.108501e-01
8.770000e+01 0.000000e+00 1.107404e-01 1.107404e-01
8.780000e+01 0.000000e+00 1.106309e-01 1.106309e-01
8.790000e+01 0.000000e+00 1.105216e-01 1.105216e-01
8.800000e+01 0.000000e+00 1.104125e-01 1.104125e-01
8.810000e+01 0.000000e+00 1.103036e-01 1.103036e-01
8.820000e+01 0.000000e+00 1.101948e-01 1.101948e-01
8.830000e+01 0.000000e+00 1.100862e-01 1.100862e-01
8.840000e+01 0.000000e+00 1.099778e-01 1.099778e-01
8.850000e+01 0.000000e+00 1.098696e-01 1.098696e-01
8.860000e+01 0.000000e+00 1.097616e-01 1.097616e-01
8.870000e+01 0.000000e+00 1.096537e-01 1.096537e-01
8.880000e+01 0.000000e+00 1.095460e-01 1.095460e-01
8.890000e+01 0.000000e+00 1.094385e-01 1.094385e-01
8.900000e+01 0.000000e+00 1.093311e-01 1.093311e-01
8.910000e+01 0.000000e+00 1.092239e-01 1.092239e-01
8.920000e+01 0.000000e+00 1.091169e-01 1.091169e-01
8.930000e+01 0.000000e+00 1.090101e-01 1.090101e-01
8.940000e+01 0.000000e+00 1.089034e-01 1.089034e-01
8.950000e+01 0.000000e+00 1.087970e-01 1.087970e-01
8.960000e+01 0.000000e+00 1.086907e-01 1.086907e-01
8.970000e+01 0.000000e+00 1.085845e-01 1.085845e-01
8.980000e+01 0.000000e+00 1.084786e-01 1.084786e-01
8.990000e+01 0.000000e+00 1.083728e-01 1.083728e-01
9.000000e+01 0.000000e+00 1.082671e-01 1.082671e-01
9.010000e+01 0.000000e+00 1.081617e-01 1.081617e-01
9.020000e+01 0.000000e+00 1.080564e-01 1.080564e-01
9.030000e+01 0.000000e+00 1.079513e-01 1.079513e-01
9.040000e+01 0.000000e+00 1.078463e-01 1.078463e-01
9.050000e+01 0.000000e+00 1.077416e-01 1.077416e-01
9.060000e+01 0.000000e+00 1.076370e-01 1.076370e-01
9.070000e+01 0.000000e+00 1.075325e-01 1.075325e-01
9.080000e+01 0.000000e+00 1.074282e-01 1.074282e-01
9.090000e+01 0.000000e+00 1.073241e-01 1.073241e-01
9.100000e+01 0.000000e+00 1.072202e-01 1.072202e-01
9.110000e+01 0.000000e+00 1.071164e-01 1.071164e-01
9.120000e+01 0.000000e+00 1.070128e-01 1.070128e-01
9.130000e+01 0.000000e+00 1.069094e-01 1.069094e-01
9.140000e+01 0.000000e+00 1.068061e-01 1.068061e-01
9.150000e+01 0.000000e+00 1.067030e-01 1.067030e-01
9.160000e+01 0.000000e+00 1.066000e-01 1.066000e-01
9.170000e+01 0.000000e+00 1.064972e-01 1.064972e-01
9.180000e+01 0.000000e+00 1.063946e-01 1.063946e-01
9.190000e+01 0.000000e+00 1.062921e-01 1.062921e-01
9.200000e+01 0.000000e+00 1.061898e-01 1.061898e-01
9.210000e+01 0.000000e+00 1.060877e-01 1.060877e-01
9.220000e+01 0.000000e+00 1.059857e-01 1.059857e-01
9.230000e+01 0.000000e+00 1.058839e-01 1.058839e-01
9.240000e+01 0.000000e+00 1.057822e-01 1.057822e-01
9.250000e+01 0.000000e+00 1.056807e-01 1.056807e-01
9.260000e+01 0.000000e+00 1.055794e-01 1.055794e-01
9.270000e+01 0.000000e+00 1.054782e-01 1.054782e-01
9.280000e+01 0.000000e+00 1.053772e-01 1.053772e-01
9.290000e+01 0.000000e+00 1.052764e-01 1.052764e-01
9.300000e+01 0.000000e+00 1.051757e-01 1.051757e-01
9.310000e+01 0.000000e+00 1.050752e-01 1.050752e-01
9.320000e+01 0.000000e+00 1.049748e-01 1.049748e-01
9.330000e+01 0.000000e+00 1.048746e-01 1.048746e-01
9.340000e+01 0.000000e+00 1.047745e-01 1.047745e-01
9.350000e+01 0.000000e+00 1.046746e-01 1.046746e-01
9.360000e+01 0.000000e+00 1.045749e-01 1.045749e-01
9.370000e+01 0.000000e+00 1.044753e-01 1.044753e-01
9.380000e+01 0.000000e+00 1.043759e-01 1.043759e-01
9.390000e+01 0.000000e+00 1.042766e-01 1.042766e-01
9.400000e+01 0.000000e+00 1.041774e-01 1.041774e-01
9.410000e+01 0.000000e+00 1.040784e-01 1.040784e-01
9.420000e+01 0.000000e+00 1.039796e-01 1.039796e-01
9.430000e+01 0.000000e+00 1.038809e-01 1.038809e-01
9.440000e+01 0.000000e+00 1.037824e-01 1.037824e-01
9.450000e+01 0.000000e+00 1.036840e-01 1.036840e-01
9.460000e+01 0.000000e+00 1.035857e-01 1.035857e-01
9.470000e+01 0.000000e+00 1.034877e-01 1.034877e-01
9.480000e+01 0.000000e+00 1.033897e-01 1.033897e-01
9.490000e+01 0.000000e+00 1.032920e-01 1.032920e-01
9.500000e+01 0.000000e+00 1.031943e-01 1.031943e-01
9.510000e+01 0.000000e+00 1.030969e-01 1.030969e-01
9.520000e+01 0.000000e+00 1.029995e-01 1.029995e-01
9.530000e+01 0.000000e+00 1.029024e-01 1.029024e-01
9.540000e+01 0.000000e+00 1.028053e-01 1.028053e-01
9.550000e+01 0.000000e+00 1.027085e-01 1.027085e-01
9.560000e+01 0.000000e+00 1.026117e-01 1.026117e-01
9.570000e+01 0.000000e+00 1.025151e-01 1.025151e-01
9.580000e+01 0.000000e+00 1.024187e-01 1.024187e-01
9.590000e+01 0.000000e+00 1.023224e-01 1.023224e-01
9.600000e+01 0.000000e+00 1.022263e-01 1.022263e-01
9.610000e+01 0.000000e+00 1.021303e-01 1.021303e-01
9.620000e+01 0.000000e+00 1.020345e-01 1.020345e-01
9.630000e+01 0.000000e+00 1.019388e-01 1.019388e-01
9.640000e+01 0.000000e+00 1.018432e-01 1.018432e-01
9.650000e+01 0.000000e+00 1.017478e-01 1.017478e-01
9.660000e+01 0.000000e+00 1.016525e-01 1.016525e-01
9.670000e+01 0.000000e+00 1.015574e-01 1.015574e-01
9.680000e+01 0.000000e+00 1.014624e-01 1.014624e-01
9.690000e+01 0.000000e+00 1.013676e-01 1.013676e-01
9.700000e+01 0.000000e+00 1.012729e-01 1.012729e-01
9.710000e+01 0.000000e+00 1.011784e-01 1.011784e-01
9.720000e+01 0.000000e+00 1.010840e-01 1.010840e-01
9.730000e+01 0.000000e+00 1.009897e-01 1.009897e-01
9.740000e+01 0.000000e+00 1.008956e-01 1.008956e-01
9.750000e+01 0.000000e+00 1.008016e-01 1.008016e-01
9.760000e+01 0.000000e+00 1.007078e-01 1.007078e-01
9.770000e+01 0.000000e+00 1.006140e-01 1.006140e-01
9.780000e+01 0.000000e+00 1.005205e-01 1.005205e-01
9.790000e+01 0.000000e+00 1.004271e-01 1.004271e-01
9.800000e+01 0.000000e+00 1.003338e-01 1.003338e-01
9.810000e+01 0.000000e+00 1.002406e-01 1.002406e-01
9.820000e+01 0.000000e+00 1.001477e-01 1.001477e-01
9.830000e+01 0.000000e+00 1.000548e-01 1.000548e-01
9.840000e+01 0.000000e+00 9.996207e-02 9.996207e-02
9.850000e+01 0.000000e+00 9.986948e-02 9.986948e-02
9.860000e+01 0.000000e+00 9.977703e-02 9.977703e-02
9.870000e+01 0.000000e+00 9.968472e-02 9.968472e-02
9.880000e+01 0.000000e+00 9.959254e-02 9.959254e-02
9.890000e+01 0.000000e+00 9.950049e-02 9.950049e-02
9.900000e+01 0.000000e+00 9.940858e-02 9.940858e-02
9.910000e+01 0.000000e+00 9.931681e-02 9.931681e-02
9.920000e+01 0.000000e+00 9.922517e-02 9.922517e-02
9.930000e+01 0.000000e+00 9.913366e-02 9.913366e-02
9.940000e+01 0.000000e+00 9.904229e-02 9.904229e-02
9.950000e+01 0.000000e+00 9.895105e-02 9.895105e-02
9.960000e+01 0.000000e+00 9.885995e-02 9.885995e-02
9.970000e+01 0.000000e+00 9.876898e-02 9.876898e-02
9.980000e+01 0.000000e+00 9.867814e-02 9.867814e-02
9.990000e+01 0.000000e+00 9.858743e-02 9.858743e-02
1.000000e+02 0.000000e+00 9.849685e-02 9.849685e-02
