# # chi(t) for Pe = 700, beta = 0.5, bridge_width = 1.0
# # Columns: time, chi, I_T (signed), I_|T| (unsigned)
0.000000e+00 0.000000e+00 3.835511e-01 3.835511e-01
1.000000e-01 2.090000e-05 3.986458e-01 3.986542e-01
2.000000e-01 0.000000e+00 3.997563e-01 3.997563e-01
3.000000e-01 0.000000e+00 4.002228e-01 4.002228e-01
4.000000e-01 0.000000e+00 4.005248e-01 4.005248e-01
5.000000e-01 0.000000e+00 4.005311e-01 4.005311e-01
6.000000e-01 4.000000e-07 4.004667e-01 4.004668e-01
7.000000e-01 4.100000e-06 3.998395e-01 3.998411e-01
8.000000e-01 1.350000e-05 4.000220e-01 4.000274e-01
9.000000e-01 2.010000e-05 4.002979e-01 4.003060e-01
1.000000e+00 1.560000e-05 4.003279e-01 4.003342e-01
1.100000e+00 5.000000e-06 4.003539e-01 4.003559e-01
1.200000e+00 0.000000e+00 4.003727e-01 4.003727e-01
1.300000e+00 0.000000e+00 4.003814e-01 4.003814e-01
1.400000e+00 0.000000e+00 4.003779e-01 4.003779e-01
1.500000e+00 0.000000e+00 4.003606e-01 4.003606e-01
1.600000e+00 0.000000e+00 4.003287e-01 4.003287e-01
1.700000e+00 0.000000e+00 4.002817e-01 4.002817e-01
1.800000e+00 0.000000e+00 4.002195e-01 4.002195e-01
1.900000e+00 0.000000e+00 4.001424e-01 4.001424e-01
2.000000e+00 0.000000e+00 4.000507e-01 4.000507e-01
2.100000e+00 0.000000e+00 3.999450e-01 3.999450e-01
2.200000e+00 0.000000e+00 3.998259e-01 3.998259e-01
2.300000e+00 0.000000e+00 3.996941e-01 3.996941e-01
2.400000e+00 0.000000e+00 3.995502e-01 3.995502e-01
2.500000e+00 0.000000e+00 3.993950e-01 3.993950e-01
2.600000e+00 0.000000e+00 3.992292e-01 3.992292e-01
2.700000e+00 0.000000e+00 3.990534e-01 3.990534e-01
2.800000e+00 0.000000e+00 3.988684e-01 3.988684e-01
2.900000e+00 0.000000e+00 3.986748e-01 3.986748e-01
3.000000e+00 0.000000e+00 3.984731e-01 3.984731e-01
3.100000e+00 0.000000e+00 3.982640e-01 3.982640e-01
3.200000e+00 0.000000e+00 3.980481e-01 3.980481e-01
3.300000e+00 0.000000e+00 3.978259e-01 3.978259e-01
3.400000e+00 0.000000e+00 3.975978e-01 3.975978e-01
3.500000e+00 0.000000e+00 3.973644e-01 3.973644e-01
3.600000e+00 0.000000e+00 3.971261e-01 3.971261e-01
3.700000e+00 0.000000e+00 3.968832e-01 3.968832e-01
3.800000e+00 0.000000e+00 3.966362e-01 3.966362e-01
3.900000e+00 0.000000e+00 3.963855e-01 3.963855e-01
4.000000e+00 0.000000e+00 3.961313e-01 3.961313e-01
4.100000e+00 0.000000e+00 3.958740e-01 3.958740e-01
4.200000e+00 0.000000e+00 3.956140e-01 3.956140e-01
4.300000e+00 0.000000e+00 3.953513e-01 3.953513e-01
4.400000e+00 0.000000e+00 3.950864e-01 3.950864e-01
4.500000e+00 0.000000e+00 3.948194e-01 3.948194e-01
4.600000e+00 0.000000e+00 3.945506e-01 3.945506e-01
4.700000e+00 0.000000e+00 3.942802e-01 3.942802e-01
4.800000e+00 0.000000e+00 3.940083e-01 3.940083e-01
4.900000e+00 0.000000e+00 3.937352e-01 3.937352e-01
5.000000e+00 0.000000e+00 3.934610e-01 3.934610e-01
5.100000e+00 0.000000e+00 3.931858e-01 3.931858e-01
5.200000e+00 0.000000e+00 3.929099e-01 3.929099e-01
5.300000e+00 0.000000e+00 3.926333e-01 3.926333e-01
5.400000e+00 0.000000e+00 3.923561e-01 3.923561e-01
5.500000e+00 0.000000e+00 3.920785e-01 3.920785e-01
5.600000e+00 0.000000e+00 3.918006e-01 3.918006e-01
5.700000e+00 0.000000e+00 3.915225e-01 3.915225e-01
5.800000e+00 0.000000e+00 3.912442e-01 3.912442e-01
5.900000e+00 0.000000e+00 3.909659e-01 3.909659e-01
6.000000e+00 0.000000e+00 3.906876e-01 3.906876e-01
6.100000e+00 0.000000e+00 3.904094e-01 3.904094e-01
6.200000e+00 0.000000e+00 3.901313e-01 3.901313e-01
6.300000e+00 0.000000e+00 3.898535e-01 3.898535e-01
6.400000e+00 0.000000e+00 3.895759e-01 3.895759e-01
6.500000e+00 0.000000e+00 3.892987e-01 3.892987e-01
6.600000e+00 0.000000e+00 3.890219e-01 3.890219e-01
6.700000e+00 0.000000e+00 3.887454e-01 3.887454e-01
6.800000e+00 0.000000e+00 3.884695e-01 3.884695e-01
6.900000e+00 0.000000e+00 3.881940e-01 3.881940e-01
7.000000e+00 0.000000e+00 3.879191e-01 3.879191e-01
7.100000e+00 0.000000e+00 3.876447e-01 3.876447e-01
7.200000e+00 0.000000e+00 3.873709e-01 3.873709e-01
7.300000e+00 0.000000e+00 3.870977e-01 3.870977e-01
7.400000e+00 0.000000e+00 3.868252e-01 3.868252e-01
7.500000e+00 0.000000e+00 3.865534e-01 3.865534e-01
7.600000e+00 0.000000e+00 3.862822e-01 3.862822e-01
7.700000e+00 0.000000e+00 3.860117e-01 3.860117e-01
7.800000e+00 0.000000e+00 3.857420e-01 3.857420e-01
7.900000e+00 0.000000e+00 3.854729e-01 3.854729e-01
8.000000e+00 0.000000e+00 3.852046e-01 3.852046e-01
8.100000e+00 0.000000e+00 3.849371e-01 3.849371e-01
8.200000e+00 0.000000e+00 3.846703e-01 3.846703e-01
8.300000e+00 0.000000e+00 3.844044e-01 3.844044e-01
8.400000e+00 0.000000e+00 3.841391e-01 3.841391e-01
8.500000e+00 0.000000e+00 3.838747e-01 3.838747e-01
8.600000e+00 0.000000e+00 3.836111e-01 3.836111e-01
8.700000e+00 0.000000e+00 3.833483e-01 3.833483e-01
8.800000e+00 0.000000e+00 3.830863e-01 3.830863e-01
8.900000e+00 0.000000e+00 3.828251e-01 3.828251e-01
9.000000e+00 0.000000e+00 3.825647e-01 3.825647e-01
9.100000e+00 0.000000e+00 3.823051e-01 3.823051e-01
9.200000e+00 0.000000e+00 3.820463e-01 3.820463e-01
9.300000e+00 0.000000e+00 3.817884e-01 3.817884e-01
9.400000e+00 0.000000e+00 3.815312e-01 3.815312e-01
9.500000e+00 0.000000e+00 3.812749e-01 3.812749e-01
9.600000e+00 0.000000e+00 3.810194e-01 3.810194e-01
9.700000e+00 0.000000e+00 3.807647e-01 3.807647e-01
9.800000e+00 0.000000e+00 3.805109e-01 3.805109e-01
9.900000e+00 0.000000e+00 3.802578e-01 3.802578e-01
1.000000e+01 0.000000e+00 3.800056e-01 3.800056e-01
1.010000e+01 0.000000e+00 3.797541e-01 3.797541e-01
1.020000e+01 0.000000e+00 3.795035e-01 3.795035e-01
1.030000e+01 0.000000e+00 3.792537e-01 3.792537e-01
1.040000e+01 0.000000e+00 3.790047e-01 3.790047e-01
1.050000e+01 0.000000e+00 3.787564e-01 3.787564e-01
1.060000e+01 0.000000e+00 3.785090e-01 3.785090e-01
1.070000e+01 0.000000e+00 3.782624e-01 3.782624e-01
1.080000e+01 0.000000e+00 3.780165e-01 3.780165e-01
1.090000e+01 0.000000e+00 3.777714e-01 3.777714e-01
1.100000e+01 0.000000e+00 3.775271e-01 3.775271e-01
1.110000e+01 0.000000e+00 3.772836e-01 3.772836e-01
1.120000e+01 0.000000e+00 3.770409e-01 3.770409e-01
1.130000e+01 0.000000e+00 3.767989e-01 3.767989e-01
1.140000e+01 0.000000e+00 3.765576e-01 3.765576e-01
1.150000e+01 0.000000e+00 3.763171e-01 3.763171e-01
1.160000e+01 0.000000e+00 3.760774e-01 3.760774e-01
1.170000e+01 0.000000e+00 3.758384e-01 3.758384e-01
1.180000e+01 0.000000e+00 3.756002e-01 3.756002e-01
1.190000e+01 0.000000e+00 3.753627e-01 3.753627e-01
1.200000e+01 0.000000e+00 3.751259e-01 3.751259e-01
1.210000e+01 0.000000e+00 3.748898e-01 3.748898e-01
1.220000e+01 0.000000e+00 3.746544e-01 3.746544e-01
1.230000e+01 0.000000e+00 3.744198e-01 3.744198e-01
1.240000e+01 0.000000e+00 3.741858e-01 3.741858e-01
1.250000e+01 0.000000e+00 3.739526e-01 3.739526e-01
1.260000e+01 0.000000e+00 3.737200e-01 3.737200e-01
1.270000e+01 0.000000e+00 3.734882e-01 3.734882e-01
1.280000e+01 0.000000e+00 3.732570e-01 3.732570e-01
1.290000e+01 0.000000e+00 3.730264e-01 3.730264e-01
1.300000e+01 0.000000e+00 3.727966e-01 3.727966e-01
1.310000e+01 0.000000e+00 3.725673e-01 3.725673e-01
1.320000e+01 0.000000e+00 3.723388e-01 3.723388e-01
1.330000e+01 0.000000e+00 3.721108e-01 3.721108e-01
1.340000e+01 0.000000e+00 3.718835e-01 3.718835e-01
1.350000e+01 0.000000e+00 3.716568e-01 3.716568e-01
1.360000e+01 0.000000e+00 3.714307e-01 3.714307e-01
1.370000e+01 0.000000e+00 3.712053e-01 3.712053e-01
1.380000e+01 0.000000e+00 3.709804e-01 3.709804e-01
1.390000e+01 0.000000e+00 3.707561e-01 3.707561e-01
1.400000e+01 0.000000e+00 3.705323e-01 3.705323e-01
1.410000e+01 0.000000e+00 3.703091e-01 3.703091e-01
1.420000e+01 0.000000e+00 3.700865e-01 3.700865e-01
1.430000e+01 0.000000e+00 3.698644e-01 3.698644e-01
1.440000e+01 0.000000e+00 3.696429e-01 3.696429e-01
1.450000e+01 0.000000e+00 3.694218e-01 3.694218e-01
1.460000e+01 0.000000e+00 3.692013e-01 3.692013e-01
1.470000e+01 0.000000e+00 3.689812e-01 3.689812e-01
1.480000e+01 0.000000e+00 3.687616e-01 3.687616e-01
1.490000e+01 0.000000e+00 3.685425e-01 3.685425e-01
1.500000e+01 0.000000e+00 3.683239e-01 3.683239e-01
1.510000e+01 0.000000e+00 3.681056e-01 3.681056e-01
1.520000e+01 0.000000e+00 3.678878e-01 3.678878e-01
1.530000e+01 0.000000e+00 3.676704e-01 3.676704e-01
1.540000e+01 0.000000e+00 3.674533e-01 3.674533e-01
1.550000e+01 0.000000e+00 3.672367e-01 3.672367e-01
1.560000e+01 0.000000e+00 3.670204e-01 3.670204e-01
1.570000e+01 0.000000e+00 3.668044e-01 3.668044e-01
1.580000e+01 0.000000e+00 3.665887e-01 3.665887e-01
1.590000e+01 0.000000e+00 3.663733e-01 3.663733e-01
1.600000e+01 0.000000e+00 3.661582e-01 3.661582e-01
1.610000e+01 0.000000e+00 3.659434e-01 3.659434e-01
1.620000e+01 0.000000e+00 3.657288e-01 3.657288e-01
1.630000e+01 0.000000e+00 3.655144e-01 3.655144e-01
1.640000e+01 0.000000e+00 3.653002e-01 3.653002e-01
1.650000e+01 0.000000e+00 3.650861e-01 3.650861e-01
1.660000e+01 0.000000e+00 3.648722e-01 3.648722e-01
1.670000e+01 0.000000e+00 3.646585e-01 3.646585e-01
1.680000e+01 0.000000e+00 3.644448e-01 3.644448e-01
1.690000e+01 0.000000e+00 3.642312e-01 3.642312e-01
1.700000e+01 0.000000e+00 3.640176e-01 3.640176e-01
1.710000e+01 0.000000e+00 3.638041e-01 3.638041e-01
1.720000e+01 0.000000e+00 3.635905e-01 3.635905e-01
1.730000e+01 0.000000e+00 3.633769e-01 3.633769e-01
1.740000e+01 0.000000e+00 3.631632e-01 3.631632e-01
1.750000e+01 0.000000e+00 3.629495e-01 3.629495e-01
1.760000e+01 0.000000e+00 3.627356e-01 3.627356e-01
1.770000e+01 0.000000e+00 3.625215e-01 3.625215e-01
1.780000e+01 0.000000e+00 3.623073e-01 3.623073e-01
1.790000e+01 0.000000e+00 3.620928e-01 3.620928e-01
1.800000e+01 0.000000e+00 3.618781e-01 3.618781e-01
1.810000e+01 0.000000e+00 3.616631e-01 3.616631e-01
1.820000e+01 0.000000e+00 3.614478e-01 3.614478e-01
1.830000e+01 0.000000e+00 3.612321e-01 3.612321e-01
1.840000e+01 0.000000e+00 3.610160e-01 3.610160e-01
1.850000e+01 0.000000e+00 3.607995e-01 3.607995e-01
1.860000e+01 0.000000e+00 3.605826e-01 3.605826e-01
1.870000e+01 0.000000e+00 3.603651e-01 3.603651e-01
1.880000e+01 0.000000e+00 3.601471e-01 3.601471e-01
1.890000e+01 0.000000e+00 3.599285e-01 3.599285e-01
1.900000e+01 0.000000e+00 3.597093e-01 3.597093e-01
1.910000e+01 0.000000e+00 3.594895e-01 3.594895e-01
1.920000e+01 0.000000e+00 3.592690e-01 3.592690e-01
1.930000e+01 0.000000e+00 3.590477e-01 3.590477e-01
1.940000e+01 0.000000e+00 3.588257e-01 3.588257e-01
1.950000e+01 0.000000e+00 3.586028e-01 3.586028e-01
1.960000e+01 0.000000e+00 3.583791e-01 3.583791e-01
1.970000e+01 0.000000e+00 3.581545e-01 3.581545e-01
1.980000e+01 0.000000e+00 3.579290e-01 3.579290e-01
1.990000e+01 0.000000e+00 3.577025e-01 3.577025e-01
2.000000e+01 0.000000e+00 3.574750e-01 3.574750e-01
2.010000e+01 0.000000e+00 3.572464e-01 3.572464e-01
2.020000e+01 0.000000e+00 3.570167e-01 3.570167e-01
2.030000e+01 0.000000e+00 3.567859e-01 3.567859e-01
2.040000e+01 0.000000e+00 3.565539e-01 3.565539e-01
2.050000e+01 0.000000e+00 3.563207e-01 3.563207e-01
2.060000e+01 0.000000e+00 3.560862e-01 3.560862e-01
2.070000e+01 0.000000e+00 3.558504e-01 3.558504e-01
2.080000e+01 0.000000e+00 3.556132e-01 3.556132e-01
2.090000e+01 0.000000e+00 3.553747e-01 3.553747e-01
2.100000e+01 0.000000e+00 3.551348e-01 3.551348e-01
2.110000e+01 0.000000e+00 3.548934e-01 3.548934e-01
2.120000e+01 0.000000e+00 3.546505e-01 3.546505e-01
2.130000e+01 0.000000e+00 3.544060e-01 3.544060e-01
2.140000e+01 0.000000e+00 3.541600e-01 3.541600e-01
2.150000e+01 0.000000e+00 3.539123e-01 3.539123e-01
2.160000e+01 0.000000e+00 3.536630e-01 3.536630e-01
2.170000e+01 0.000000e+00 3.534121e-01 3.534121e-01
2.180000e+01 0.000000e+00 3.531594e-01 3.531594e-01
2.190000e+01 0.000000e+00 3.529049e-01 3.529049e-01
2.200000e+01 0.000000e+00 3.526487e-01 3.526487e-01
2.210000e+01 0.000000e+00 3.523906e-01 3.523906e-01
2.220000e+01 0.000000e+00 3.521307e-01 3.521307e-01
2.230000e+01 0.000000e+00 3.518689e-01 3.518689e-01
2.240000e+01 0.000000e+00 3.516052e-01 3.516052e-01
2.250000e+01 0.000000e+00 3.513396e-01 3.513396e-01
2.260000e+01 0.000000e+00 3.510720e-01 3.510720e-01
2.270000e+01 0.000000e+00 3.508025e-01 3.508025e-01
2.280000e+01 0.000000e+00 3.505309e-01 3.505309e-01
2.290000e+01 0.000000e+00 3.502573e-01 3.502573e-01
2.300000e+01 0.000000e+00 3.499816e-01 3.499816e-01
2.310000e+01 0.000000e+00 3.497039e-01 3.497039e-01
2.320000e+01 0.000000e+00 3.494241e-01 3.494241e-01
2.330000e+01 0.000000e+00 3.491422e-01 3.491422e-01
2.340000e+01 0.000000e+00 3.488582e-01 3.488582e-01
2.350000e+01 0.000000e+00 3.485721e-01 3.485721e-01
2.360000e+01 0.000000e+00 3.482838e-01 3.482838e-01
2.370000e+01 0.000000e+00 3.479934e-01 3.479934e-01
2.380000e+01 0.000000e+00 3.477008e-01 3.477008e-01
2.390000e+01 0.000000e+00 3.474061e-01 3.474061e-01
2.400000e+01 0.000000e+00 3.471091e-01 3.471091e-01
2.410000e+01 0.000000e+00 3.468101e-01 3.468101e-01
2.420000e+01 0.000000e+00 3.465088e-01 3.465088e-01
2.430000e+01 0.000000e+00 3.462054e-01 3.462054e-01
2.440000e+01 0.000000e+00 3.458998e-01 3.458998e-01
2.450000e+01 0.000000e+00 3.455920e-01 3.455920e-01
2.460000e+01 0.000000e+00 3.452821e-01 3.452821e-01
2.470000e+01 0.000000e+00 3.449700e-01 3.449700e-01
2.480000e+01 0.000000e+00 3.446557e-01 3.446557e-01
2.490000e+01 0.000000e+00 3.443393e-01 3.443393e-01
2.500000e+01 0.000000e+00 3.440208e-01 3.440208e-01
2.510000e+01 0.000000e+00 3.437001e-01 3.437001e-01
2.520000e+01 0.000000e+00 3.433774e-01 3.433774e-01
2.530000e+01 0.000000e+00 3.430525e-01 3.430525e-01
2.540000e+01 0.000000e+00 3.427256e-01 3.427256e-01
2.550000e+01 0.000000e+00 3.423966e-01 3.423966e-01
2.560000e+01 0.000000e+00 3.420656e-01 3.420656e-01
2.570000e+01 0.000000e+00 3.417325e-01 3.417325e-01
2.580000e+01 0.000000e+00 3.413975e-01 3.413975e-01
2.590000e+01 0.000000e+00 3.410605e-01 3.410605e-01
2.600000e+01 0.000000e+00 3.407215e-01 3.407215e-01
2.610000e+01 0.000000e+00 3.403805e-01 3.403805e-01
2.620000e+01 0.000000e+00 3.400377e-01 3.400377e-01
2.630000e+01 0.000000e+00 3.396930e-01 3.396930e-01
2.640000e+01 0.000000e+00 3.393464e-01 3.393464e-01
2.650000e+01 0.000000e+00 3.389980e-01 3.389980e-01
2.660000e+01 0.000000e+00 3.386478e-01 3.386478e-01
2.670000e+01 0.000000e+00 3.382958e-01 3.382958e-01
2.680000e+01 0.000000e+00 3.379421e-01 3.379421e-01
2.690000e+01 0.000000e+00 3.375866e-01 3.375866e-01
2.700000e+01 0.000000e+00 3.372295e-01 3.372295e-01
2.710000e+01 0.000000e+00 3.368707e-01 3.368707e-01
2.720000e+01 0.000000e+00 3.365103e-01 3.365103e-01
2.730000e+01 0.000000e+00 3.361484e-01 3.361484e-01
2.740000e+01 0.000000e+00 3.357848e-01 3.357848e-01
2.750000e+01 0.000000e+00 3.354198e-01 3.354198e-01
2.760000e+01 0.000000e+00 3.350532e-01 3.350532e-01
2.770000e+01 0.000000e+00 3.346852e-01 3.346852e-01
2.780000e+01 0.000000e+00 3.343158e-01 3.343158e-01
2.790000e+01 0.000000e+00 3.339450e-01 3.339450e-01
2.800000e+01 0.000000e+00 3.335729e-01 3.335729e-01
2.810000e+01 0.000000e+00 3.331994e-01 3.331994e-01
2.820000e+01 0.000000e+00 3.328247e-01 3.328247e-01
2.830000e+01 0.000000e+00 3.324487e-01 3.324487e-01
2.840000e+01 0.000000e+00 3.320714e-01 3.320714e-01
2.850000e+01 0.000000e+00 3.316931e-01 3.316931e-01
2.860000e+01 0.000000e+00 3.313135e-01 3.313135e-01
2.870000e+01 0.000000e+00 3.309329e-01 3.309329e-01
2.880000e+01 0.000000e+00 3.305512e-01 3.305512e-01
2.890000e+01 0.000000e+00 3.301684e-01 3.301684e-01
2.900000e+01 0.000000e+00 3.297846e-01 3.297846e-01
2.910000e+01 0.000000e+00 3.293999e-01 3.293999e-01
2.920000e+01 0.000000e+00 3.290142e-01 3.290142e-01
2.930000e+01 0.000000e+00 3.286277e-01 3.286277e-01
2.940000e+01 0.000000e+00 3.282402e-01 3.282402e-01
2.950000e+01 0.000000e+00 3.278519e-01 3.278519e-01
2.960000e+01 0.000000e+00 3.274628e-01 3.274628e-01
2.970000e+01 0.000000e+00 3.270729e-01 3.270729e-01
2.980000e+01 0.000000e+00 3.266823e-01 3.266823e-01
2.990000e+01 0.000000e+00 3.262910e-01 3.262910e-01
3.000000e+01 0.000000e+00 3.258990e-01 3.258990e-01
3.010000e+01 0.000000e+00 3.255064e-01 3.255064e-01
3.020000e+01 0.000000e+00 3.251131e-01 3.251131e-01
3.030000e+01 0.000000e+00 3.247193e-01 3.247193e-01
3.040000e+01 0.000000e+00 3.243249e-01 3.243249e-01
3.050000e+01 0.000000e+00 3.239299e-01 3.239299e-01
3.060000e+01 0.000000e+00 3.235345e-01 3.235345e-01
3.070000e+01 0.000000e+00 3.231386e-01 3.231386e-01
3.080000e+01 0.000000e+00 3.227423e-01 3.227423e-01
3.090000e+01 0.000000e+00 3.223455e-01 3.223455e-01
3.100000e+01 0.000000e+00 3.219484e-01 3.219484e-01
3.110000e+01 0.000000e+00 3.215509e-01 3.215509e-01
3.120000e+01 0.000000e+00 3.211531e-01 3.211531e-01
3.130000e+01 0.000000e+00 3.207550e-01 3.207550e-01
3.140000e+01 0.000000e+00 3.203566e-01 3.203566e-01
3.150000e+01 0.000000e+00 3.199580e-01 3.199580e-01
3.160000e+01 0.000000e+00 3.195591e-01 3.195591e-01
3.170000e+01 0.000000e+00 3.191600e-01 3.191600e-01
3.180000e+01 0.000000e+00 3.187608e-01 3.187608e-01
3.190000e+01 0.000000e+00 3.183614e-01 3.183614e-01
3.200000e+01 0.000000e+00 3.179619e-01 3.179619e-01
3.210000e+01 0.000000e+00 3.175622e-01 3.175622e-01
3.220000e+01 0.000000e+00 3.171625e-01 3.171625e-01
3.230000e+01 0.000000e+00 3.167627e-01 3.167627e-01
3.240000e+01 0.000000e+00 3.163629e-01 3.163629e-01
3.250000e+01 0.000000e+00 3.159630e-01 3.159630e-01
3.260000e+01 0.000000e+00 3.155632e-01 3.155632e-01
3.270000e+01 0.000000e+00 3.151633e-01 3.151633e-01
3.280000e+01 0.000000e+00 3.147635e-01 3.147635e-01
3.290000e+01 0.000000e+00 3.143638e-01 3.143638e-01
3.300000e+01 0.000000e+00 3.139641e-01 3.139641e-01
3.310000e+01 0.000000e+00 3.135645e-01 3.135645e-01
3.320000e+01 0.000000e+00 3.131651e-01 3.131651e-01
3.330000e+01 0.000000e+00 3.127657e-01 3.127657e-01
3.340000e+01 0.000000e+00 3.123665e-01 3.123665e-01
3.350000e+01 0.000000e+00 3.119675e-01 3.119675e-01
3.360000e+01 0.000000e+00 3.115687e-01 3.115687e-01
3.370000e+01 0.000000e+00 3.111701e-01 3.111701e-01
3.380000e+01 0.000000e+00 3.107716e-01 3.107716e-01
3.390000e+01 0.000000e+00 3.103734e-01 3.103734e-01
3.400000e+01 0.000000e+00 3.099755e-01 3.099755e-01
3.410000e+01 0.000000e+00 3.095778e-01 3.095778e-01
3.420000e+01 0.000000e+00 3.091804e-01 3.091804e-01
3.430000e+01 0.000000e+00 3.087832e-01 3.087832e-01
3.440000e+01 0.000000e+00 3.083864e-01 3.083864e-01
3.450000e+01 0.000000e+00 3.079899e-01 3.079899e-01
3.460000e+01 0.000000e+00 3.075937e-01 3.075937e-01
3.470000e+01 0.000000e+00 3.071978e-01 3.071978e-01
3.480000e+01 0.000000e+00 3.068023e-01 3.068023e-01
3.490000e+01 0.000000e+00 3.064072e-01 3.064072e-01
3.500000e+01 0.000000e+00 3.060124e-01 3.060124e-01
3.510000e+01 0.000000e+00 3.056181e-01 3.056181e-01
3.520000e+01 0.000000e+00 3.052241e-01 3.052241e-01
3.530000e+01 0.000000e+00 3.048305e-01 3.048305e-01
3.540000e+01 0.000000e+00 3.044374e-01 3.044374e-01
3.550000e+01 0.000000e+00 3.040446e-01 3.040446e-01
3.560000e+01 0.000000e+00 3.036524e-01 3.036524e-01
3.570000e+01 0.000000e+00 3.032605e-01 3.032605e-01
3.580000e+01 0.000000e+00 3.028691e-01 3.028691e-01
3.590000e+01 0.000000e+00 3.024782e-01 3.024782e-01
3.600000e+01 0.000000e+00 3.020878e-01 3.020878e-01
3.610000e+01 0.000000e+00 3.016978e-01 3.016978e-01
3.620000e+01 0.000000e+00 3.013084e-01 3.013084e-01
3.630000e+01 0.000000e+00 3.009194e-01 3.009194e-01
3.640000e+01 0.000000e+00 3.005310e-01 3.005310e-01
3.650000e+01 0.000000e+00 3.001431e-01 3.001431e-01
3.660000e+01 0.000000e+00 2.997556e-01 2.997556e-01
3.670000e+01 0.000000e+00 2.993688e-01 2.993688e-01
3.680000e+01 0.000000e+00 2.989824e-01 2.989824e-01
3.690000e+01 0.000000e+00 2.985967e-01 2.985967e-01
3.700000e+01 0.000000e+00 2.982114e-01 2.982114e-01
3.710000e+01 0.000000e+00 2.978267e-01 2.978267e-01
3.720000e+01 0.000000e+00 2.974426e-01 2.974426e-01
3.730000e+01 0.000000e+00 2.970591e-01 2.970591e-01
3.740000e+01 0.000000e+00 2.966761e-01 2.966761e-01
3.750000e+01 0.000000e+00 2.962937e-01 2.962937e-01
3.760000e+01 0.000000e+00 2.959119e-01 2.959119e-01
3.770000e+01 0.000000e+00 2.955307e-01 2.955307e-01
3.780000e+01 0.000000e+00 2.951501e-01 2.951501e-01
3.790000e+01 0.000000e+00 2.947700e-01 2.947700e-01
3.800000e+01 0.000000e+00 2.943906e-01 2.943906e-01
3.810000e+01 0.000000e+00 2.940118e-01 2.940118e-01
3.820000e+01 0.000000e+00 2.936336e-01 2.936336e-01
3.830000e+01 0.000000e+00 2.932561e-01 2.932561e-01
3.840000e+01 0.000000e+00 2.928791e-01 2.928791e-01
3.850000e+01 0.000000e+00 2.925028e-01 2.925028e-01
3.860000e+01 0.000000e+00 2.921271e-01 2.921271e-01
3.870000e+01 0.000000e+00 2.917520e-01 2.917520e-01
3.880000e+01 0.000000e+00 2.913776e-01 2.913776e-01
3.890000e+01 0.000000e+00 2.910038e-01 2.910038e-01
3.900000e+01 0.000000e+00 2.906307e-01 2.906307e-01
3.910000e+01 0.000000e+00 2.902582e-01 2.902582e-01
3.920000e+01 0.000000e+00 2.898863e-01 2.898863e-01
3.930000e+01 0.000000e+00 2.895151e-01 2.895151e-01
3.940000e+01 0.000000e+00 2.891446e-01 2.891446e-01
3.950000e+01 0.000000e+00 2.887747e-01 2.887747e-01
3.960000e+01 0.000000e+00 2.884055e-01 2.884055e-01
3.970000e+01 0.000000e+00 2.880369e-01 2.880369e-01
3.980000e+01 0.000000e+00 2.876690e-01 2.876690e-01
3.990000e+01 0.000000e+00 2.873018e-01 2.873018e-01
4.000000e+01 0.000000e+00 2.869352e-01 2.869352e-01
4.010000e+01 0.000000e+00 2.865693e-01 2.865693e-01
4.020000e+01 0.000000e+00 2.862041e-01 2.862041e-01
4.030000e+01 0.000000e+00 2.858395e-01 2.858395e-01
4.040000e+01 0.000000e+00 2.854757e-01 2.854757e-01
4.050000e+01 0.000000e+00 2.851125e-01 2.851125e-01
4.060000e+01 0.000000e+00 2.847499e-01 2.847499e-01
4.070000e+01 0.000000e+00 2.843881e-01 2.843881e-01
4.080000e+01 0.000000e+00 2.840270e-01 2.840270e-01
4.090000e+01 0.000000e+00 2.836665e-01 2.836665e-01
4.100000e+01 0.000000e+00 2.833067e-01 2.833067e-01
4.110000e+01 0.000000e+00 2.829476e-01 2.829476e-01
4.120000e+01 0.000000e+00 2.825892e-01 2.825892e-01
4.130000e+01 0.000000e+00 2.822314e-01 2.822314e-01
4.140000e+01 0.000000e+00 2.818744e-01 2.818744e-01
4.150000e+01 0.000000e+00 2.815180e-01 2.815180e-01
4.160000e+01 0.000000e+00 2.811624e-01 2.811624e-01
4.170000e+01 0.000000e+00 2.808074e-01 2.808074e-01
4.180000e+01 0.000000e+00 2.804531e-01 2.804531e-01
4.190000e+01 0.000000e+00 2.800995e-01 2.800995e-01
4.200000e+01 0.000000e+00 2.797466e-01 2.797466e-01
4.210000e+01 0.000000e+00 2.793944e-01 2.793944e-01
4.220000e+01 0.000000e+00 2.790429e-01 2.790429e-01
4.230000e+01 0.000000e+00 2.786920e-01 2.786920e-01
4.240000e+01 0.000000e+00 2.783419e-01 2.783419e-01
4.250000e+01 0.000000e+00 2.779924e-01 2.779924e-01
4.260000e+01 0.000000e+00 2.776437e-01 2.776437e-01
4.270000e+01 0.000000e+00 2.772956e-01 2.772956e-01
4.280000e+01 0.000000e+00 2.769482e-01 2.769482e-01
4.290000e+01 0.000000e+00 2.766015e-01 2.766015e-01
4.300000e+01 0.000000e+00 2.762555e-01 2.762555e-01
4.310000e+01 0.000000e+00 2.759102e-01 2.759102e-01
4.320000e+01 0.000000e+00 2.755655e-01 2.755655e-01
4.330000e+01 0.000000e+00 2.752216e-01 2.752216e-01
4.340000e+01 0.000000e+00 2.748784e-01 2.748784e-01
4.350000e+01 0.000000e+00 2.745358e-01 2.745358e-01
4.360000e+01 0.000000e+00 2.741939e-01 2.741939e-01
4.370000e+01 0.000000e+00 2.738528e-01 2.738528e-01
4.380000e+01 0.000000e+00 2.735123e-01 2.735123e-01
4.390000e+01 0.000000e+00 2.731725e-01 2.731725e-01
4.400000e+01 0.000000e+00 2.728333e-01 2.728333e-01
4.410000e+01 0.000000e+00 2.724949e-01 2.724949e-01
4.420000e+01 0.000000e+00 2.721572e-01 2.721572e-01
4.430000e+01 0.000000e+00 2.718201e-01 2.718201e-01
4.440000e+01 0.000000e+00 2.714837e-01 2.714837e-01
4.450000e+01 0.000000e+00 2.711480e-01 2.711480e-01
4.460000e+01 0.000000e+00 2.708130e-01 2.708130e-01
4.470000e+01 0.000000e+00 2.704787e-01 2.704787e-01
4.480000e+01 0.000000e+00 2.701450e-01 2.701450e-01
4.490000e+01 0.000000e+00 2.698121e-01 2.698121e-01
4.500000e+01 0.000000e+00 2.694798e-01 2.694798e-01
4.510000e+01 0.000000e+00 2.691482e-01 2.691482e-01
4.520000e+01 0.000000e+00 2.688173e-01 2.688173e-01
4.530000e+01 0.000000e+00 2.684870e-01 2.684870e-01
4.540000e+01 0.000000e+00 2.681574e-01 2.681574e-01
4.550000e+01 0.000000e+00 2.678285e-01 2.678285e-01
4.560000e+01 0.000000e+00 2.675003e-01 2.675003e-01
4.570000e+01 0.000000e+00 2.671727e-01 2.671727e-01
4.580000e+01 0.000000e+00 2.668458e-01 2.668458e-01
4.590000e+01 0.000000e+00 2.665196e-01 2.665196e-01
4.600000e+01 0.000000e+00 2.661940e-01 2.661940e-01
4.610000e+01 0.000000e+00 2.658692e-01 2.658692e-01
4.620000e+01 0.000000e+00 2.655449e-01 2.655449e-01
4.630000e+01 0.000000e+00 2.652214e-01 2.652214e-01
4.640000e+01 0.000000e+00 2.648985e-01 2.648985e-01
4.650000e+01 0.000000e+00 2.645763e-01 2.645763e-01
4.660000e+01 0.000000e+00 2.642547e-01 2.642547e-01
4.670000e+01 0.000000e+00 2.639338e-01 2.639338e-01
4.680000e+01 0.000000e+00 2.636135e-01 2.636135e-01
4.690000e+01 0.000000e+00 2.632939e-01 2.632939e-01
4.700000e+01 0.000000e+00 2.629750e-01 2.629750e-01
4.710000e+01 0.000000e+00 2.626567e-01 2.626567e-01
4.720000e+01 0.000000e+00 2.623391e-01 2.623391e-01
4.730000e+01 0.000000e+00 2.620221e-01 2.620221e-01
4.740000e+01 0.000000e+00 2.617058e-01 2.617058e-01
4.750000e+01 0.000000e+00 2.613901e-01 2.613901e-01
4.760000e+01 0.000000e+00 2.610751e-01 2.610751e-01
4.770000e+01 0.000000e+00 2.607607e-01 2.607607e-01
4.780000e+01 0.000000e+00 2.604470e-01 2.604470e-01
4.790000e+01 0.000000e+00 2.601339e-01 2.601339e-01
4.800000e+01 0.000000e+00 2.598215e-01 2.598215e-01
4.810000e+01 0.000000e+00 2.595097e-01 2.595097e-01
4.820000e+01 0.000000e+00 2.591985e-01 2.591985e-01
4.830000e+01 0.000000e+00 2.588880e-01 2.588880e-01
4.840000e+01 0.000000e+00 2.585781e-01 2.585781e-01
4.850000e+01 0.000000e+00 2.582689e-01 2.582689e-01
4.860000e+01 0.000000e+00 2.579603e-01 2.579603e-01
4.870000e+01 0.000000e+00 2.576523e-01 2.576523e-01
4.880000e+01 0.000000e+00 2.573450e-01 2.573450e-01
4.890000e+01 0.000000e+00 2.570382e-01 2.570382e-01
4.900000e+01 0.000000e+00 2.567322e-01 2.567322e-01
4.910000e+01 0.000000e+00 2.564267e-01 2.564267e-01
4.920000e+01 0.000000e+00 2.561219e-01 2.561219e-01
4.930000e+01 0.000000e+00 2.558176e-01 2.558176e-01
4.940000e+01 0.000000e+00 2.555141e-01 2.555141e-01
4.950000e+01 0.000000e+00 2.552111e-01 2.552111e-01
4.960000e+01 0.000000e+00 2.549087e-01 2.549087e-01
4.970000e+01 0.000000e+00 2.546070e-01 2.546070e-01
4.980000e+01 0.000000e+00 2.543059e-01 2.543059e-01
4.990000e+01 0.000000e+00 2.540054e-01 2.540054e-01
5.000000e+01 0.000000e+00 2.537055e-01 2.537055e-01
5.010000e+01 0.000000e+00 2.534063e-01 2.534063e-01
5.020000e+01 0.000000e+00 2.531076e-01 2.531076e-01
5.030000e+01 0.000000e+00 2.528096e-01 2.528096e-01
5.040000e+01 0.000000e+00 2.525121e-01 2.525121e-01
5.050000e+01 0.000000e+00 2.522153e-01 2.522153e-01
5.060000e+01 0.000000e+00 2.519191e-01 2.519191e-01
5.070000e+01 0.000000e+00 2.516235e-01 2.516235e-01
5.080000e+01 0.000000e+00 2.513284e-01 2.513284e-01
5.090000e+01 0.000000e+00 2.510340e-01 2.510340e-01
5.100000e+01 0.000000e+00 2.507402e-01 2.507402e-01
5.110000e+01 0.000000e+00 2.504470e-01 2.504470e-01
5.120000e+01 0.000000e+00 2.501543e-01 2.501543e-01
5.130000e+01 0.000000e+00 2.498623e-01 2.498623e-01
5.140000e+01 0.000000e+00 2.495709e-01 2.495709e-01
5.150000e+01 0.000000e+00 2.492800e-01 2.492800e-01
5.160000e+01 0.000000e+00 2.489897e-01 2.489897e-01
5.170000e+01 0.000000e+00 2.487001e-01 2.487001e-01
5.180000e+01 0.000000e+00 2.484110e-01 2.484110e-01
5.190000e+01 0.000000e+00 2.481225e-01 2.481225e-01
5.200000e+01 0.000000e+00 2.478346e-01 2.478346e-01
5.210000e+01 0.000000e+00 2.475472e-01 2.475472e-01
5.220000e+01 0.000000e+00 2.472605e-01 2.472605e-01
5.230000e+01 0.000000e+00 2.469743e-01 2.469743e-01
5.240000e+01 0.000000e+00 2.466887e-01 2.466887e-01
5.250000e+01 0.000000e+00 2.464037e-01 2.464037e-01
5.260000e+01 0.000000e+00 2.461193e-01 2.461193e-01
5.270000e+01 0.000000e+00 2.458354e-01 2.458354e-01
5.280000e+01 0.000000e+00 2.455521e-01 2.455521e-01
5.290000e+01 0.000000e+00 2.452694e-01 2.452694e-01
5.300000e+01 0.000000e+00 2.449872e-01 2.449872e-01
5.310000e+01 0.000000e+00 2.447056e-01 2.447056e-01
5.320000e+01 0.000000e+00 2.444246e-01 2.444246e-01
5.330000e+01 0.000000e+00 2.441441e-01 2.441441e-01
5.340000e+01 0.000000e+00 2.438642e-01 2.438642e-01
5.350000e+01 0.000000e+00 2.435848e-01 2.435848e-01
5.360000e+01 0.000000e+00 2.433060e-01 2.433060e-01
5.370000e+01 0.000000e+00 2.430278e-01 2.430278e-01
5.380000e+01 0.000000e+00 2.427502e-01 2.427502e-01
5.390000e+01 0.000000e+00 2.424730e-01 2.424730e-01
5.400000e+01 0.000000e+00 2.421965e-01 2.421965e-01
5.410000e+01 0.000000e+00 2.419205e-01 2.419205e-01
5.420000e+01 0.000000e+00 2.416450e-01 2.416450e-01
5.430000e+01 0.000000e+00 2.413701e-01 2.413701e-01
5.440000e+01 0.000000e+00 2.410958e-01 2.410958e-01
5.450000e+01 0.000000e+00 2.408220e-01 2.408220e-01
5.460000e+01 0.000000e+00 2.405487e-01 2.405487e-01
5.470000e+01 0.000000e+00 2.402760e-01 2.402760e-01
5.480000e+01 0.000000e+00 2.400038e-01 2.400038e-01
5.490000e+01 0.000000e+00 2.397321e-01 2.397321e-01
5.500000e+01 0.000000e+00 2.394610e-01 2.394610e-01
5.510000e+01 0.000000e+00 2.391905e-01 2.391905e-01
5.520000e+01 0.000000e+00 2.389204e-01 2.389204e-01
5.530000e+01 0.000000e+00 2.386509e-01 2.386509e-01
5.540000e+01 0.000000e+00 2.383819e-01 2.383819e-01
5.550000e+01 0.000000e+00 2.381135e-01 2.381135e-01
5.560000e+01 0.000000e+00 2.378456e-01 2.378456e-01
5.570000e+01 0.000000e+00 2.375782e-01 2.375782e-01
5.580000e+01 0.000000e+00 2.373113e-01 2.373113e-01
5.590000e+01 0.000000e+00 2.370450e-01 2.370450e-01
5.600000e+01 0.000000e+00 2.367792e-01 2.367792e-01
5.610000e+01 0.000000e+00 2.365139e-01 2.365139e-01
5.620000e+01 0.000000e+00 2.362491e-01 2.362491e-01
5.630000e+01 0.000000e+00 2.359849e-01 2.359849e-01
5.640000e+01 0.000000e+00 2.357212e-01 2.357212e-01
5.650000e+01 0.000000e+00 2.354580e-01 2.354580e-01
5.660000e+01 0.000000e+00 2.351953e-01 2.351953e-01
5.670000e+01 0.000000e+00 2.349331e-01 2.349331e-01
5.680000e+01 0.000000e+00 2.346714e-01 2.346714e-01
5.690000e+01 0.000000e+00 2.344102e-01 2.344102e-01
5.700000e+01 0.000000e+00 2.341495e-01 2.341495e-01
5.710000e+01 0.000000e+00 2.338894e-01 2.338894e-01
5.720000e+01 0.000000e+00 2.336298e-01 2.336298e-01
5.730000e+01 0.000000e+00 2.333706e-01 2.333706e-01
5.740000e+01 0.000000e+00 2.331120e-01 2.331120e-01
5.750000e+01 0.000000e+00 2.328539e-01 2.328539e-01
5.760000e+01 0.000000e+00 2.325963e-01 2.325963e-01
5.770000e+01 0.000000e+00 2.323392e-01 2.323392e-01
5.780000e+01 0.000000e+00 2.320826e-01 2.320826e-01
5.790000e+01 0.000000e+00 2.318265e-01 2.318265e-01
5.800000e+01 0.000000e+00 2.315708e-01 2.315708e-01
5.810000e+01 0.000000e+00 2.313157e-01 2.313157e-01
5.820000e+01 0.000000e+00 2.310610e-01 2.310610e-01
5.830000e+01 0.000000e+00 2.308069e-01 2.308069e-01
5.840000e+01 0.000000e+00 2.305532e-01 2.305532e-01
5.850000e+01 0.000000e+00 2.303000e-01 2.303000e-01
5.860000e+01 0.000000e+00 2.300473e-01 2.300473e-01
5.870000e+01 0.000000e+00 2.297951e-01 2.297951e-01
5.880000e+01 0.000000e+00 2.295434e-01 2.295434e-01
5.890000e+01 0.000000e+00 2.292921e-01 2.292921e-01
5.900000e+01 0.000000e+00 2.290414e-01 2.290414e-01
5.910000e+01 0.000000e+00 2.287911e-01 2.287911e-01
5.920000e+01 0.000000e+00 2.285413e-01 2.285413e-01
5.930000e+01 0.000000e+00 2.282920e-01 2.282920e-01
5.940000e+01 0.000000e+00 2.280432e-01 2.280432e-01
5.950000e+01 0.000000e+00 2.277948e-01 2.277948e-01
5.960000e+01 0.000000e+00 2.275469e-01 2.275469e-01
5.970000e+01 0.000000e+00 2.272995e-01 2.272995e-01
5.980000e+01 0.000000e+00 2.270526e-01 2.270526e-01
5.990000e+01 0.000000e+00 2.268061e-01 2.268061e-01
6.000000e+01 0.000000e+00 2.265601e-01 2.265601e-01
6.010000e+01 0.000000e+00 2.263146e-01 2.263146e-01
6.020000e+01 0.000000e+00 2.260695e-01 2.260695e-01
6.030000e+01 0.000000e+00 2.258249e-01 2.258249e-01
6.040000e+01 0.000000e+00 2.255808e-01 2.255808e-01
6.050000e+01 0.000000e+00 2.253371e-01 2.253371e-01
6.060000e+01 0.000000e+00 2.250939e-01 2.250939e-01
6.070000e+01 0.000000e+00 2.248511e-01 2.248511e-01
6.080000e+01 0.000000e+00 2.246088e-01 2.246088e-01
6.090000e+01 0.000000e+00 2.243670e-01 2.243670e-01
6.100000e+01 0.000000e+00 2.241256e-01 2.241256e-01
6.110000e+01 0.000000e+00 2.238847e-01 2.238847e-01
6.120000e+01 0.000000e+00 2.236442e-01 2.236442e-01
6.130000e+01 0.000000e+00 2.234042e-01 2.234042e-01
6.140000e+01 0.000000e+00 2.231646e-01 2.231646e-01
6.150000e+01 0.000000e+00 2.229255e-01 2.229255e-01
6.160000e+01 0.000000e+00 2.226868e-01 2.226868e-01
6.170000e+01 0.000000e+00 2.224486e-01 2.224486e-01
6.180000e+01 0.000000e+00 2.222108e-01 2.222108e-01
6.190000e+01 0.000000e+00 2.219735e-01 2.219735e-01
6.200000e+01 0.000000e+00 2.217366e-01 2.217366e-01
6.210000e+01 0.000000e+00 2.215002e-01 2.215002e-01
6.220000e+01 0.000000e+00 2.212642e-01 2.212642e-01
6.230000e+01 0.000000e+00 2.210286e-01 2.210286e-01
6.240000e+01 0.000000e+00 2.207935e-01 2.207935e-01
6.250000e+01 0.000000e+00 2.205588e-01 2.205588e-01
6.260000e+01 0.000000e+00 2.203245e-01 2.203245e-01
6.270000e+01 0.000000e+00 2.200907e-01 2.200907e-01
6.280000e+01 0.000000e+00 2.198573e-01 2.198573e-01
6.290000e+01 0.000000e+00 2.196244e-01 2.196244e-01
6.300000e+01 0.000000e+00 2.193919e-01 2.193919e-01
6.310000e+01 0.000000e+00 2.191598e-01 2.191598e-01
6.320000e+01 0.000000e+00 2.189281e-01 2.189281e-01
6.330000e+01 0.000000e+00 2.186969e-01 2.186969e-01
6.340000e+01 0.000000e+00 2.184661e-01 2.184661e-01
6.350000e+01 0.000000e+00 2.182358e-01 2.182358e-01
6.360000e+01 0.000000e+00 2.180058e-01 2.180058e-01
6.370000e+01 0.000000e+00 2.177763e-01 2.177763e-01
6.380000e+01 0.000000e+00 2.175472e-01 2.175472e-01
6.390000e+01 0.000000e+00 2.173185e-01 2.173185e-01
6.400000e+01 0.000000e+00 2.170903e-01 2.170903e-01
6.410000e+01 0.000000e+00 2.168624e-01 2.168624e-01
6.420000e+01 0.000000e+00 2.166350e-01 2.166350e-01
6.430000e+01 0.000000e+00 2.164080e-01 2.164080e-01
6.440000e+01 0.000000e+00 2.161814e-01 2.161814e-01
6.450000e+01 0.000000e+00 2.159552e-01 2.159552e-01
6.460000e+01 0.000000e+00 2.157294e-01 2.157294e-01
6.470000e+01 0.000000e+00 2.155041e-01 2.155041e-01
6.480000e+01 0.000000e+00 2.152791e-01 2.152791e-01
6.490000e+01 0.000000e+00 2.150546e-01 2.150546e-01
6.500000e+01 0.000000e+00 2.148305e-01 2.148305e-01
6.510000e+01 0.000000e+00 2.146068e-01 2.146068e-01
6.520000e+01 0.000000e+00 2.143835e-01 2.143835e-01
6.530000e+01 0.000000e+00 2.141606e-01 2.141606e-01
6.540000e+01 0.000000e+00 2.139381e-01 2.139381e-01
6.550000e+01 0.000000e+00 2.137160e-01 2.137160e-01
6.560000e+01 0.000000e+00 2.134943e-01 2.134943e-01
6.570000e+01 0.000000e+00 2.132730e-01 2.132730e-01
6.580000e+01 0.000000e+00 2.130521e-01 2.130521e-01
6.590000e+01 0.000000e+00 2.128316e-01 2.128316e-01
6.600000e+01 0.000000e+00 2.126115e-01 2.126115e-01
6.610000e+01 0.000000e+00 2.123919e-01 2.123919e-01
6.620000e+01 0.000000e+00 2.121726e-01 2.121726e-01
6.630000e+01 0.000000e+00 2.119537e-01 2.119537e-01
6.640000e+01 0.000000e+00 2.117352e-01 2.117352e-01
6.650000e+01 0.000000e+00 2.115171e-01 2.115171e-01
6.660000e+01 0.000000e+00 2.112994e-01 2.112994e-01
6.670000e+01 0.000000e+00 2.110820e-01 2.110820e-01
6.680000e+01 0.000000e+00 2.108650e-01 2.108650e-01
6.690000e+01 0.000000e+00 2.106485e-01 2.106485e-01
6.700000e+01 0.000000e+00 2.104323e-01 2.104323e-01
6.710000e+01 0.000000e+00 2.102165e-01 2.102165e-01
6.720000e+01 0.000000e+00 2.100010e-01 2.100010e-01
6.730000e+01 0.000000e+00 2.097860e-01 2.097860e-01
6.740000e+01 0.000000e+00 2.095713e-01 2.095713e-01
6.750000e+01 0.000000e+00 2.093571e-01 2.093571e-01
6.760000e+01 0.000000e+00 2.091432e-01 2.091432e-01
6.770000e+01 0.000000e+00 2.089297e-01 2.089297e-01
6.780000e+01 0.000000e+00 2.087166e-01 2.087166e-01
6.790000e+01 0.000000e+00 2.085038e-01 2.085038e-01
6.800000e+01 0.000000e+00 2.082914e-01 2.082914e-01
6.810000e+01 0.000000e+00 2.080795e-01 2.080795e-01
6.820000e+01 0.000000e+00 2.078679e-01 2.078679e-01
6.830000e+01 0.000000e+00 2.076566e-01 2.076566e-01
6.840000e+01 0.000000e+00 2.074458e-01 2.074458e-01
6.850000e+01 0.000000e+00 2.072353e-01 2.072353e-01
6.860000e+01 0.000000e+00 2.070252e-01 2.070252e-01
6.870000e+01 0.000000e+00 2.068155e-01 2.068155e-01
6.880000e+01 0.000000e+00 2.066061e-01 2.066061e-01
6.890000e+01 0.000000e+00 2.063971e-01 2.063971e-01
6.900000e+01 0.000000e+00 2.061884e-01 2.061884e-01
6.910000e+01 0.000000e+00 2.059801e-01 2.059801e-01
6.920000e+01 0.000000e+00 2.057722e-01 2.057722e-01
6.930000e+01 0.000000e+00 2.055647e-01 2.055647e-01
6.940000e+01 0.000000e+00 2.053575e-01 2.053575e-01
6.950000e+01 0.000000e+00 2.051508e-01 2.051508e-01
6.960000e+01 0.000000e+00 2.049443e-01 2.049443e-01
6.970000e+01 0.000000e+00 2.047383e-01 2.047383e-01
6.980000e+01 0.000000e+00 2.045325e-01 2.045325e-01
6.990000e+01 0.000000e+00 2.043272e-01 2.043272e-01
7.000000e+01 0.000000e+00 2.041222e-01 2.041222e-01
7.010000e+01 0.000000e+00 2.039175e-01 2.039175e-01
7.020000e+01 0.000000e+00 2.037132e-01 2.037132e-01
7.030000e+01 0.000000e+00 2.035093e-01 2.035093e-01
7.040000e+01 0.000000e+00 2.033057e-01 2.033057e-01
7.050000e+01 0.000000e+00 2.031024e-01 2.031024e-01
7.060000e+01 0.000000e+00 2.028995e-01 2.028995e-01
7.070000e+01 0.000000e+00 2.026970e-01 2.026970e-01
7.080000e+01 0.000000e+00 2.024948e-01 2.024948e-01
7.090000e+01 0.000000e+00 2.022930e-01 2.022930e-01
7.100000e+01 0.000000e+00 2.020915e-01 2.020915e-01
7.110000e+01 0.000000e+00 2.018904e-01 2.018904e-01
7.120000e+01 0.000000e+00 2.016896e-01 2.016896e-01
7.130000e+01 0.000000e+00 2.014892e-01 2.014892e-01
7.140000e+01 0.000000e+00 2.012891e-01 2.012891e-01
7.150000e+01 0.000000e+00 2.010893e-01 2.010893e-01
7.160000e+01 0.000000e+00 2.008899e-01 2.008899e-01
7.170000e+01 0.000000e+00 2.006909e-01 2.006909e-01
7.180000e+01 0.000000e+00 2.004922e-01 2.004922e-01
7.190000e+01 0.000000e+00 2.002938e-01 2.002938e-01
7.200000e+01 0.000000e+00 2.000958e-01 2.000958e-01
7.210000e+01 0.000000e+00 1.998981e-01 1.998981e-01
7.220000e+01 0.000000e+00 1.997007e-01 1.997007e-01
7.230000e+01 0.000000e+00 1.995037e-01 1.995037e-01
7.240000e+01 0.000000e+00 1.993070e-01 1.993070e-01
7.250000e+01 0.000000e+00 1.991106e-01 1.991106e-01
7.260000e+01 0.000000e+00 1.989146e-01 1.989146e-01
7.270000e+01 0.000000e+00 1.987189e-01 1.987189e-01
7.280000e+01 0.000000e+00 1.985236e-01 1.985236e-01
7.290000e+01 0.000000e+00 1.983286e-01 1.983286e-01
7.300000e+01 0.000000e+00 1.981339e-01 1.981339e-01
7.310000e+01 0.000000e+00 1.979395e-01 1.979395e-01
7.320000e+01 0.000000e+00 1.977455e-01 1.977455e-01
7.330000e+01 0.000000e+00 1.975518e-01 1.975518e-01
7.340000e+01 0.000000e+00 1.973584e-01 1.973584e-01
7.350000e+01 0.000000e+00 1.971654e-01 1.971654e-01
7.360000e+01 0.000000e+00 1.969726e-01 1.969726e-01
7.370000e+01 0.000000e+00 1.967802e-01 1.967802e-01
7.380000e+01 0.000000e+00 1.965882e-01 1.965882e-01
7.390000e+01 0.000000e+00 1.963964e-01 1.963964e-01
7.400000e+01 0.000000e+00 1.962050e-01 1.962050e-01
7.410000e+01 0.000000e+00 1.960139e-01 1.960139e-01
7.420000e+01 0.000000e+00 1.958231e-01 1.958231e-01
7.430000e+01 0.000000e+00 1.956326e-01 1.956326e-01
7.440000e+01 0.000000e+00 1.954425e-01 1.954425e-01
7.450000e+01 0.000000e+00 1.952527e-01 1.952527e-01
7.460000e+01 0.000000e+00 1.950631e-01 1.950631e-01
7.470000e+01 0.000000e+00 1.948739e-01 1.948739e-01
7.480000e+01 0.000000e+00 1.946851e-01 1.946851e-01
7.490000e+01 0.000000e+00 1.944965e-01 1.944965e-01
7.500000e+01 0.000000e+00 1.943083e-01 1.943083e-01
7.510000e+01 0.000000e+00 1.941203e-01 1.941203e-01
7.520000e+01 0.000000e+00 1.939327e-01 1.939327e-01
7.530000e+01 0.000000e+00 1.937454e-01 1.937454e-01
7.540000e+01 0.000000e+00 1.935584e-01 1.935584e-01
7.550000e+01 0.000000e+00 1.933717e-01 1.933717e-01
7.560000e+01 0.000000e+00 1.931853e-01 1.931853e-01
7.570000e+01 0.000000e+00 1.929992e-01 1.929992e-01
7.580000e+01 0.000000e+00 1.928135e-01 1.928135e-01
7.590000e+01 0.000000e+00 1.926280e-01 1.926280e-01
7.600000e+01 0.000000e+00 1.924428e-01 1.924428e-01
7.610000e+01 0.000000e+00 1.922580e-01 1.922580e-01
7.620000e+01 0.000000e+00 1.920734e-01 1.920734e-01
7.630000e+01 0.000000e+00 1.918892e-01 1.918892e-01
7.640000e+01 0.000000e+00 1.917053e-01 1.917053e-01
7.650000e+01 0.000000e+00 1.915216e-01 1.915216e-01
7.660000e+01 0.000000e+00 1.913383e-01 1.913383e-01
7.670000e+01 0.000000e+00 1.911553e-01 1.911553e-01
7.680000e+01 0.000000e+00 1.909725e-01 1.909725e-01
7.690000e+01 0.000000e+00 1.907901e-01 1.907901e-01
7.700000e+01 0.000000e+00 1.906080e-01 1.906080e-01
7.710000e+01 0.000000e+00 1.904261e-01 1.904261e-01
7.720000e+01 0.000000e+00 1.902446e-01 1.902446e-01
7.730000e+01 0.000000e+00 1.900634e-01 1.900634e-01
7.740000e+01 0.000000e+00 1.898824e-01 1.898824e-01
7.750000e+01 0.000000e+00 1.897018e-01 1.897018e-01
7.760000e+01 0.000000e+00 1.895214e-01 1.895214e-01
7.770000e+01 0.000000e+00 1.893414e-01 1.893414e-01
7.780000e+01 0.000000e+00 1.891616e-01 1.891616e-01
7.790000e+01 0.000000e+00 1.889821e-01 1.889821e-01
7.800000e+01 0.000000e+00 1.888029e-01 1.888029e-01
7.810000e+01 0.000000e+00 1.886240e-01 1.886240e-01
7.820000e+01 0.000000e+00 1.884454e-01 1.884454e-01
7.830000e+01 0.000000e+00 1.882671e-01 1.882671e-01
7.840000e+01 0.000000e+00 1.880890e-01 1.880890e-01
7.850000e+01 0.000000e+00 1.879113e-01 1.879113e-01
7.860000e+01 0.000000e+00 1.877338e-01 1.877338e-01
7.870000e+01 0.000000e+00 1.875566e-01 1.875566e-01
7.880000e+01 0.000000e+00 1.873797e-01 1.873797e-01
7.890000e+01 0.000000e+00 1.872031e-01 1.872031e-01
7.900000e+01 0.000000e+00 1.870268e-01 1.870268e-01
7.910000e+01 0.000000e+00 1.868508e-01 1.868508e-01
7.920000e+01 0.000000e+00 1.866750e-01 1.866750e-01
7.930000e+01 0.000000e+00 1.864995e-01 1.864995e-01
7.940000e+01 0.000000e+00 1.863244e-01 1.863244e-01
7.950000e+01 0.000000e+00 1.861494e-01 1.861494e-01
7.960000e+01 0.000000e+00 1.859748e-01 1.859748e-01
7.970000e+01 0.000000e+00 1.858005e-01 1.858005e-01
7.980000e+01 0.000000e+00 1.856264e-01 1.856264e-01
7.990000e+01 0.000000e+00 1.854525e-01 1.854525e-01
8.000000e+01 0.000000e+00 1.852790e-01 1.852790e-01
8.010000e+01 0.000000e+00 1.851057e-01 1.851057e-01
8.020000e+01 0.000000e+00 1.849327e-01 1.849327e-01
8.030000e+01 0.000000e+00 1.847600e-01 1.847600e-01
8.040000e+01 0.000000e+00 1.845876e-01 1.845876e-01
8.050000e+01 0.000000e+00 1.844155e-01 1.844155e-01
8.060000e+01 0.000000e+00 1.842436e-01 1.842436e-01
8.070000e+01 0.000000e+00 1.840720e-01 1.840720e-01
8.080000e+01 0.000000e+00 1.839006e-01 1.839006e-01
8.090000e+01 0.000000e+00 1.837296e-01 1.837296e-01
8.100000e+01 0.000000e+00 1.835588e-01 1.835588e-01
8.110000e+01 0.000000e+00 1.833882e-01 1.833882e-01
8.120000e+01 0.000000e+00 1.832180e-01 1.832180e-01
8.130000e+01 0.000000e+00 1.830480e-01 1.830480e-01
8.140000e+01 0.000000e+00 1.828782e-01 1.828782e-01
8.150000e+01 0.000000e+00 1.827087e-01 1.827087e-01
8.160000e+01 0.000000e+00 1.825395e-01 1.825395e-01
8.170000e+01 0.000000e+00 1.823706e-01 1.823706e-01
8.180000e+01 0.000000e+00 1.822019e-01 1.822019e-01
8.190000e+01 0.000000e+00 1.820336e-01 1.820336e-01
8.200000e+01 0.000000e+00 1.818654e-01 1.818654e-01
8.210000e+01 0.000000e+00 1.816976e-01 1.816976e-01
8.220000e+01 0.000000e+00 1.815300e-01 1.815300e-01
8.230000e+01 0.000000e+00 1.813626e-01 1.813626e-01
8.240000e+01 0.000000e+00 1.811955e-01 1.811955e-01
8.250000e+01 0.000000e+00 1.810287e-01 1.810287e-01
8.260000e+01 0.000000e+00 1.808621e-01 1.808621e-01
8.270000e+01 0.000000e+00 1.806958e-01 1.806958e-01
8.280000e+01 0.000000e+00 1.805297e-01 1.805297e-01
8.290000e+01 0.000000e+00 1.803639e-01 1.803639e-01
8.300000e+01 0.000000e+00 1.801983e-01 1.801983e-01
8.310000e+01 0.000000e+00 1.800330e-01 1.800330e-01
8.320000e+01 0.000000e+00 1.798680e-01 1.798680e-01
8.330000e+01 0.000000e+00 1.797032e-01 1.797032e-01
8.340000e+01 0.000000e+00 1.795387e-01 1.795387e-01
8.350000e+01 0.000000e+00 1.793744e-01 1.793744e-01
8.360000e+01 0.000000e+00 1.792104e-01 1.792104e-01
8.370000e+01 0.000000e+00 1.790466e-01 1.790466e-01
8.380000e+01 0.000000e+00 1.788831e-01 1.788831e-01
8.390000e+01 0.000000e+00 1.787198e-01 1.787198e-01
8.400000e+01 0.000000e+00 1.785568e-01 1.785568e-01
8.410000e+01 0.000000e+00 1.783941e-01 1.783941e-01
8.420000e+01 0.000000e+00 1.782316e-01 1.782316e-01
8.430000e+01 0.000000e+00 1.780693e-01 1.780693e-01
8.440000e+01 0.000000e+00 1.779073e-01 1.779073e-01
8.450000e+01 0.000000e+00 1.777455e-01 1.777455e-01
8.460000e+01 0.000000e+00 1.775840e-01 1.775840e-01
8.470000e+01 0.000000e+00 1.774227e-01 1.774227e-01
8.480000e+01 0.000000e+00 1.772617e-01 1.772617e-01
8.490000e+01 0.000000e+00 1.771009e-01 1.771009e-01
8.500000e+01 0.000000e+00 1.769404e-01 1.769404e-01
8.510000e+01 0.000000e+00 1.767801e-01 1.767801e-01
8.520000e+01 0.000000e+00 1.766200e-01 1.766200e-01
8.530000e+01 0.000000e+00 1.764603e-01 1.764603e-01
8.540000e+01 0.000000e+00 1.763007e-01 1.763007e-01
8.550000e+01 0.000000e+00 1.761414e-01 1.761414e-01
8.560000e+01 0.000000e+00 1.759823e-01 1.759823e-01
8.570000e+01 0.000000e+00 1.758235e-01 1.758235e-01
8.580000e+01 0.000000e+00 1.756649e-01 1.756649e-01
8.590000e+01 0.000000e+00 1.755065e-01 1.755065e-01
8.600000e+01 0.000000e+00 1.753484e-01 1.753484e-01
8.610000e+01 0.000000e+00 1.751905e-01 1.751905e-01
8.620000e+01 0.000000e+00 1.750328e-01 1.750328e-01
8.630000e+01 0.000000e+00 1.748754e-01 1.748754e-01
8.640000e+01 0.000000e+00 1.747182e-01 1.747182e-01
8.650000e+01 0.000000e+00 1.745612e-01 1.745612e-01
8.660000e+01 0.000000e+00 1.744045e-01 1.744045e-01
8.670000e+01 0.000000e+00 1.742480e-01 1.742480e-01
8.680000e+01 0.000000e+00 1.740918e-01 1.740918e-01
8.690000e+01 0.000000e+00 1.739358e-01 1.739358e-01
8.700000e+01 0.000000e+00 1.737800e-01 1.737800e-01
8.710000e+01 0.000000e+00 1.736245e-01 1.736245e-01
8.720000e+01 0.000000e+00 1.734692e-01 1.734692e-01
8.730000e+01 0.000000e+00 1.733141e-01 1.733141e-01
8.740000e+01 0.000000e+00 1.731593e-01 1.731593e-01
8.750000e+01 0.000000e+00 1.730047e-01 1.730047e-01
8.760000e+01 0.000000e+00 1.728503e-01 1.728503e-01
8.770000e+01 0.000000e+00 1.726961e-01 1.726961e-01
8.780000e+01 0.000000e+00 1.725422e-01 1.725422e-01
8.790000e+01 0.000000e+00 1.723885e-01 1.723885e-01
8.800000e+01 0.000000e+00 1.722350e-01 1.722350e-01
8.810000e+01 0.000000e+00 1.720818e-01 1.720818e-01
8.820000e+01 0.000000e+00 1.719287e-01 1.719287e-01
8.830000e+01 0.000000e+00 1.717759e-01 1.717759e-01
8.840000e+01 0.000000e+00 1.716234e-01 1.716234e-01
8.850000e+01 0.000000e+00 1.714710e-01 1.714710e-01
8.860000e+01 0.000000e+00 1.713189e-01 1.713189e-01
8.870000e+01 0.000000e+00 1.711670e-01 1.711670e-01
8.880000e+01 0.000000e+00 1.710154e-01 1.710154e-01
8.890000e+01 0.000000e+00 1.708639e-01 1.708639e-01
8.900000e+01 0.000000e+00 1.707127e-01 1.707127e-01
8.910000e+01 0.000000e+00 1.705617e-01 1.705617e-01
8.920000e+01 0.000000e+00 1.704109e-01 1.704109e-01
8.930000e+01 0.000000e+00 1.702604e-01 1.702604e-01
8.940000e+01 0.000000e+00 1.701100e-01 1.701100e-01
8.950000e+01 0.000000e+00 1.699599e-01 1.699599e-01
8.960000e+01 0.000000e+00 1.698100e-01 1.698100e-01
8.970000e+01 0.000000e+00 1.696603e-01 1.696603e-01
8.980000e+01 0.000000e+00 1.695108e-01 1.695108e-01
8.990000e+01 0.000000e+00 1.693616e-01 1.693616e-01
9.000000e+01 0.000000e+00 1.692126e-01 1.692126e-01
9.010000e+01 0.000000e+00 1.690638e-01 1.690638e-01
9.020000e+01 0.000000e+00 1.689152e-01 1.689152e-01
9.030000e+01 0.000000e+00 1.687668e-01 1.687668e-01
9.040000e+01 0.000000e+00 1.686187e-01 1.686187e-01
9.050000e+01 0.000000e+00 1.684707e-01 1.684707e-01
9.060000e+01 0.000000e+00 1.683230e-01 1.683230e-01
9.070000e+01 0.000000e+00 1.681755e-01 1.681755e-01
9.080000e+01 0.000000e+00 1.680282e-01 1.680282e-01
9.090000e+01 0.000000e+00 1.678811e-01 1.678811e-01
9.100000e+01 0.000000e+00 1.677342e-01 1.677342e-01
9.110000e+01 0.000000e+00 1.675875e-01 1.675875e-01
9.120000e+01 0.000000e+00 1.674411e-01 1.674411e-01
9.130000e+01 0.000000e+00 1.672949e-01 1.672949e-01
9.140000e+01 0.000000e+00 1.671488e-01 1.671488e-01
9.150000e+01 0.000000e+00 1.670030e-01 1.670030e-01
9.160000e+01 0.000000e+00 1.668574e-01 1.668574e-01
9.170000e+01 0.000000e+00 1.667120e-01 1.667120e-01
9.180000e+01 0.000000e+00 1.665668e-01 1.665668e-01
9.190000e+01 0.000000e+00 1.664219e-01 1.664219e-01
9.200000e+01 0.000000e+00 1.662771e-01 1.662771e-01
9.210000e+01 0.000000e+00 1.661325e-01 1.661325e-01
9.220000e+01 0.000000e+00 1.659882e-01 1.659882e-01
9.230000e+01 0.000000e+00 1.658440e-01 1.658440e-01
9.240000e+01 0.000000e+00 1.657001e-01 1.657001e-01
9.250000e+01 0.000000e+00 1.655563e-01 1.655563e-01
9.260000e+01 0.000000e+00 1.654128e-01 1.654128e-01
9.270000e+01 0.000000e+00 1.652695e-01 1.652695e-01
9.280000e+01 0.000000e+00 1.651263e-01 1.651263e-01
9.290000e+01 0.000000e+00 1.649834e-01 1.649834e-01
9.300000e+01 0.000000e+00 1.648406e-01 1.648406e-01
9.310000e+01 0.000000e+00 1.646981e-01 1.646981e-01
9.320000e+01 0.000000e+00 1.645558e-01 1.645558e-01
9.330000e+01 0.000000e+00 1.644136e-01 1.644136e-01
9.340000e+01 0.000000e+00 1.642717e-01 1.642717e-01
9.350000e+01 0.000000e+00 1.641300e-01 1.641300e-01
9.360000e+01 0.000000e+00 1.639884e-01 1.639884e-01
9.370000e+01 0.000000e+00 1.638471e-01 1.638471e-01
9.380000e+01 0.000000e+00 1.637059e-01 1.637059e-01
9.390000e+01 0.000000e+00 1.635650e-01 1.635650e-01
9.400000e+01 0.000000e+00 1.634243e-01 1.634243e-01
9.410000e+01 0.000000e+00 1.632837e-01 1.632837e-01
9.420000e+01 0.000000e+00 1.631434e-01 1.631434e-01
9.430000e+01 0.000000e+00 1.630032e-01 1.630032e-01
9.440000e+01 0.000000e+00 1.628633e-01 1.628633e-01
9.450000e+01 0.000000e+00 1.627235e-01 1.627235e-01
9.460000e+01 0.000000e+00 1.625839e-01 1.625839e-01
9.470000e+01 0.000000e+00 1.624446e-01 1.624446e-01
9.480000e+01 0.000000e+00 1.623054e-01 1.623054e-01
9.490000e+01 0.000000e+00 1.621664e-01 1.621664e-01
9.500000e+01 0.000000e+00 1.620276e-01 1.620276e-01
9.510000e+01 0.000000e+00 1.618890e-01 1.618890e-01
9.520000e+01 0.000000e+00 1.617506e-01 1.617506e-01
9.530000e+01 0.000000e+00 1.616124e-01 1.616124e-01
9.540000e+01 0.000000e+00 1.614743e-01 1.614743e-01
9.550000e+01 0.000000e+00 1.613365e-01 1.613365e-01
9.560000e+01 0.000000e+00 1.611989e-01 1.611989e-01
9.570000e+01 0.000000e+00 1.610615e-01 1.610615e-01
9.580000e+01 0.000000e+00 1.609242e-01 1.609242e-01
9.590000e+01 0.000000e+00 1.607872e-01 1.607872e-01
9.600000e+01 0.000000e+00 1.606503e-01 1.606503e-01
9.610000e+01 0.000000e+00 1.605136e-01 1.605136e-01
9.620000e+01 0.000000e+00 1.603771e-01 1.603771e-01
9.630000e+01 0.000000e+00 1.602408e-01 1.602408e-01
9.640000e+01 0.000000e+00 1.601047e-01 1.601047e-01
9.650000e+01 0.000000e+00 1.599687e-01 1.599687e-01
9.660000e+01 0.000000e+00 1.598330e-01 1.598330e-01
9.670000e+01 0.000000e+00 1.596974e-01 1.596974e-01
9.680000e+01 0.000000e+00 1.595620e-01 1.595620e-01
9.690000e+01 0.000000e+00 1.594268e-01 1.594268e-01
9.700000e+01 0.000000e+00 1.592918e-01 1.592918e-01
9.710000e+01 0.000000e+00 1.591569e-01 1.591569e-01
9.720000e+01 0.000000e+00 1.590223e-01 1.590223e-01
9.730000e+01 0.000000e+00 1.588878e-01 1.588878e-01
9.740000e+01 0.000000e+00 1.587535e-01 1.587535e-01
9.750000e+01 0.000000e+00 1.586194e-01 1.586194e-01
9.760000e+01 0.000000e+00 1.584855e-01 1.584855e-01
9.770000e+01 0.000000e+00 1.583518e-01 1.583518e-01
9.780000e+01 0.000000e+00 1.582182e-01 1.582182e-01
9.790000e+01 0.000000e+00 1.580849e-01 1.580849e-01
9.800000e+01 0.000000e+00 1.579517e-01 1.579517e-01
9.810000e+01 0.000000e+00 1.578187e-01 1.578187e-01
9.820000e+01 0.000000e+00 1.576859e-01 1.576859e-01
9.830000e+01 0.000000e+00 1.575532e-01 1.575532e-01
9.840000e+01 0.000000e+00 1.574208e-01 1.574208e-01
9.850000e+01 0.000000e+00 1.572885e-01 1.572885e-01
9.860000e+01 0.000000e+00 1.571564e-01 1.571564e-01
9.870000e+01 0.000000e+00 1.570245e-01 1.570245e-01
9.880000e+01 0.000000e+00 1.568928e-01 1.568928e-01
9.890000e+01 0.000000e+00 1.567612e-01 1.567612e-01
9.900000e+01 0.000000e+00 1.566298e-01 1.566298e-01
9.910000e+01 0.000000e+00 1.564986e-01 1.564986e-01
9.920000e+01 0.000000e+00 1.563676e-01 1.563676e-01
9.930000e+01 0.000000e+00 1.562368e-01 1.562368e-01
9.940000e+01 0.000000e+00 1.561061e-01 1.561061e-01
9.950000e+01 0.000000e+00 1.559756e-01 1.559756e-01
9.960000e+01 0.000000e+00 1.558453e-01 1.558453e-01
9.970000e+01 0.000000e+00 1.557151e-01 1.557151e-01
9.980000e+01 0.000000e+00 1.555851e-01 1.555851e-01
9.990000e+01 0.000000e+00 1.554553e-01 1.554553e-01
1.000000e+02 0.000000e+00 1.553257e-01 1.553257e-01
