# # chi(t) for Pe = 500, beta = 0.5, bridge_width = 1.0
# # Columns: time, chi, I_T (signed), I_|T| (unsigned)
0.000000e+00 0.000000e+00 3.835511e-01 3.835511e-01
1.000000e-01 1.510000e-05 3.984269e-01 3.984329e-01
2.000000e-01 0.000000e+00 3.998681e-01 3.998681e-01
3.000000e-01 0.000000e+00 4.002028e-01 4.002028e-01
4.000000e-01 0.000000e+00 4.004206e-01 4.004206e-01
5.000000e-01 0.000000e+00 4.004280e-01 4.004280e-01
6.000000e-01 1.100000e-06 4.003835e-01 4.003839e-01
7.000000e-01 8.200000e-06 4.000564e-01 4.000597e-01
8.000000e-01 2.110000e-05 4.002700e-01 4.002784e-01
9.000000e-01 2.440000e-05 4.003025e-01 4.003123e-01
1.000000e+00 1.410000e-05 4.003330e-01 4.003386e-01
1.100000e+00 1.900000e-06 4.003576e-01 4.003583e-01
1.200000e+00 0.000000e+00 4.003726e-01 4.003726e-01
1.300000e+00 0.000000e+00 4.003749e-01 4.003749e-01
1.400000e+00 0.000000e+00 4.003623e-01 4.003623e-01
1.500000e+00 0.000000e+00 4.003334e-01 4.003334e-01
1.600000e+00 0.000000e+00 4.002874e-01 4.002874e-01
1.700000e+00 0.000000e+00 4.002241e-01 4.002241e-01
1.800000e+00 0.000000e+00 4.001438e-01 4.001438e-01
1.900000e+00 0.000000e+00 4.000468e-01 4.000468e-01
2.000000e+00 0.000000e+00 3.999337e-01 3.999337e-01
2.100000e+00 0.000000e+00 3.998053e-01 3.998053e-01
2.200000e+00 0.000000e+00 3.996624e-01 3.996624e-01
2.300000e+00 0.000000e+00 3.995059e-01 3.995059e-01
2.400000e+00 0.000000e+00 3.993365e-01 3.993365e-01
2.500000e+00 0.000000e+00 3.991551e-01 3.991551e-01
2.600000e+00 0.000000e+00 3.989626e-01 3.989626e-01
2.700000e+00 0.000000e+00 3.987597e-01 3.987597e-01
2.800000e+00 0.000000e+00 3.985471e-01 3.985471e-01
2.900000e+00 0.000000e+00 3.983257e-01 3.983257e-01
3.000000e+00 0.000000e+00 3.980962e-01 3.980962e-01
3.100000e+00 0.000000e+00 3.978591e-01 3.978591e-01
3.200000e+00 0.000000e+00 3.976151e-01 3.976151e-01
3.300000e+00 0.000000e+00 3.973647e-01 3.973647e-01
3.400000e+00 0.000000e+00 3.971086e-01 3.971086e-01
3.500000e+00 0.000000e+00 3.968472e-01 3.968472e-01
3.600000e+00 0.000000e+00 3.965810e-01 3.965810e-01
3.700000e+00 0.000000e+00 3.963104e-01 3.963104e-01
3.800000e+00 0.000000e+00 3.960358e-01 3.960358e-01
3.900000e+00 0.000000e+00 3.957577e-01 3.957577e-01
4.000000e+00 0.000000e+00 3.954764e-01 3.954764e-01
4.100000e+00 0.000000e+00 3.951921e-01 3.951921e-01
4.200000e+00 0.000000e+00 3.949053e-01 3.949053e-01
4.300000e+00 0.000000e+00 3.946162e-01 3.946162e-01
4.400000e+00 0.000000e+00 3.943250e-01 3.943250e-01
4.500000e+00 0.000000e+00 3.940321e-01 3.940321e-01
4.600000e+00 0.000000e+00 3.937376e-01 3.937376e-01
4.700000e+00 0.000000e+00 3.934417e-01 3.934417e-01
4.800000e+00 0.000000e+00 3.931446e-01 3.931446e-01
4.900000e+00 0.000000e+00 3.928466e-01 3.928466e-01
5.000000e+00 0.000000e+00 3.925478e-01 3.925478e-01
5.100000e+00 0.000000e+00 3.922483e-01 3.922483e-01
5.200000e+00 0.000000e+00 3.919482e-01 3.919482e-01
5.300000e+00 0.000000e+00 3.916478e-01 3.916478e-01
5.400000e+00 0.000000e+00 3.913471e-01 3.913471e-01
5.500000e+00 0.000000e+00 3.910463e-01 3.910463e-01
5.600000e+00 0.000000e+00 3.907453e-01 3.907453e-01
5.700000e+00 0.000000e+00 3.904445e-01 3.904445e-01
5.800000e+00 0.000000e+00 3.901437e-01 3.901437e-01
5.900000e+00 0.000000e+00 3.898431e-01 3.898431e-01
6.000000e+00 0.000000e+00 3.895429e-01 3.895429e-01
6.100000e+00 0.000000e+00 3.892429e-01 3.892429e-01
6.200000e+00 0.000000e+00 3.889434e-01 3.889434e-01
6.300000e+00 0.000000e+00 3.886443e-01 3.886443e-01
6.400000e+00 0.000000e+00 3.883457e-01 3.883457e-01
6.500000e+00 0.000000e+00 3.880477e-01 3.880477e-01
6.600000e+00 0.000000e+00 3.877503e-01 3.877503e-01
6.700000e+00 0.000000e+00 3.874536e-01 3.874536e-01
6.800000e+00 0.000000e+00 3.871575e-01 3.871575e-01
6.900000e+00 0.000000e+00 3.868621e-01 3.868621e-01
7.000000e+00 0.000000e+00 3.865675e-01 3.865675e-01
7.100000e+00 0.000000e+00 3.862736e-01 3.862736e-01
7.200000e+00 0.000000e+00 3.859805e-01 3.859805e-01
7.300000e+00 0.000000e+00 3.856883e-01 3.856883e-01
7.400000e+00 0.000000e+00 3.853969e-01 3.853969e-01
7.500000e+00 0.000000e+00 3.851063e-01 3.851063e-01
7.600000e+00 0.000000e+00 3.848166e-01 3.848166e-01
7.700000e+00 0.000000e+00 3.845277e-01 3.845277e-01
7.800000e+00 0.000000e+00 3.842398e-01 3.842398e-01
7.900000e+00 0.000000e+00 3.839528e-01 3.839528e-01
8.000000e+00 0.000000e+00 3.836666e-01 3.836666e-01
8.100000e+00 0.000000e+00 3.833814e-01 3.833814e-01
8.200000e+00 0.000000e+00 3.830972e-01 3.830972e-01
8.300000e+00 0.000000e+00 3.828138e-01 3.828138e-01
8.400000e+00 0.000000e+00 3.825314e-01 3.825314e-01
8.500000e+00 0.000000e+00 3.822499e-01 3.822499e-01
8.600000e+00 0.000000e+00 3.819694e-01 3.819694e-01
8.700000e+00 0.000000e+00 3.816897e-01 3.816897e-01
8.800000e+00 0.000000e+00 3.814111e-01 3.814111e-01
8.900000e+00 0.000000e+00 3.811334e-01 3.811334e-01
9.000000e+00 0.000000e+00 3.808566e-01 3.808566e-01
9.100000e+00 0.000000e+00 3.805807e-01 3.805807e-01
9.200000e+00 0.000000e+00 3.803058e-01 3.803058e-01
9.300000e+00 0.000000e+00 3.800318e-01 3.800318e-01
9.400000e+00 0.000000e+00 3.797588e-01 3.797588e-01
9.500000e+00 0.000000e+00 3.794867e-01 3.794867e-01
9.600000e+00 0.000000e+00 3.792154e-01 3.792154e-01
9.700000e+00 0.000000e+00 3.789451e-01 3.789451e-01
9.800000e+00 0.000000e+00 3.786757e-01 3.786757e-01
9.900000e+00 0.000000e+00 3.784072e-01 3.784072e-01
1.000000e+01 0.000000e+00 3.781396e-01 3.781396e-01
1.010000e+01 0.000000e+00 3.778728e-01 3.778728e-01
1.020000e+01 0.000000e+00 3.776070e-01 3.776070e-01
1.030000e+01 0.000000e+00 3.773420e-01 3.773420e-01
1.040000e+01 0.000000e+00 3.770778e-01 3.770778e-01
1.050000e+01 0.000000e+00 3.768145e-01 3.768145e-01
1.060000e+01 0.000000e+00 3.765520e-01 3.765520e-01
1.070000e+01 0.000000e+00 3.762903e-01 3.762903e-01
1.080000e+01 0.000000e+00 3.760294e-01 3.760294e-01
1.090000e+01 0.000000e+00 3.757694e-01 3.757694e-01
1.100000e+01 0.000000e+00 3.755101e-01 3.755101e-01
1.110000e+01 0.000000e+00 3.752515e-01 3.752515e-01
1.120000e+01 0.000000e+00 3.749938e-01 3.749938e-01
1.130000e+01 0.000000e+00 3.747367e-01 3.747367e-01
1.140000e+01 0.000000e+00 3.744804e-01 3.744804e-01
1.150000e+01 0.000000e+00 3.742248e-01 3.742248e-01
1.160000e+01 0.000000e+00 3.739699e-01 3.739699e-01
1.170000e+01 0.000000e+00 3.737156e-01 3.737156e-01
1.180000e+01 0.000000e+00 3.734620e-01 3.734620e-01
1.190000e+01 0.000000e+00 3.732090e-01 3.732090e-01
1.200000e+01 0.000000e+00 3.729567e-01 3.729567e-01
1.210000e+01 0.000000e+00 3.727049e-01 3.727049e-01
1.220000e+01 0.000000e+00 3.724537e-01 3.724537e-01
1.230000e+01 0.000000e+00 3.722031e-01 3.722031e-01
1.240000e+01 0.000000e+00 3.719530e-01 3.719530e-01
1.250000e+01 0.000000e+00 3.717034e-01 3.717034e-01
1.260000e+01 0.000000e+00 3.714543e-01 3.714543e-01
1.270000e+01 0.000000e+00 3.712057e-01 3.712057e-01
1.280000e+01 0.000000e+00 3.709575e-01 3.709575e-01
1.290000e+01 0.000000e+00 3.707097e-01 3.707097e-01
1.300000e+01 0.000000e+00 3.704623e-01 3.704623e-01
1.310000e+01 0.000000e+00 3.702152e-01 3.702152e-01
1.320000e+01 0.000000e+00 3.699685e-01 3.699685e-01
1.330000e+01 0.000000e+00 3.697221e-01 3.697221e-01
1.340000e+01 0.000000e+00 3.694760e-01 3.694760e-01
1.350000e+01 0.000000e+00 3.692301e-01 3.692301e-01
1.360000e+01 0.000000e+00 3.689845e-01 3.689845e-01
1.370000e+01 0.000000e+00 3.687390e-01 3.687390e-01
1.380000e+01 0.000000e+00 3.684937e-01 3.684937e-01
1.390000e+01 0.000000e+00 3.682485e-01 3.682485e-01
1.400000e+01 0.000000e+00 3.680034e-01 3.680034e-01
1.410000e+01 0.000000e+00 3.677584e-01 3.677584e-01
1.420000e+01 0.000000e+00 3.675134e-01 3.675134e-01
1.430000e+01 0.000000e+00 3.672684e-01 3.672684e-01
1.440000e+01 0.000000e+00 3.670233e-01 3.670233e-01
1.450000e+01 0.000000e+00 3.667781e-01 3.667781e-01
1.460000e+01 0.000000e+00 3.665329e-01 3.665329e-01
1.470000e+01 0.000000e+00 3.662875e-01 3.662875e-01
1.480000e+01 0.000000e+00 3.660419e-01 3.660419e-01
1.490000e+01 0.000000e+00 3.657960e-01 3.657960e-01
1.500000e+01 0.000000e+00 3.655499e-01 3.655499e-01
1.510000e+01 0.000000e+00 3.653035e-01 3.653035e-01
1.520000e+01 0.000000e+00 3.650568e-01 3.650568e-01
1.530000e+01 0.000000e+00 3.648096e-01 3.648096e-01
1.540000e+01 0.000000e+00 3.645621e-01 3.645621e-01
1.550000e+01 0.000000e+00 3.643140e-01 3.643140e-01
1.560000e+01 0.000000e+00 3.640655e-01 3.640655e-01
1.570000e+01 0.000000e+00 3.638164e-01 3.638164e-01
1.580000e+01 0.000000e+00 3.635668e-01 3.635668e-01
1.590000e+01 0.000000e+00 3.633165e-01 3.633165e-01
1.600000e+01 0.000000e+00 3.630655e-01 3.630655e-01
1.610000e+01 0.000000e+00 3.628139e-01 3.628139e-01
1.620000e+01 0.000000e+00 3.625614e-01 3.625614e-01
1.630000e+01 0.000000e+00 3.623082e-01 3.623082e-01
1.640000e+01 0.000000e+00 3.620542e-01 3.620542e-01
1.650000e+01 0.000000e+00 3.617992e-01 3.617992e-01
1.660000e+01 0.000000e+00 3.615434e-01 3.615434e-01
1.670000e+01 0.000000e+00 3.612866e-01 3.612866e-01
1.680000e+01 0.000000e+00 3.610288e-01 3.610288e-01
1.690000e+01 0.000000e+00 3.607699e-01 3.607699e-01
1.700000e+01 0.000000e+00 3.605099e-01 3.605099e-01
1.710000e+01 0.000000e+00 3.602489e-01 3.602489e-01
1.720000e+01 0.000000e+00 3.599866e-01 3.599866e-01
1.730000e+01 0.000000e+00 3.597232e-01 3.597232e-01
1.740000e+01 0.000000e+00 3.594585e-01 3.594585e-01
1.750000e+01 0.000000e+00 3.591925e-01 3.591925e-01
1.760000e+01 0.000000e+00 3.589252e-01 3.589252e-01
1.770000e+01 0.000000e+00 3.586565e-01 3.586565e-01
1.780000e+01 0.000000e+00 3.583865e-01 3.583865e-01
1.790000e+01 0.000000e+00 3.581150e-01 3.581150e-01
1.800000e+01 0.000000e+00 3.578420e-01 3.578420e-01
1.810000e+01 0.000000e+00 3.575675e-01 3.575675e-01
1.820000e+01 0.000000e+00 3.572915e-01 3.572915e-01
1.830000e+01 0.000000e+00 3.570139e-01 3.570139e-01
1.840000e+01 0.000000e+00 3.567346e-01 3.567346e-01
1.850000e+01 0.000000e+00 3.564538e-01 3.564538e-01
1.860000e+01 0.000000e+00 3.561712e-01 3.561712e-01
1.870000e+01 0.000000e+00 3.558870e-01 3.558870e-01
1.880000e+01 0.000000e+00 3.556010e-01 3.556010e-01
1.890000e+01 0.000000e+00 3.553133e-01 3.553133e-01
1.900000e+01 0.000000e+00 3.550238e-01 3.550238e-01
1.910000e+01 0.000000e+00 3.547324e-01 3.547324e-01
1.920000e+01 0.000000e+00 3.544393e-01 3.544393e-01
1.930000e+01 0.000000e+00 3.541442e-01 3.541442e-01
1.940000e+01 0.000000e+00 3.538473e-01 3.538473e-01
1.950000e+01 0.000000e+00 3.535485e-01 3.535485e-01
1.960000e+01 0.000000e+00 3.532478e-01 3.532478e-01
1.970000e+01 0.000000e+00 3.529451e-01 3.529451e-01
1.980000e+01 0.000000e+00 3.526404e-01 3.526404e-01
1.990000e+01 0.000000e+00 3.523338e-01 3.523338e-01
2.000000e+01 0.000000e+00 3.520252e-01 3.520252e-01
2.010000e+01 0.000000e+00 3.517146e-01 3.517146e-01
2.020000e+01 0.000000e+00 3.514020e-01 3.514020e-01
2.030000e+01 0.000000e+00 3.510873e-01 3.510873e-01
2.040000e+01 0.000000e+00 3.507706e-01 3.507706e-01
2.050000e+01 0.000000e+00 3.504519e-01 3.504519e-01
2.060000e+01 0.000000e+00 3.501312e-01 3.501312e-01
2.070000e+01 0.000000e+00 3.498083e-01 3.498083e-01
2.080000e+01 0.000000e+00 3.494835e-01 3.494835e-01
2.090000e+01 0.000000e+00 3.491566e-01 3.491566e-01
2.100000e+01 0.000000e+00 3.488276e-01 3.488276e-01
2.110000e+01 0.000000e+00 3.484966e-01 3.484966e-01
2.120000e+01 0.000000e+00 3.481635e-01 3.481635e-01
2.130000e+01 0.000000e+00 3.478284e-01 3.478284e-01
2.140000e+01 0.000000e+00 3.474912e-01 3.474912e-01
2.150000e+01 0.000000e+00 3.471520e-01 3.471520e-01
2.160000e+01 0.000000e+00 3.468107e-01 3.468107e-01
2.170000e+01 0.000000e+00 3.464675e-01 3.464675e-01
2.180000e+01 0.000000e+00 3.461222e-01 3.461222e-01
2.190000e+01 0.000000e+00 3.457750e-01 3.457750e-01
2.200000e+01 0.000000e+00 3.454257e-01 3.454257e-01
2.210000e+01 0.000000e+00 3.450745e-01 3.450745e-01
2.220000e+01 0.000000e+00 3.447213e-01 3.447213e-01
2.230000e+01 0.000000e+00 3.443662e-01 3.443662e-01
2.240000e+01 0.000000e+00 3.440092e-01 3.440092e-01
2.250000e+01 0.000000e+00 3.436502e-01 3.436502e-01
2.260000e+01 0.000000e+00 3.432894e-01 3.432894e-01
2.270000e+01 0.000000e+00 3.429267e-01 3.429267e-01
2.280000e+01 0.000000e+00 3.425621e-01 3.425621e-01
2.290000e+01 0.000000e+00 3.421957e-01 3.421957e-01
2.300000e+01 0.000000e+00 3.418276e-01 3.418276e-01
2.310000e+01 0.000000e+00 3.414576e-01 3.414576e-01
2.320000e+01 0.000000e+00 3.410859e-01 3.410859e-01
2.330000e+01 0.000000e+00 3.407124e-01 3.407124e-01
2.340000e+01 0.000000e+00 3.403373e-01 3.403373e-01
2.350000e+01 0.000000e+00 3.399605e-01 3.399605e-01
2.360000e+01 0.000000e+00 3.395820e-01 3.395820e-01
2.370000e+01 0.000000e+00 3.392019e-01 3.392019e-01
2.380000e+01 0.000000e+00 3.388202e-01 3.388202e-01
2.390000e+01 0.000000e+00 3.384369e-01 3.384369e-01
2.400000e+01 0.000000e+00 3.380522e-01 3.380522e-01
2.410000e+01 0.000000e+00 3.376658e-01 3.376658e-01
2.420000e+01 0.000000e+00 3.372781e-01 3.372781e-01
2.430000e+01 0.000000e+00 3.368888e-01 3.368888e-01
2.440000e+01 0.000000e+00 3.364982e-01 3.364982e-01
2.450000e+01 0.000000e+00 3.361062e-01 3.361062e-01
2.460000e+01 0.000000e+00 3.357128e-01 3.357128e-01
2.470000e+01 0.000000e+00 3.353181e-01 3.353181e-01
2.480000e+01 0.000000e+00 3.349221e-01 3.349221e-01
2.490000e+01 0.000000e+00 3.345248e-01 3.345248e-01
2.500000e+01 0.000000e+00 3.341263e-01 3.341263e-01
2.510000e+01 0.000000e+00 3.337267e-01 3.337267e-01
2.520000e+01 0.000000e+00 3.333258e-01 3.333258e-01
2.530000e+01 0.000000e+00 3.329238e-01 3.329238e-01
2.540000e+01 0.000000e+00 3.325208e-01 3.325208e-01
2.550000e+01 0.000000e+00 3.321166e-01 3.321166e-01
2.560000e+01 0.000000e+00 3.317114e-01 3.317114e-01
2.570000e+01 0.000000e+00 3.313053e-01 3.313053e-01
2.580000e+01 0.000000e+00 3.308981e-01 3.308981e-01
2.590000e+01 0.000000e+00 3.304900e-01 3.304900e-01
2.600000e+01 0.000000e+00 3.300810e-01 3.300810e-01
2.610000e+01 0.000000e+00 3.296711e-01 3.296711e-01
2.620000e+01 0.000000e+00 3.292604e-01 3.292604e-01
2.630000e+01 0.000000e+00 3.288489e-01 3.288489e-01
2.640000e+01 0.000000e+00 3.284365e-01 3.284365e-01
2.650000e+01 0.000000e+00 3.280235e-01 3.280235e-01
2.660000e+01 0.000000e+00 3.276097e-01 3.276097e-01
2.670000e+01 0.000000e+00 3.271952e-01 3.271952e-01
2.680000e+01 0.000000e+00 3.267800e-01 3.267800e-01
2.690000e+01 0.000000e+00 3.263643e-01 3.263643e-01
2.700000e+01 0.000000e+00 3.259479e-01 3.259479e-01
2.710000e+01 0.000000e+00 3.255309e-01 3.255309e-01
2.720000e+01 0.000000e+00 3.251134e-01 3.251134e-01
2.730000e+01 0.000000e+00 3.246954e-01 3.246954e-01
2.740000e+01 0.000000e+00 3.242769e-01 3.242769e-01
2.750000e+01 0.000000e+00 3.238580e-01 3.238580e-01
2.760000e+01 0.000000e+00 3.234386e-01 3.234386e-01
2.770000e+01 0.000000e+00 3.230188e-01 3.230188e-01
2.780000e+01 0.000000e+00 3.225986e-01 3.225986e-01
2.790000e+01 0.000000e+00 3.221781e-01 3.221781e-01
2.800000e+01 0.000000e+00 3.217572e-01 3.217572e-01
2.810000e+01 0.000000e+00 3.213361e-01 3.213361e-01
2.820000e+01 0.000000e+00 3.209147e-01 3.209147e-01
2.830000e+01 0.000000e+00 3.204930e-01 3.204930e-01
2.840000e+01 0.000000e+00 3.200711e-01 3.200711e-01
2.850000e+01 0.000000e+00 3.196490e-01 3.196490e-01
2.860000e+01 0.000000e+00 3.192267e-01 3.192267e-01
2.870000e+01 0.000000e+00 3.188043e-01 3.188043e-01
2.880000e+01 0.000000e+00 3.183818e-01 3.183818e-01
2.890000e+01 0.000000e+00 3.179591e-01 3.179591e-01
2.900000e+01 0.000000e+00 3.175363e-01 3.175363e-01
2.910000e+01 0.000000e+00 3.171135e-01 3.171135e-01
2.920000e+01 0.000000e+00 3.166907e-01 3.166907e-01
2.930000e+01 0.000000e+00 3.162678e-01 3.162678e-01
2.940000e+01 0.000000e+00 3.158450e-01 3.158450e-01
2.950000e+01 0.000000e+00 3.154221e-01 3.154221e-01
2.960000e+01 0.000000e+00 3.149993e-01 3.149993e-01
2.970000e+01 0.000000e+00 3.145766e-01 3.145766e-01
2.980000e+01 0.000000e+00 3.141539e-01 3.141539e-01
2.990000e+01 0.000000e+00 3.137313e-01 3.137313e-01
3.000000e+01 0.000000e+00 3.133089e-01 3.133089e-01
3.010000e+01 0.000000e+00 3.128865e-01 3.128865e-01
3.020000e+01 0.000000e+00 3.124644e-01 3.124644e-01
3.030000e+01 0.000000e+00 3.120424e-01 3.120424e-01
3.040000e+01 0.000000e+00 3.116206e-01 3.116206e-01
3.050000e+01 0.000000e+00 3.111990e-01 3.111990e-01
3.060000e+01 0.000000e+00 3.107776e-01 3.107776e-01
3.070000e+01 0.000000e+00 3.103565e-01 3.103565e-01
3.080000e+01 0.000000e+00 3.099356e-01 3.099356e-01
3.090000e+01 0.000000e+00 3.095150e-01 3.095150e-01
3.100000e+01 0.000000e+00 3.090946e-01 3.090946e-01
3.110000e+01 0.000000e+00 3.086746e-01 3.086746e-01
3.120000e+01 0.000000e+00 3.082548e-01 3.082548e-01
3.130000e+01 0.000000e+00 3.078354e-01 3.078354e-01
3.140000e+01 0.000000e+00 3.074164e-01 3.074164e-01
3.150000e+01 0.000000e+00 3.069977e-01 3.069977e-01
3.160000e+01 0.000000e+00 3.065793e-01 3.065793e-01
3.170000e+01 0.000000e+00 3.061614e-01 3.061614e-01
3.180000e+01 0.000000e+00 3.057438e-01 3.057438e-01
3.190000e+01 0.000000e+00 3.053266e-01 3.053266e-01
3.200000e+01 0.000000e+00 3.049099e-01 3.049099e-01
3.210000e+01 0.000000e+00 3.044935e-01 3.044935e-01
3.220000e+01 0.000000e+00 3.040776e-01 3.040776e-01
3.230000e+01 0.000000e+00 3.036622e-01 3.036622e-01
3.240000e+01 0.000000e+00 3.032472e-01 3.032472e-01
3.250000e+01 0.000000e+00 3.028327e-01 3.028327e-01
3.260000e+01 0.000000e+00 3.024186e-01 3.024186e-01
3.270000e+01 0.000000e+00 3.020050e-01 3.020050e-01
3.280000e+01 0.000000e+00 3.015920e-01 3.015920e-01
3.290000e+01 0.000000e+00 3.011794e-01 3.011794e-01
3.300000e+01 0.000000e+00 3.007674e-01 3.007674e-01
3.310000e+01 0.000000e+00 3.003559e-01 3.003559e-01
3.320000e+01 0.000000e+00 2.999449e-01 2.999449e-01
3.330000e+01 0.000000e+00 2.995344e-01 2.995344e-01
3.340000e+01 0.000000e+00 2.991246e-01 2.991246e-01
3.350000e+01 0.000000e+00 2.987152e-01 2.987152e-01
3.360000e+01 0.000000e+00 2.983064e-01 2.983064e-01
3.370000e+01 0.000000e+00 2.978982e-01 2.978982e-01
3.380000e+01 0.000000e+00 2.974906e-01 2.974906e-01
3.390000e+01 0.000000e+00 2.970836e-01 2.970836e-01
3.400000e+01 0.000000e+00 2.966772e-01 2.966772e-01
3.410000e+01 0.000000e+00 2.962713e-01 2.962713e-01
3.420000e+01 0.000000e+00 2.958661e-01 2.958661e-01
3.430000e+01 0.000000e+00 2.954615e-01 2.954615e-01
3.440000e+01 0.000000e+00 2.950575e-01 2.950575e-01
3.450000e+01 0.000000e+00 2.946541e-01 2.946541e-01
3.460000e+01 0.000000e+00 2.942513e-01 2.942513e-01
3.470000e+01 0.000000e+00 2.938492e-01 2.938492e-01
3.480000e+01 0.000000e+00 2.934478e-01 2.934478e-01
3.490000e+01 0.000000e+00 2.930469e-01 2.930469e-01
3.500000e+01 0.000000e+00 2.926467e-01 2.926467e-01
3.510000e+01 0.000000e+00 2.922472e-01 2.922472e-01
3.520000e+01 0.000000e+00 2.918484e-01 2.918484e-01
3.530000e+01 0.000000e+00 2.914501e-01 2.914501e-01
3.540000e+01 0.000000e+00 2.910526e-01 2.910526e-01
3.550000e+01 0.000000e+00 2.906557e-01 2.906557e-01
3.560000e+01 0.000000e+00 2.902596e-01 2.902596e-01
3.570000e+01 0.000000e+00 2.898641e-01 2.898641e-01
3.580000e+01 0.000000e+00 2.894692e-01 2.894692e-01
3.590000e+01 0.000000e+00 2.890751e-01 2.890751e-01
3.600000e+01 0.000000e+00 2.886817e-01 2.886817e-01
3.610000e+01 0.000000e+00 2.882889e-01 2.882889e-01
3.620000e+01 0.000000e+00 2.878969e-01 2.878969e-01
3.630000e+01 0.000000e+00 2.875056e-01 2.875056e-01
3.640000e+01 0.000000e+00 2.871149e-01 2.871149e-01
3.650000e+01 0.000000e+00 2.867250e-01 2.867250e-01
3.660000e+01 0.000000e+00 2.863358e-01 2.863358e-01
3.670000e+01 0.000000e+00 2.859473e-01 2.859473e-01
3.680000e+01 0.000000e+00 2.855595e-01 2.855595e-01
3.690000e+01 0.000000e+00 2.851724e-01 2.851724e-01
3.700000e+01 0.000000e+00 2.847860e-01 2.847860e-01
3.710000e+01 0.000000e+00 2.844004e-01 2.844004e-01
3.720000e+01 0.000000e+00 2.840155e-01 2.840155e-01
3.730000e+01 0.000000e+00 2.836313e-01 2.836313e-01
3.740000e+01 0.000000e+00 2.832478e-01 2.832478e-01
3.750000e+01 0.000000e+00 2.828650e-01 2.828650e-01
3.760000e+01 0.000000e+00 2.824830e-01 2.824830e-01
3.770000e+01 0.000000e+00 2.821017e-01 2.821017e-01
3.780000e+01 0.000000e+00 2.817212e-01 2.817212e-01
3.790000e+01 0.000000e+00 2.813414e-01 2.813414e-01
3.800000e+01 0.000000e+00 2.809623e-01 2.809623e-01
3.810000e+01 0.000000e+00 2.805839e-01 2.805839e-01
3.820000e+01 0.000000e+00 2.802063e-01 2.802063e-01
3.830000e+01 0.000000e+00 2.798294e-01 2.798294e-01
3.840000e+01 0.000000e+00 2.794533e-01 2.794533e-01
3.850000e+01 0.000000e+00 2.790779e-01 2.790779e-01
3.860000e+01 0.000000e+00 2.787032e-01 2.787032e-01
3.870000e+01 0.000000e+00 2.783293e-01 2.783293e-01
3.880000e+01 0.000000e+00 2.779561e-01 2.779561e-01
3.890000e+01 0.000000e+00 2.775837e-01 2.775837e-01
3.900000e+01 0.000000e+00 2.772120e-01 2.772120e-01
3.910000e+01 0.000000e+00 2.768411e-01 2.768411e-01
3.920000e+01 0.000000e+00 2.764709e-01 2.764709e-01
3.930000e+01 0.000000e+00 2.761014e-01 2.761014e-01
3.940000e+01 0.000000e+00 2.757327e-01 2.757327e-01
3.950000e+01 0.000000e+00 2.753647e-01 2.753647e-01
3.960000e+01 0.000000e+00 2.749975e-01 2.749975e-01
3.970000e+01 0.000000e+00 2.746310e-01 2.746310e-01
3.980000e+01 0.000000e+00 2.742653e-01 2.742653e-01
3.990000e+01 0.000000e+00 2.739003e-01 2.739003e-01
4.000000e+01 0.000000e+00 2.735361e-01 2.735361e-01
4.010000e+01 0.000000e+00 2.731726e-01 2.731726e-01
4.020000e+01 0.000000e+00 2.728098e-01 2.728098e-01
4.030000e+01 0.000000e+00 2.724478e-01 2.724478e-01
4.040000e+01 0.000000e+00 2.720865e-01 2.720865e-01
4.050000e+01 0.000000e+00 2.717260e-01 2.717260e-01
4.060000e+01 0.000000e+00 2.713662e-01 2.713662e-01
4.070000e+01 0.000000e+00 2.710072e-01 2.710072e-01
4.080000e+01 0.000000e+00 2.706489e-01 2.706489e-01
4.090000e+01 0.000000e+00 2.702914e-01 2.702914e-01
4.100000e+01 0.000000e+00 2.699346e-01 2.699346e-01
4.110000e+01 0.000000e+00 2.695785e-01 2.695785e-01
4.120000e+01 0.000000e+00 2.692232e-01 2.692232e-01
4.130000e+01 0.000000e+00 2.688686e-01 2.688686e-01
4.140000e+01 0.000000e+00 2.685148e-01 2.685148e-01
4.150000e+01 0.000000e+00 2.681617e-01 2.681617e-01
4.160000e+01 0.000000e+00 2.678093e-01 2.678093e-01
4.170000e+01 0.000000e+00 2.674576e-01 2.674576e-01
4.180000e+01 0.000000e+00 2.671067e-01 2.671067e-01
4.190000e+01 0.000000e+00 2.667566e-01 2.667566e-01
4.200000e+01 0.000000e+00 2.664071e-01 2.664071e-01
4.210000e+01 0.000000e+00 2.660585e-01 2.660585e-01
4.220000e+01 0.000000e+00 2.657105e-01 2.657105e-01
4.230000e+01 0.000000e+00 2.653633e-01 2.653633e-01
4.240000e+01 0.000000e+00 2.650167e-01 2.650167e-01
4.250000e+01 0.000000e+00 2.646710e-01 2.646710e-01
4.260000e+01 0.000000e+00 2.643259e-01 2.643259e-01
4.270000e+01 0.000000e+00 2.639816e-01 2.639816e-01
4.280000e+01 0.000000e+00 2.636380e-01 2.636380e-01
4.290000e+01 0.000000e+00 2.632952e-01 2.632952e-01
4.300000e+01 0.000000e+00 2.629530e-01 2.629530e-01
4.310000e+01 0.000000e+00 2.626116e-01 2.626116e-01
4.320000e+01 0.000000e+00 2.622709e-01 2.622709e-01
4.330000e+01 0.000000e+00 2.619309e-01 2.619309e-01
4.340000e+01 0.000000e+00 2.615917e-01 2.615917e-01
4.350000e+01 0.000000e+00 2.612531e-01 2.612531e-01
4.360000e+01 0.000000e+00 2.609153e-01 2.609153e-01
4.370000e+01 0.000000e+00 2.605782e-01 2.605782e-01
4.380000e+01 0.000000e+00 2.602418e-01 2.602418e-01
4.390000e+01 0.000000e+00 2.599061e-01 2.599061e-01
4.400000e+01 0.000000e+00 2.595712e-01 2.595712e-01
4.410000e+01 0.000000e+00 2.592369e-01 2.592369e-01
4.420000e+01 0.000000e+00 2.589034e-01 2.589034e-01
4.430000e+01 0.000000e+00 2.585705e-01 2.585705e-01
4.440000e+01 0.000000e+00 2.582384e-01 2.582384e-01
4.450000e+01 0.000000e+00 2.579070e-01 2.579070e-01
4.460000e+01 0.000000e+00 2.575762e-01 2.575762e-01
4.470000e+01 0.000000e+00 2.572462e-01 2.572462e-01
4.480000e+01 0.000000e+00 2.569169e-01 2.569169e-01
4.490000e+01 0.000000e+00 2.565883e-01 2.565883e-01
4.500000e+01 0.000000e+00 2.562603e-01 2.562603e-01
4.510000e+01 0.000000e+00 2.559331e-01 2.559331e-01
4.520000e+01 0.000000e+00 2.556066e-01 2.556066e-01
4.530000e+01 0.000000e+00 2.552807e-01 2.552807e-01
4.540000e+01 0.000000e+00 2.549556e-01 2.549556e-01
4.550000e+01 0.000000e+00 2.546311e-01 2.546311e-01
4.560000e+01 0.000000e+00 2.543074e-01 2.543074e-01
4.570000e+01 0.000000e+00 2.539843e-01 2.539843e-01
4.580000e+01 0.000000e+00 2.536619e-01 2.536619e-01
4.590000e+01 0.000000e+00 2.533402e-01 2.533402e-01
4.600000e+01 0.000000e+00 2.530192e-01 2.530192e-01
4.610000e+01 0.000000e+00 2.526988e-01 2.526988e-01
4.620000e+01 0.000000e+00 2.523792e-01 2.523792e-01
4.630000e+01 0.000000e+00 2.520602e-01 2.520602e-01
4.640000e+01 0.000000e+00 2.517419e-01 2.517419e-01
4.650000e+01 0.000000e+00 2.514243e-01 2.514243e-01
4.660000e+01 0.000000e+00 2.511073e-01 2.511073e-01
4.670000e+01 0.000000e+00 2.507911e-01 2.507911e-01
4.680000e+01 0.000000e+00 2.504754e-01 2.504754e-01
4.690000e+01 0.000000e+00 2.501605e-01 2.501605e-01
4.700000e+01 0.000000e+00 2.498462e-01 2.498462e-01
4.710000e+01 0.000000e+00 2.495326e-01 2.495326e-01
4.720000e+01 0.000000e+00 2.492197e-01 2.492197e-01
4.730000e+01 0.000000e+00 2.489074e-01 2.489074e-01
4.740000e+01 0.000000e+00 2.485958e-01 2.485958e-01
4.750000e+01 0.000000e+00 2.482848e-01 2.482848e-01
4.760000e+01 0.000000e+00 2.479745e-01 2.479745e-01
4.770000e+01 0.000000e+00 2.476649e-01 2.476649e-01
4.780000e+01 0.000000e+00 2.473559e-01 2.473559e-01
4.790000e+01 0.000000e+00 2.470475e-01 2.470475e-01
4.800000e+01 0.000000e+00 2.467398e-01 2.467398e-01
4.810000e+01 0.000000e+00 2.464328e-01 2.464328e-01
4.820000e+01 0.000000e+00 2.461264e-01 2.461264e-01
4.830000e+01 0.000000e+00 2.458207e-01 2.458207e-01
4.840000e+01 0.000000e+00 2.455156e-01 2.455156e-01
4.850000e+01 0.000000e+00 2.452111e-01 2.452111e-01
4.860000e+01 0.000000e+00 2.449073e-01 2.449073e-01
4.870000e+01 0.000000e+00 2.446041e-01 2.446041e-01
4.880000e+01 0.000000e+00 2.443016e-01 2.443016e-01
4.890000e+01 0.000000e+00 2.439997e-01 2.439997e-01
4.900000e+01 0.000000e+00 2.436985e-01 2.436985e-01
4.910000e+01 0.000000e+00 2.433978e-01 2.433978e-01
4.920000e+01 0.000000e+00 2.430978e-01 2.430978e-01
4.930000e+01 0.000000e+00 2.427985e-01 2.427985e-01
4.940000e+01 0.000000e+00 2.424997e-01 2.424997e-01
4.950000e+01 0.000000e+00 2.422016e-01 2.422016e-01
4.960000e+01 0.000000e+00 2.419041e-01 2.419041e-01
4.970000e+01 0.000000e+00 2.416073e-01 2.416073e-01
4.980000e+01 0.000000e+00 2.413110e-01 2.413110e-01
4.990000e+01 0.000000e+00 2.410154e-01 2.410154e-01
5.000000e+01 0.000000e+00 2.407204e-01 2.407204e-01
5.010000e+01 0.000000e+00 2.404260e-01 2.404260e-01
5.020000e+01 0.000000e+00 2.401323e-01 2.401323e-01
5.030000e+01 0.000000e+00 2.398391e-01 2.398391e-01
5.040000e+01 0.000000e+00 2.395466e-01 2.395466e-01
5.050000e+01 0.000000e+00 2.392546e-01 2.392546e-01
5.060000e+01 0.000000e+00 2.389633e-01 2.389633e-01
5.070000e+01 0.000000e+00 2.386726e-01 2.386726e-01
5.080000e+01 0.000000e+00 2.383825e-01 2.383825e-01
5.090000e+01 0.000000e+00 2.380930e-01 2.380930e-01
5.100000e+01 0.000000e+00 2.378041e-01 2.378041e-01
5.110000e+01 0.000000e+00 2.375158e-01 2.375158e-01
5.120000e+01 0.000000e+00 2.372281e-01 2.372281e-01
5.130000e+01 0.000000e+00 2.369410e-01 2.369410e-01
5.140000e+01 0.000000e+00 2.366545e-01 2.366545e-01
5.150000e+01 0.000000e+00 2.363686e-01 2.363686e-01
5.160000e+01 0.000000e+00 2.360833e-01 2.360833e-01
5.170000e+01 0.000000e+00 2.357986e-01 2.357986e-01
5.180000e+01 0.000000e+00 2.355144e-01 2.355144e-01
5.190000e+01 0.000000e+00 2.352309e-01 2.352309e-01
5.200000e+01 0.000000e+00 2.349479e-01 2.349479e-01
5.210000e+01 0.000000e+00 2.346656e-01 2.346656e-01
5.220000e+01 0.000000e+00 2.343838e-01 2.343838e-01
5.230000e+01 0.000000e+00 2.341026e-01 2.341026e-01
5.240000e+01 0.000000e+00 2.338220e-01 2.338220e-01
5.250000e+01 0.000000e+00 2.335420e-01 2.335420e-01
5.260000e+01 0.000000e+00 2.332625e-01 2.332625e-01
5.270000e+01 0.000000e+00 2.329836e-01 2.329836e-01
5.280000e+01 0.000000e+00 2.327053e-01 2.327053e-01
5.290000e+01 0.000000e+00 2.324276e-01 2.324276e-01
5.300000e+01 0.000000e+00 2.321504e-01 2.321504e-01
5.310000e+01 0.000000e+00 2.318738e-01 2.318738e-01
5.320000e+01 0.000000e+00 2.315977e-01 2.315977e-01
5.330000e+01 0.000000e+00 2.313222e-01 2.313222e-01
5.340000e+01 0.000000e+00 2.310473e-01 2.310473e-01
5.350000e+01 0.000000e+00 2.307730e-01 2.307730e-01
5.360000e+01 0.000000e+00 2.304992e-01 2.304992e-01
5.370000e+01 0.000000e+00 2.302260e-01 2.302260e-01
5.380000e+01 0.000000e+00 2.299533e-01 2.299533e-01
5.390000e+01 0.000000e+00 2.296813e-01 2.296813e-01
5.400000e+01 0.000000e+00 2.294097e-01 2.294097e-01
5.410000e+01 0.000000e+00 2.291387e-01 2.291387e-01
5.420000e+01 0.000000e+00 2.288683e-01 2.288683e-01
5.430000e+01 0.000000e+00 2.285984e-01 2.285984e-01
5.440000e+01 0.000000e+00 2.283290e-01 2.283290e-01
5.450000e+01 0.000000e+00 2.280602e-01 2.280602e-01
5.460000e+01 0.000000e+00 2.277920e-01 2.277920e-01
5.470000e+01 0.000000e+00 2.275242e-01 2.275242e-01
5.480000e+01 0.000000e+00 2.272571e-01 2.272571e-01
5.490000e+01 0.000000e+00 2.269904e-01 2.269904e-01
5.500000e+01 0.000000e+00 2.267244e-01 2.267244e-01
5.510000e+01 0.000000e+00 2.264588e-01 2.264588e-01
5.520000e+01 0.000000e+00 2.261938e-01 2.261938e-01
5.530000e+01 0.000000e+00 2.259293e-01 2.259293e-01
5.540000e+01 0.000000e+00 2.256654e-01 2.256654e-01
5.550000e+01 0.000000e+00 2.254020e-01 2.254020e-01
5.560000e+01 0.000000e+00 2.251391e-01 2.251391e-01
5.570000e+01 0.000000e+00 2.248767e-01 2.248767e-01
5.580000e+01 0.000000e+00 2.246149e-01 2.246149e-01
5.590000e+01 0.000000e+00 2.243536e-01 2.243536e-01
5.600000e+01 0.000000e+00 2.240929e-01 2.240929e-01
5.610000e+01 0.000000e+00 2.238326e-01 2.238326e-01
5.620000e+01 0.000000e+00 2.235729e-01 2.235729e-01
5.630000e+01 0.000000e+00 2.233138e-01 2.233138e-01
5.640000e+01 0.000000e+00 2.230551e-01 2.230551e-01
5.650000e+01 0.000000e+00 2.227969e-01 2.227969e-01
5.660000e+01 0.000000e+00 2.225393e-01 2.225393e-01
5.670000e+01 0.000000e+00 2.222822e-01 2.222822e-01
5.680000e+01 0.000000e+00 2.220256e-01 2.220256e-01
5.690000e+01 0.000000e+00 2.217695e-01 2.217695e-01
5.700000e+01 0.000000e+00 2.215139e-01 2.215139e-01
5.710000e+01 0.000000e+00 2.212588e-01 2.212588e-01
5.720000e+01 0.000000e+00 2.210042e-01 2.210042e-01
5.730000e+01 0.000000e+00 2.207502e-01 2.207502e-01
5.740000e+01 0.000000e+00 2.204967e-01 2.204967e-01
5.750000e+01 0.000000e+00 2.202436e-01 2.202436e-01
5.760000e+01 0.000000e+00 2.199911e-01 2.199911e-01
5.770000e+01 0.000000e+00 2.197391e-01 2.197391e-01
5.780000e+01 0.000000e+00 2.194876e-01 2.194876e-01
5.790000e+01 0.000000e+00 2.192365e-01 2.192365e-01
5.800000e+01 0.000000e+00 2.189860e-01 2.189860e-01
5.810000e+01 0.000000e+00 2.187359e-01 2.187359e-01
5.820000e+01 0.000000e+00 2.184863e-01 2.184863e-01
5.830000e+01 0.000000e+00 2.182373e-01 2.182373e-01
5.840000e+01 0.000000e+00 2.179887e-01 2.179887e-01
5.850000e+01 0.000000e+00 2.177406e-01 2.177406e-01
5.860000e+01 0.000000e+00 2.174930e-01 2.174930e-01
5.870000e+01 0.000000e+00 2.172459e-01 2.172459e-01
5.880000e+01 0.000000e+00 2.169993e-01 2.169993e-01
5.890000e+01 0.000000e+00 2.167532e-01 2.167532e-01
5.900000e+01 0.000000e+00 2.165075e-01 2.165075e-01
5.910000e+01 0.000000e+00 2.162623e-01 2.162623e-01
5.920000e+01 0.000000e+00 2.160176e-01 2.160176e-01
5.930000e+01 0.000000e+00 2.157734e-01 2.157734e-01
5.940000e+01 0.000000e+00 2.155297e-01 2.155297e-01
5.950000e+01 0.000000e+00 2.152864e-01 2.152864e-01
5.960000e+01 0.000000e+00 2.150437e-01 2.150437e-01
5.970000e+01 0.000000e+00 2.148014e-01 2.148014e-01
5.980000e+01 0.000000e+00 2.145595e-01 2.145595e-01
5.990000e+01 0.000000e+00 2.143182e-01 2.143182e-01
6.000000e+01 0.000000e+00 2.140773e-01 2.140773e-01
6.010000e+01 0.000000e+00 2.138369e-01 2.138369e-01
6.020000e+01 0.000000e+00 2.135969e-01 2.135969e-01
6.030000e+01 0.000000e+00 2.133574e-01 2.133574e-01
6.040000e+01 0.000000e+00 2.131184e-01 2.131184e-01
6.050000e+01 0.000000e+00 2.128798e-01 2.128798e-01
6.060000e+01 0.000000e+00 2.126417e-01 2.126417e-01
6.070000e+01 0.000000e+00 2.124041e-01 2.124041e-01
6.080000e+01 0.000000e+00 2.121669e-01 2.121669e-01
6.090000e+01 0.000000e+00 2.119302e-01 2.119302e-01
6.100000e+01 0.000000e+00 2.116940e-01 2.116940e-01
6.110000e+01 0.000000e+00 2.114582e-01 2.114582e-01
6.120000e+01 0.000000e+00 2.112228e-01 2.112228e-01
6.130000e+01 0.000000e+00 2.109879e-01 2.109879e-01
6.140000e+01 0.000000e+00 2.107535e-01 2.107535e-01
6.150000e+01 0.000000e+00 2.105195e-01 2.105195e-01
6.160000e+01 0.000000e+00 2.102860e-01 2.102860e-01
6.170000e+01 0.000000e+00 2.100529e-01 2.100529e-01
6.180000e+01 0.000000e+00 2.098202e-01 2.098202e-01
6.190000e+01 0.000000e+00 2.095880e-01 2.095880e-01
6.200000e+01 0.000000e+00 2.093562e-01 2.093562e-01
6.210000e+01 0.000000e+00 2.091249e-01 2.091249e-01
6.220000e+01 0.000000e+00 2.088940e-01 2.088940e-01
6.230000e+01 0.000000e+00 2.086635e-01 2.086635e-01
6.240000e+01 0.000000e+00 2.084335e-01 2.084335e-01
6.250000e+01 0.000000e+00 2.082040e-01 2.082040e-01
6.260000e+01 0.000000e+00 2.079749e-01 2.079749e-01
6.270000e+01 0.000000e+00 2.077462e-01 2.077462e-01
6.280000e+01 0.000000e+00 2.075180e-01 2.075180e-01
6.290000e+01 0.000000e+00 2.072902e-01 2.072902e-01
6.300000e+01 0.000000e+00 2.070628e-01 2.070628e-01
6.310000e+01 0.000000e+00 2.068359e-01 2.068359e-01
6.320000e+01 0.000000e+00 2.066094e-01 2.066094e-01
6.330000e+01 0.000000e+00 2.063833e-01 2.063833e-01
6.340000e+01 0.000000e+00 2.061577e-01 2.061577e-01
6.350000e+01 0.000000e+00 2.059324e-01 2.059324e-01
6.360000e+01 0.000000e+00 2.057076e-01 2.057076e-01
6.370000e+01 0.000000e+00 2.054832e-01 2.054832e-01
6.380000e+01 0.000000e+00 2.052593e-01 2.052593e-01
6.390000e+01 0.000000e+00 2.050358e-01 2.050358e-01
6.400000e+01 0.000000e+00 2.048127e-01 2.048127e-01
6.410000e+01 0.000000e+00 2.045900e-01 2.045900e-01
6.420000e+01 0.000000e+00 2.043678e-01 2.043678e-01
6.430000e+01 0.000000e+00 2.041460e-01 2.041460e-01
6.440000e+01 0.000000e+00 2.039245e-01 2.039245e-01
6.450000e+01 0.000000e+00 2.037036e-01 2.037036e-01
6.460000e+01 0.000000e+00 2.034830e-01 2.034830e-01
6.470000e+01 0.000000e+00 2.032628e-01 2.032628e-01
6.480000e+01 0.000000e+00 2.030430e-01 2.030430e-01
6.490000e+01 0.000000e+00 2.028236e-01 2.028236e-01
6.500000e+01 0.000000e+00 2.026047e-01 2.026047e-01
6.510000e+01 0.000000e+00 2.023861e-01 2.023861e-01
6.520000e+01 0.000000e+00 2.021679e-01 2.021679e-01
6.530000e+01 0.000000e+00 2.019501e-01 2.019501e-01
6.540000e+01 0.000000e+00 2.017328e-01 2.017328e-01
6.550000e+01 0.000000e+00 2.015158e-01 2.015158e-01
6.560000e+01 0.000000e+00 2.012993e-01 2.012993e-01
6.570000e+01 0.000000e+00 2.010831e-01 2.010831e-01
6.580000e+01 0.000000e+00 2.008674e-01 2.008674e-01
6.590000e+01 0.000000e+00 2.006520e-01 2.006520e-01
6.600000e+01 0.000000e+00 2.004371e-01 2.004371e-01
6.610000e+01 0.000000e+00 2.002225e-01 2.002225e-01
6.620000e+01 0.000000e+00 2.000084e-01 2.000084e-01
6.630000e+01 0.000000e+00 1.997946e-01 1.997946e-01
6.640000e+01 0.000000e+00 1.995813e-01 1.995813e-01
6.650000e+01 0.000000e+00 1.993683e-01 1.993683e-01
6.660000e+01 0.000000e+00 1.991558e-01 1.991558e-01
6.670000e+01 0.000000e+00 1.989436e-01 1.989436e-01
6.680000e+01 0.000000e+00 1.987318e-01 1.987318e-01
6.690000e+01 0.000000e+00 1.985204e-01 1.985204e-01
6.700000e+01 0.000000e+00 1.983093e-01 1.983093e-01
6.710000e+01 0.000000e+00 1.980987e-01 1.980987e-01
6.720000e+01 0.000000e+00 1.978885e-01 1.978885e-01
6.730000e+01 0.000000e+00 1.976786e-01 1.976786e-01
6.740000e+01 0.000000e+00 1.974692e-01 1.974692e-01
6.750000e+01 0.000000e+00 1.972601e-01 1.972601e-01
6.760000e+01 0.000000e+00 1.970514e-01 1.970514e-01
6.770000e+01 0.000000e+00 1.968430e-01 1.968430e-01
6.780000e+01 0.000000e+00 1.966351e-01 1.966351e-01
6.790000e+01 0.000000e+00 1.964276e-01 1.964276e-01
6.800000e+01 0.000000e+00 1.962204e-01 1.962204e-01
6.810000e+01 0.000000e+00 1.960136e-01 1.960136e-01
6.820000e+01 0.000000e+00 1.958071e-01 1.958071e-01
6.830000e+01 0.000000e+00 1.956011e-01 1.956011e-01
6.840000e+01 0.000000e+00 1.953954e-01 1.953954e-01
6.850000e+01 0.000000e+00 1.951900e-01 1.951900e-01
6.860000e+01 0.000000e+00 1.949851e-01 1.949851e-01
6.870000e+01 0.000000e+00 1.947805e-01 1.947805e-01
6.880000e+01 0.000000e+00 1.945763e-01 1.945763e-01
6.890000e+01 0.000000e+00 1.943725e-01 1.943725e-01
6.900000e+01 0.000000e+00 1.941690e-01 1.941690e-01
6.910000e+01 0.000000e+00 1.939659e-01 1.939659e-01
6.920000e+01 0.000000e+00 1.937632e-01 1.937632e-01
6.930000e+01 0.000000e+00 1.935609e-01 1.935609e-01
6.940000e+01 0.000000e+00 1.933589e-01 1.933589e-01
6.950000e+01 0.000000e+00 1.931572e-01 1.931572e-01
6.960000e+01 0.000000e+00 1.929559e-01 1.929559e-01
6.970000e+01 0.000000e+00 1.927550e-01 1.927550e-01
6.980000e+01 0.000000e+00 1.925545e-01 1.925545e-01
6.990000e+01 0.000000e+00 1.923543e-01 1.923543e-01
7.000000e+01 0.000000e+00 1.921544e-01 1.921544e-01
7.010000e+01 0.000000e+00 1.919550e-01 1.919550e-01
7.020000e+01 0.000000e+00 1.917558e-01 1.917558e-01
7.030000e+01 0.000000e+00 1.915571e-01 1.915571e-01
7.040000e+01 0.000000e+00 1.913587e-01 1.913587e-01
7.050000e+01 0.000000e+00 1.911606e-01 1.911606e-01
7.060000e+01 0.000000e+00 1.909629e-01 1.909629e-01
7.070000e+01 0.000000e+00 1.907656e-01 1.907656e-01
7.080000e+01 0.000000e+00 1.905686e-01 1.905686e-01
7.090000e+01 0.000000e+00 1.903719e-01 1.903719e-01
7.100000e+01 0.000000e+00 1.901756e-01 1.901756e-01
7.110000e+01 0.000000e+00 1.899797e-01 1.899797e-01
7.120000e+01 0.000000e+00 1.897841e-01 1.897841e-01
7.130000e+01 0.000000e+00 1.895888e-01 1.895888e-01
7.140000e+01 0.000000e+00 1.893939e-01 1.893939e-01
7.150000e+01 0.000000e+00 1.891993e-01 1.891993e-01
7.160000e+01 0.000000e+00 1.890051e-01 1.890051e-01
7.170000e+01 0.000000e+00 1.888112e-01 1.888112e-01
7.180000e+01 0.000000e+00 1.886177e-01 1.886177e-01
7.190000e+01 0.000000e+00 1.884245e-01 1.884245e-01
7.200000e+01 0.000000e+00 1.882316e-01 1.882316e-01
7.210000e+01 0.000000e+00 1.880391e-01 1.880391e-01
7.220000e+01 0.000000e+00 1.878469e-01 1.878469e-01
7.230000e+01 0.000000e+00 1.876550e-01 1.876550e-01
7.240000e+01 0.000000e+00 1.874634e-01 1.874634e-01
7.250000e+01 0.000000e+00 1.872722e-01 1.872722e-01
7.260000e+01 0.000000e+00 1.870814e-01 1.870814e-01
7.270000e+01 0.000000e+00 1.868909e-01 1.868909e-01
7.280000e+01 0.000000e+00 1.867007e-01 1.867007e-01
7.290000e+01 0.000000e+00 1.865108e-01 1.865108e-01
7.300000e+01 0.000000e+00 1.863213e-01 1.863213e-01
7.310000e+01 0.000000e+00 1.861321e-01 1.861321e-01
7.320000e+01 0.000000e+00 1.859432e-01 1.859432e-01
7.330000e+01 0.000000e+00 1.857547e-01 1.857547e-01
7.340000e+01 0.000000e+00 1.855665e-01 1.855665e-01
7.350000e+01 0.000000e+00 1.853786e-01 1.853786e-01
7.360000e+01 0.000000e+00 1.851910e-01 1.851910e-01
7.370000e+01 0.000000e+00 1.850037e-01 1.850037e-01
7.380000e+01 0.000000e+00 1.848168e-01 1.848168e-01
7.390000e+01 0.000000e+00 1.846302e-01 1.846302e-01
7.400000e+01 0.000000e+00 1.844439e-01 1.844439e-01
7.410000e+01 0.000000e+00 1.842580e-01 1.842580e-01
7.420000e+01 0.000000e+00 1.840723e-01 1.840723e-01
7.430000e+01 0.000000e+00 1.838870e-01 1.838870e-01
7.440000e+01 0.000000e+00 1.837020e-01 1.837020e-01
7.450000e+01 0.000000e+00 1.835174e-01 1.835174e-01
7.460000e+01 0.000000e+00 1.833330e-01 1.833330e-01
7.470000e+01 0.000000e+00 1.831489e-01 1.831489e-01
7.480000e+01 0.000000e+00 1.829652e-01 1.829652e-01
7.490000e+01 0.000000e+00 1.827818e-01 1.827818e-01
7.500000e+01 0.000000e+00 1.825987e-01 1.825987e-01
7.510000e+01 0.000000e+00 1.824159e-01 1.824159e-01
7.520000e+01 0.000000e+00 1.822334e-01 1.822334e-01
7.530000e+01 0.000000e+00 1.820513e-01 1.820513e-01
7.540000e+01 0.000000e+00 1.818694e-01 1.818694e-01
7.550000e+01 0.000000e+00 1.816879e-01 1.816879e-01
7.560000e+01 0.000000e+00 1.815067e-01 1.815067e-01
7.570000e+01 0.000000e+00 1.813257e-01 1.813257e-01
7.580000e+01 0.000000e+00 1.811451e-01 1.811451e-01
7.590000e+01 0.000000e+00 1.809648e-01 1.809648e-01
7.600000e+01 0.000000e+00 1.807848e-01 1.807848e-01
7.610000e+01 0.000000e+00 1.806050e-01 1.806050e-01
7.620000e+01 0.000000e+00 1.804256e-01 1.804256e-01
7.630000e+01 0.000000e+00 1.802465e-01 1.802465e-01
7.640000e+01 0.000000e+00 1.800677e-01 1.800677e-01
7.650000e+01 0.000000e+00 1.798892e-01 1.798892e-01
7.660000e+01 0.000000e+00 1.797110e-01 1.797110e-01
7.670000e+01 0.000000e+00 1.795331e-01 1.795331e-01
7.680000e+01 0.000000e+00 1.793555e-01 1.793555e-01
7.690000e+01 0.000000e+00 1.791782e-01 1.791782e-01
7.700000e+01 0.000000e+00 1.790012e-01 1.790012e-01
7.710000e+01 0.000000e+00 1.788245e-01 1.788245e-01
7.720000e+01 0.000000e+00 1.786481e-01 1.786481e-01
7.730000e+01 0.000000e+00 1.784720e-01 1.784720e-01
7.740000e+01 0.000000e+00 1.782961e-01 1.782961e-01
7.750000e+01 0.000000e+00 1.781206e-01 1.781206e-01
7.760000e+01 0.000000e+00 1.779453e-01 1.779453e-01
7.770000e+01 0.000000e+00 1.777704e-01 1.777704e-01
7.780000e+01 0.000000e+00 1.775957e-01 1.775957e-01
7.790000e+01 0.000000e+00 1.774214e-01 1.774214e-01
7.800000e+01 0.000000e+00 1.772473e-01 1.772473e-01
7.810000e+01 0.000000e+00 1.770735e-01 1.770735e-01
7.820000e+01 0.000000e+00 1.769000e-01 1.769000e-01
7.830000e+01 0.000000e+00 1.767267e-01 1.767267e-01
7.840000e+01 0.000000e+00 1.765538e-01 1.765538e-01
7.850000e+01 0.000000e+00 1.763812e-01 1.763812e-01
7.860000e+01 0.000000e+00 1.762088e-01 1.762088e-01
7.870000e+01 0.000000e+00 1.760367e-01 1.760367e-01
7.880000e+01 0.000000e+00 1.758649e-01 1.758649e-01
7.890000e+01 0.000000e+00 1.756934e-01 1.756934e-01
7.900000e+01 0.000000e+00 1.755222e-01 1.755222e-01
7.910000e+01 0.000000e+00 1.753513e-01 1.753513e-01
7.920000e+01 0.000000e+00 1.751806e-01 1.751806e-01
7.930000e+01 0.000000e+00 1.750102e-01 1.750102e-01
7.940000e+01 0.000000e+00 1.748401e-01 1.748401e-01
7.950000e+01 0.000000e+00 1.746703e-01 1.746703e-01
7.960000e+01 0.000000e+00 1.745008e-01 1.745008e-01
7.970000e+01 0.000000e+00 1.743315e-01 1.743315e-01
7.980000e+01 0.000000e+00 1.741625e-01 1.741625e-01
7.990000e+01 0.000000e+00 1.739938e-01 1.739938e-01
8.000000e+01 0.000000e+00 1.738254e-01 1.738254e-01
8.010000e+01 0.000000e+00 1.736572e-01 1.736572e-01
8.020000e+01 0.000000e+00 1.734893e-01 1.734893e-01
8.030000e+01 0.000000e+00 1.733217e-01 1.733217e-01
8.040000e+01 0.000000e+00 1.731543e-01 1.731543e-01
8.050000e+01 0.000000e+00 1.729873e-01 1.729873e-01
8.060000e+01 0.000000e+00 1.728204e-01 1.728204e-01
8.070000e+01 0.000000e+00 1.726539e-01 1.726539e-01
8.080000e+01 0.000000e+00 1.724876e-01 1.724876e-01
8.090000e+01 0.000000e+00 1.723216e-01 1.723216e-01
8.100000e+01 0.000000e+00 1.721559e-01 1.721559e-01
8.110000e+01 0.000000e+00 1.719904e-01 1.719904e-01
8.120000e+01 0.000000e+00 1.718252e-01 1.718252e-01
8.130000e+01 0.000000e+00 1.716603e-01 1.716603e-01
8.140000e+01 0.000000e+00 1.714956e-01 1.714956e-01
8.150000e+01 0.000000e+00 1.713312e-01 1.713312e-01
8.160000e+01 0.000000e+00 1.711670e-01 1.711670e-01
8.170000e+01 0.000000e+00 1.710032e-01 1.710032e-01
8.180000e+01 0.000000e+00 1.708395e-01 1.708395e-01
8.190000e+01 0.000000e+00 1.706762e-01 1.706762e-01
8.200000e+01 0.000000e+00 1.705131e-01 1.705131e-01
8.210000e+01 0.000000e+00 1.703503e-01 1.703503e-01
8.220000e+01 0.000000e+00 1.701878e-01 1.701878e-01
8.230000e+01 0.000000e+00 1.700255e-01 1.700255e-01
8.240000e+01 0.000000e+00 1.698634e-01 1.698634e-01
8.250000e+01 0.000000e+00 1.697016e-01 1.697016e-01
8.260000e+01 0.000000e+00 1.695401e-01 1.695401e-01
8.270000e+01 0.000000e+00 1.693789e-01 1.693789e-01
8.280000e+01 0.000000e+00 1.692179e-01 1.692179e-01
8.290000e+01 0.000000e+00 1.690571e-01 1.690571e-01
8.300000e+01 0.000000e+00 1.688967e-01 1.688967e-01
8.310000e+01 0.000000e+00 1.687364e-01 1.687364e-01
8.320000e+01 0.000000e+00 1.685765e-01 1.685765e-01
8.330000e+01 0.000000e+00 1.684167e-01 1.684167e-01
8.340000e+01 0.000000e+00 1.682573e-01 1.682573e-01
8.350000e+01 0.000000e+00 1.680981e-01 1.680981e-01
8.360000e+01 0.000000e+00 1.679391e-01 1.679391e-01
8.370000e+01 0.000000e+00 1.677804e-01 1.677804e-01
8.380000e+01 0.000000e+00 1.676219e-01 1.676219e-01
8.390000e+01 0.000000e+00 1.674637e-01 1.674637e-01
8.400000e+01 0.000000e+00 1.673057e-01 1.673057e-01
8.410000e+01 0.000000e+00 1.671480e-01 1.671480e-01
8.420000e+01 0.000000e+00 1.669905e-01 1.669905e-01
8.430000e+01 0.000000e+00 1.668333e-01 1.668333e-01
8.440000e+01 0.000000e+00 1.666763e-01 1.666763e-01
8.450000e+01 0.000000e+00 1.665196e-01 1.665196e-01
8.460000e+01 0.000000e+00 1.663632e-01 1.663632e-01
8.470000e+01 0.000000e+00 1.662070e-01 1.662070e-01
8.480000e+01 0.000000e+00 1.660510e-01 1.660510e-01
8.490000e+01 0.000000e+00 1.658952e-01 1.658952e-01
8.500000e+01 0.000000e+00 1.657397e-01 1.657397e-01
8.510000e+01 0.000000e+00 1.655845e-01 1.655845e-01
8.520000e+01 0.000000e+00 1.654295e-01 1.654295e-01
8.530000e+01 0.000000e+00 1.652747e-01 1.652747e-01
8.540000e+01 0.000000e+00 1.651201e-01 1.651201e-01
8.550000e+01 0.000000e+00 1.649658e-01 1.649658e-01
8.560000e+01 0.000000e+00 1.648117e-01 1.648117e-01
8.570000e+01 0.000000e+00 1.646579e-01 1.646579e-01
8.580000e+01 0.000000e+00 1.645043e-01 1.645043e-01
8.590000e+01 0.000000e+00 1.643510e-01 1.643510e-01
8.600000e+01 0.000000e+00 1.641979e-01 1.641979e-01
8.610000e+01 0.000000e+00 1.640450e-01 1.640450e-01
8.620000e+01 0.000000e+00 1.638924e-01 1.638924e-01
8.630000e+01 0.000000e+00 1.637400e-01 1.637400e-01
8.640000e+01 0.000000e+00 1.635878e-01 1.635878e-01
8.650000e+01 0.000000e+00 1.634359e-01 1.634359e-01
8.660000e+01 0.000000e+00 1.632842e-01 1.632842e-01
8.670000e+01 0.000000e+00 1.631328e-01 1.631328e-01
8.680000e+01 0.000000e+00 1.629815e-01 1.629815e-01
8.690000e+01 0.000000e+00 1.628306e-01 1.628306e-01
8.700000e+01 0.000000e+00 1.626798e-01 1.626798e-01
8.710000e+01 0.000000e+00 1.625293e-01 1.625293e-01
8.720000e+01 0.000000e+00 1.623790e-01 1.623790e-01
8.730000e+01 0.000000e+00 1.622289e-01 1.622289e-01
8.740000e+01 0.000000e+00 1.620791e-01 1.620791e-01
8.750000e+01 0.000000e+00 1.619294e-01 1.619294e-01
8.760000e+01 0.000000e+00 1.617801e-01 1.617801e-01
8.770000e+01 0.000000e+00 1.616309e-01 1.616309e-01
8.780000e+01 0.000000e+00 1.614820e-01 1.614820e-01
8.790000e+01 0.000000e+00 1.613333e-01 1.613333e-01
8.800000e+01 0.000000e+00 1.611848e-01 1.611848e-01
8.810000e+01 0.000000e+00 1.610366e-01 1.610366e-01
8.820000e+01 0.000000e+00 1.608886e-01 1.608886e-01
8.830000e+01 0.000000e+00 1.607408e-01 1.607408e-01
8.840000e+01 0.000000e+00 1.605932e-01 1.605932e-01
8.850000e+01 0.000000e+00 1.604459e-01 1.604459e-01
8.860000e+01 0.000000e+00 1.602988e-01 1.602988e-01
8.870000e+01 0.000000e+00 1.601519e-01 1.601519e-01
8.880000e+01 0.000000e+00 1.600052e-01 1.600052e-01
8.890000e+01 0.000000e+00 1.598587e-01 1.598587e-01
8.900000e+01 0.000000e+00 1.597125e-01 1.597125e-01
8.910000e+01 0.000000e+00 1.595665e-01 1.595665e-01
8.920000e+01 0.000000e+00 1.594207e-01 1.594207e-01
8.930000e+01 0.000000e+00 1.592752e-01 1.592752e-01
8.940000e+01 0.000000e+00 1.591298e-01 1.591298e-01
8.950000e+01 0.000000e+00 1.589847e-01 1.589847e-01
8.960000e+01 0.000000e+00 1.588398e-01 1.588398e-01
8.970000e+01 0.000000e+00 1.586951e-01 1.586951e-01
8.980000e+01 0.000000e+00 1.585506e-01 1.585506e-01
8.990000e+01 0.000000e+00 1.584064e-01 1.584064e-01
9.000000e+01 0.000000e+00 1.582624e-01 1.582624e-01
9.010000e+01 0.000000e+00 1.581185e-01 1.581185e-01
9.020000e+01 0.000000e+00 1.579749e-01 1.579749e-01
9.030000e+01 0.000000e+00 1.578315e-01 1.578315e-01
9.040000e+01 0.000000e+00 1.576884e-01 1.576884e-01
9.050000e+01 0.000000e+00 1.575454e-01 1.575454e-01
9.060000e+01 0.000000e+00 1.574027e-01 1.574027e-01
9.070000e+01 0.000000e+00 1.572601e-01 1.572601e-01
9.080000e+01 0.000000e+00 1.571178e-01 1.571178e-01
9.090000e+01 0.000000e+00 1.569756e-01 1.569756e-01
9.100000e+01 0.000000e+00 1.568337e-01 1.568337e-01
9.110000e+01 0.000000e+00 1.566920e-01 1.566920e-01
9.120000e+01 0.000000e+00 1.565505e-01 1.565505e-01
9.130000e+01 0.000000e+00 1.564092e-01 1.564092e-01
9.140000e+01 0.000000e+00 1.562682e-01 1.562682e-01
9.150000e+01 0.000000e+00 1.561273e-01 1.561273e-01
9.160000e+01 0.000000e+00 1.559866e-01 1.559866e-01
9.170000e+01 0.000000e+00 1.558462e-01 1.558462e-01
9.180000e+01 0.000000e+00 1.557060e-01 1.557060e-01
9.190000e+01 0.000000e+00 1.555659e-01 1.555659e-01
9.200000e+01 0.000000e+00 1.554261e-01 1.554261e-01
9.210000e+01 0.000000e+00 1.552865e-01 1.552865e-01
9.220000e+01 0.000000e+00 1.551471e-01 1.551471e-01
9.230000e+01 0.000000e+00 1.550078e-01 1.550078e-01
9.240000e+01 0.000000e+00 1.548688e-01 1.548688e-01
9.250000e+01 0.000000e+00 1.547300e-01 1.547300e-01
9.260000e+01 0.000000e+00 1.545914e-01 1.545914e-01
9.270000e+01 0.000000e+00 1.544530e-01 1.544530e-01
9.280000e+01 0.000000e+00 1.543148e-01 1.543148e-01
9.290000e+01 0.000000e+00 1.541768e-01 1.541768e-01
9.300000e+01 0.000000e+00 1.540390e-01 1.540390e-01
9.310000e+01 0.000000e+00 1.539013e-01 1.539013e-01
9.320000e+01 0.000000e+00 1.537639e-01 1.537639e-01
9.330000e+01 0.000000e+00 1.536267e-01 1.536267e-01
9.340000e+01 0.000000e+00 1.534897e-01 1.534897e-01
9.350000e+01 0.000000e+00 1.533529e-01 1.533529e-01
9.360000e+01 0.000000e+00 1.532163e-01 1.532163e-01
9.370000e+01 0.000000e+00 1.530799e-01 1.530799e-01
9.380000e+01 0.000000e+00 1.529437e-01 1.529437e-01
9.390000e+01 0.000000e+00 1.528077e-01 1.528077e-01
9.400000e+01 0.000000e+00 1.526719e-01 1.526719e-01
9.410000e+01 0.000000e+00 1.525363e-01 1.525363e-01
9.420000e+01 0.000000e+00 1.524009e-01 1.524009e-01
9.430000e+01 0.000000e+00 1.522657e-01 1.522657e-01
9.440000e+01 0.000000e+00 1.521306e-01 1.521306e-01
9.450000e+01 0.000000e+00 1.519958e-01 1.519958e-01
9.460000e+01 0.000000e+00 1.518611e-01 1.518611e-01
9.470000e+01 0.000000e+00 1.517267e-01 1.517267e-01
9.480000e+01 0.000000e+00 1.515924e-01 1.515924e-01
9.490000e+01 0.000000e+00 1.514583e-01 1.514583e-01
9.500000e+01 0.000000e+00 1.513245e-01 1.513245e-01
9.510000e+01 0.000000e+00 1.511908e-01 1.511908e-01
9.520000e+01 0.000000e+00 1.510573e-01 1.510573e-01
9.530000e+01 0.000000e+00 1.509240e-01 1.509240e-01
9.540000e+01 0.000000e+00 1.507909e-01 1.507909e-01
9.550000e+01 0.000000e+00 1.506579e-01 1.506579e-01
9.560000e+01 0.000000e+00 1.505252e-01 1.505252e-01
9.570000e+01 0.000000e+00 1.503927e-01 1.503927e-01
9.580000e+01 0.000000e+00 1.502604e-01 1.502604e-01
9.590000e+01 0.000000e+00 1.501282e-01 1.501282e-01
9.600000e+01 0.000000e+00 1.499963e-01 1.499963e-01
9.610000e+01 0.000000e+00 1.498645e-01 1.498645e-01
9.620000e+01 0.000000e+00 1.497329e-01 1.497329e-01
9.630000e+01 0.000000e+00 1.496015e-01 1.496015e-01
9.640000e+01 0.000000e+00 1.494703e-01 1.494703e-01
9.650000e+01 0.000000e+00 1.493393e-01 1.493393e-01
9.660000e+01 0.000000e+00 1.492085e-01 1.492085e-01
9.670000e+01 0.000000e+00 1.490778e-01 1.490778e-01
9.680000e+01 0.000000e+00 1.489473e-01 1.489473e-01
9.690000e+01 0.000000e+00 1.488171e-01 1.488171e-01
9.700000e+01 0.000000e+00 1.486870e-01 1.486870e-01
9.710000e+01 0.000000e+00 1.485570e-01 1.485570e-01
9.720000e+01 0.000000e+00 1.484273e-01 1.484273e-01
9.730000e+01 0.000000e+00 1.482978e-01 1.482978e-01
9.740000e+01 0.000000e+00 1.481684e-01 1.481684e-01
9.750000e+01 0.000000e+00 1.480392e-01 1.480392e-01
9.760000e+01 0.000000e+00 1.479102e-01 1.479102e-01
9.770000e+01 0.000000e+00 1.477814e-01 1.477814e-01
9.780000e+01 0.000000e+00 1.476528e-01 1.476528e-01
9.790000e+01 0.000000e+00 1.475243e-01 1.475243e-01
9.800000e+01 0.000000e+00 1.473961e-01 1.473961e-01
9.810000e+01 0.000000e+00 1.472680e-01 1.472680e-01
9.820000e+01 0.000000e+00 1.471401e-01 1.471401e-01
9.830000e+01 0.000000e+00 1.470123e-01 1.470123e-01
9.840000e+01 0.000000e+00 1.468848e-01 1.468848e-01
9.850000e+01 0.000000e+00 1.467574e-01 1.467574e-01
9.860000e+01 0.000000e+00 1.466302e-01 1.466302e-01
9.870000e+01 0.000000e+00 1.465031e-01 1.465031e-01
9.880000e+01 0.000000e+00 1.463763e-01 1.463763e-01
9.890000e+01 0.000000e+00 1.462496e-01 1.462496e-01
9.900000e+01 0.000000e+00 1.461231e-01 1.461231e-01
9.910000e+01 0.000000e+00 1.459968e-01 1.459968e-01
9.920000e+01 0.000000e+00 1.458706e-01 1.458706e-01
9.930000e+01 0.000000e+00 1.457447e-01 1.457447e-01
9.940000e+01 0.000000e+00 1.456188e-01 1.456188e-01
9.950000e+01 0.000000e+00 1.454932e-01 1.454932e-01
9.960000e+01 0.000000e+00 1.453677e-01 1.453677e-01
9.970000e+01 0.000000e+00 1.452424e-01 1.452424e-01
9.980000e+01 0.000000e+00 1.451173e-01 1.451173e-01
9.990000e+01 0.000000e+00 1.449924e-01 1.449924e-01
1.000000e+02 0.000000e+00 1.448676e-01 1.448676e-01
