# # chi(t) for Pe = 25, beta = 0.5, bridge_width = 1.0
# # Columns: time, chi, I_T (signed), I_|T| (unsigned)
0.000000e+00 0.000000e+00 3.835511e-01 3.835511e-01
1.000000e-01 0.000000e+00 3.999642e-01 3.999642e-01
2.000000e-01 0.000000e+00 4.000931e-01 4.000931e-01
3.000000e-01 0.000000e+00 4.001218e-01 4.001218e-01
4.000000e-01 0.000000e+00 4.001356e-01 4.001356e-01
5.000000e-01 0.000000e+00 4.001193e-01 4.001193e-01
6.000000e-01 0.000000e+00 4.000365e-01 4.000365e-01
7.000000e-01 0.000000e+00 3.998292e-01 3.998292e-01
8.000000e-01 0.000000e+00 3.994737e-01 3.994737e-01
9.000000e-01 0.000000e+00 3.989583e-01 3.989583e-01
1.000000e+00 0.000000e+00 3.982857e-01 3.982857e-01
1.100000e+00 0.000000e+00 3.974658e-01 3.974658e-01
1.200000e+00 0.000000e+00 3.965118e-01 3.965118e-01
1.300000e+00 0.000000e+00 3.954365e-01 3.954365e-01
1.400000e+00 0.000000e+00 3.942518e-01 3.942518e-01
1.500000e+00 0.000000e+00 3.929686e-01 3.929686e-01
1.600000e+00 0.000000e+00 3.915969e-01 3.915969e-01
1.700000e+00 0.000000e+00 3.901462e-01 3.901462e-01
1.800000e+00 0.000000e+00 3.886250e-01 3.886250e-01
1.900000e+00 0.000000e+00 3.870417e-01 3.870417e-01
2.000000e+00 0.000000e+00 3.854038e-01 3.854038e-01
2.100000e+00 0.000000e+00 3.837184e-01 3.837184e-01
2.200000e+00 0.000000e+00 3.819921e-01 3.819921e-01
2.300000e+00 0.000000e+00 3.802309e-01 3.802309e-01
2.400000e+00 0.000000e+00 3.784404e-01 3.784404e-01
2.500000e+00 0.000000e+00 3.766255e-01 3.766255e-01
2.600000e+00 0.000000e+00 3.747908e-01 3.747908e-01
2.700000e+00 0.000000e+00 3.729405e-01 3.729405e-01
2.800000e+00 0.000000e+00 3.710783e-01 3.710783e-01
2.900000e+00 0.000000e+00 3.692074e-01 3.692074e-01
3.000000e+00 0.000000e+00 3.673310e-01 3.673310e-01
3.100000e+00 0.000000e+00 3.654518e-01 3.654518e-01
3.200000e+00 0.000000e+00 3.635721e-01 3.635721e-01
3.300000e+00 0.000000e+00 3.616941e-01 3.616941e-01
3.400000e+00 0.000000e+00 3.598198e-01 3.598198e-01
3.500000e+00 0.000000e+00 3.579507e-01 3.579507e-01
3.600000e+00 0.000000e+00 3.560885e-01 3.560885e-01
3.700000e+00 0.000000e+00 3.542345e-01 3.542345e-01
3.800000e+00 0.000000e+00 3.523898e-01 3.523898e-01
3.900000e+00 0.000000e+00 3.505555e-01 3.505555e-01
4.000000e+00 0.000000e+00 3.487324e-01 3.487324e-01
4.100000e+00 0.000000e+00 3.469214e-01 3.469214e-01
4.200000e+00 0.000000e+00 3.451231e-01 3.451231e-01
4.300000e+00 0.000000e+00 3.433382e-01 3.433382e-01
4.400000e+00 0.000000e+00 3.415671e-01 3.415671e-01
4.500000e+00 0.000000e+00 3.398102e-01 3.398102e-01
4.600000e+00 0.000000e+00 3.380679e-01 3.380679e-01
4.700000e+00 0.000000e+00 3.363406e-01 3.363406e-01
4.800000e+00 0.000000e+00 3.346284e-01 3.346284e-01
4.900000e+00 0.000000e+00 3.329315e-01 3.329315e-01
5.000000e+00 0.000000e+00 3.312502e-01 3.312502e-01
5.100000e+00 0.000000e+00 3.295845e-01 3.295845e-01
5.200000e+00 0.000000e+00 3.279344e-01 3.279344e-01
5.300000e+00 0.000000e+00 3.263001e-01 3.263001e-01
5.400000e+00 0.000000e+00 3.246816e-01 3.246816e-01
5.500000e+00 0.000000e+00 3.230788e-01 3.230788e-01
5.600000e+00 0.000000e+00 3.214918e-01 3.214918e-01
5.700000e+00 0.000000e+00 3.199204e-01 3.199204e-01
5.800000e+00 0.000000e+00 3.183646e-01 3.183646e-01
5.900000e+00 0.000000e+00 3.168244e-01 3.168244e-01
6.000000e+00 0.000000e+00 3.152996e-01 3.152996e-01
6.100000e+00 0.000000e+00 3.137902e-01 3.137902e-01
6.200000e+00 0.000000e+00 3.122959e-01 3.122959e-01
6.300000e+00 0.000000e+00 3.108168e-01 3.108168e-01
6.400000e+00 0.000000e+00 3.093526e-01 3.093526e-01
6.500000e+00 0.000000e+00 3.079032e-01 3.079032e-01
6.600000e+00 0.000000e+00 3.064686e-01 3.064686e-01
6.700000e+00 0.000000e+00 3.050484e-01 3.050484e-01
6.800000e+00 0.000000e+00 3.036426e-01 3.036426e-01
6.900000e+00 0.000000e+00 3.022511e-01 3.022511e-01
7.000000e+00 0.000000e+00 3.008735e-01 3.008735e-01
7.100000e+00 0.000000e+00 2.995099e-01 2.995099e-01
7.200000e+00 0.000000e+00 2.981600e-01 2.981600e-01
7.300000e+00 0.000000e+00 2.968237e-01 2.968237e-01
7.400000e+00 0.000000e+00 2.955007e-01 2.955007e-01
7.500000e+00 0.000000e+00 2.941910e-01 2.941910e-01
7.600000e+00 0.000000e+00 2.928943e-01 2.928943e-01
7.700000e+00 0.000000e+00 2.916105e-01 2.916105e-01
7.800000e+00 0.000000e+00 2.903394e-01 2.903394e-01
7.900000e+00 0.000000e+00 2.890809e-01 2.890809e-01
8.000000e+00 0.000000e+00 2.878348e-01 2.878348e-01
8.100000e+00 0.000000e+00 2.866008e-01 2.866008e-01
8.200000e+00 0.000000e+00 2.853790e-01 2.853790e-01
8.300000e+00 0.000000e+00 2.841690e-01 2.841690e-01
8.400000e+00 0.000000e+00 2.829707e-01 2.829707e-01
8.500000e+00 0.000000e+00 2.817840e-01 2.817840e-01
8.600000e+00 0.000000e+00 2.806087e-01 2.806087e-01
8.700000e+00 0.000000e+00 2.794447e-01 2.794447e-01
8.800000e+00 0.000000e+00 2.782918e-01 2.782918e-01
8.900000e+00 0.000000e+00 2.771498e-01 2.771498e-01
9.000000e+00 0.000000e+00 2.760186e-01 2.760186e-01
9.100000e+00 0.000000e+00 2.748980e-01 2.748980e-01
9.200000e+00 0.000000e+00 2.737879e-01 2.737879e-01
9.300000e+00 0.000000e+00 2.726882e-01 2.726882e-01
9.400000e+00 0.000000e+00 2.715987e-01 2.715987e-01
9.500000e+00 0.000000e+00 2.705192e-01 2.705192e-01
9.600000e+00 0.000000e+00 2.694497e-01 2.694497e-01
9.700000e+00 0.000000e+00 2.683899e-01 2.683899e-01
9.800000e+00 0.000000e+00 2.673398e-01 2.673398e-01
9.900000e+00 0.000000e+00 2.662992e-01 2.662992e-01
1.000000e+01 0.000000e+00 2.652680e-01 2.652680e-01
1.010000e+01 0.000000e+00 2.642460e-01 2.642460e-01
1.020000e+01 0.000000e+00 2.632332e-01 2.632332e-01
1.030000e+01 0.000000e+00 2.622293e-01 2.622293e-01
1.040000e+01 0.000000e+00 2.612344e-01 2.612344e-01
1.050000e+01 0.000000e+00 2.602482e-01 2.602482e-01
1.060000e+01 0.000000e+00 2.592706e-01 2.592706e-01
1.070000e+01 0.000000e+00 2.583015e-01 2.583015e-01
1.080000e+01 0.000000e+00 2.573408e-01 2.573408e-01
1.090000e+01 0.000000e+00 2.563884e-01 2.563884e-01
1.100000e+01 0.000000e+00 2.554442e-01 2.554442e-01
1.110000e+01 0.000000e+00 2.545080e-01 2.545080e-01
1.120000e+01 0.000000e+00 2.535798e-01 2.535798e-01
1.130000e+01 0.000000e+00 2.526594e-01 2.526594e-01
1.140000e+01 0.000000e+00 2.517468e-01 2.517468e-01
1.150000e+01 0.000000e+00 2.508418e-01 2.508418e-01
1.160000e+01 0.000000e+00 2.499443e-01 2.499443e-01
1.170000e+01 0.000000e+00 2.490542e-01 2.490542e-01
1.180000e+01 0.000000e+00 2.481715e-01 2.481715e-01
1.190000e+01 0.000000e+00 2.472960e-01 2.472960e-01
1.200000e+01 0.000000e+00 2.464277e-01 2.464277e-01
1.210000e+01 0.000000e+00 2.455664e-01 2.455664e-01
1.220000e+01 0.000000e+00 2.447120e-01 2.447120e-01
1.230000e+01 0.000000e+00 2.438645e-01 2.438645e-01
1.240000e+01 0.000000e+00 2.430238e-01 2.430238e-01
1.250000e+01 0.000000e+00 2.421897e-01 2.421897e-01
1.260000e+01 0.000000e+00 2.413623e-01 2.413623e-01
1.270000e+01 0.000000e+00 2.405414e-01 2.405414e-01
1.280000e+01 0.000000e+00 2.397268e-01 2.397268e-01
1.290000e+01 0.000000e+00 2.389187e-01 2.389187e-01
1.300000e+01 0.000000e+00 2.381168e-01 2.381168e-01
1.310000e+01 0.000000e+00 2.373210e-01 2.373210e-01
1.320000e+01 0.000000e+00 2.365314e-01 2.365314e-01
1.330000e+01 0.000000e+00 2.357478e-01 2.357478e-01
1.340000e+01 0.000000e+00 2.349702e-01 2.349702e-01
1.350000e+01 0.000000e+00 2.341984e-01 2.341984e-01
1.360000e+01 0.000000e+00 2.334324e-01 2.334324e-01
1.370000e+01 0.000000e+00 2.326722e-01 2.326722e-01
1.380000e+01 0.000000e+00 2.319176e-01 2.319176e-01
1.390000e+01 0.000000e+00 2.311685e-01 2.311685e-01
1.400000e+01 0.000000e+00 2.304250e-01 2.304250e-01
1.410000e+01 0.000000e+00 2.296870e-01 2.296870e-01
1.420000e+01 0.000000e+00 2.289543e-01 2.289543e-01
1.430000e+01 0.000000e+00 2.282270e-01 2.282270e-01
1.440000e+01 0.000000e+00 2.275049e-01 2.275049e-01
1.450000e+01 0.000000e+00 2.267880e-01 2.267880e-01
1.460000e+01 0.000000e+00 2.260762e-01 2.260762e-01
1.470000e+01 0.000000e+00 2.253695e-01 2.253695e-01
1.480000e+01 0.000000e+00 2.246677e-01 2.246677e-01
1.490000e+01 0.000000e+00 2.239709e-01 2.239709e-01
1.500000e+01 0.000000e+00 2.232790e-01 2.232790e-01
1.510000e+01 0.000000e+00 2.225920e-01 2.225920e-01
1.520000e+01 0.000000e+00 2.219097e-01 2.219097e-01
1.530000e+01 0.000000e+00 2.212321e-01 2.212321e-01
1.540000e+01 0.000000e+00 2.205591e-01 2.205591e-01
1.550000e+01 0.000000e+00 2.198908e-01 2.198908e-01
1.560000e+01 0.000000e+00 2.192270e-01 2.192270e-01
1.570000e+01 0.000000e+00 2.185677e-01 2.185677e-01
1.580000e+01 0.000000e+00 2.179128e-01 2.179128e-01
1.590000e+01 0.000000e+00 2.172624e-01 2.172624e-01
1.600000e+01 0.000000e+00 2.166162e-01 2.166162e-01
1.610000e+01 0.000000e+00 2.159744e-01 2.159744e-01
1.620000e+01 0.000000e+00 2.153368e-01 2.153368e-01
1.630000e+01 0.000000e+00 2.147034e-01 2.147034e-01
1.640000e+01 0.000000e+00 2.140741e-01 2.140741e-01
1.650000e+01 0.000000e+00 2.134489e-01 2.134489e-01
1.660000e+01 0.000000e+00 2.128278e-01 2.128278e-01
1.670000e+01 0.000000e+00 2.122107e-01 2.122107e-01
1.680000e+01 0.000000e+00 2.115976e-01 2.115976e-01
1.690000e+01 0.000000e+00 2.109883e-01 2.109883e-01
1.700000e+01 0.000000e+00 2.103830e-01 2.103830e-01
1.710000e+01 0.000000e+00 2.097815e-01 2.097815e-01
1.720000e+01 0.000000e+00 2.091838e-01 2.091838e-01
1.730000e+01 0.000000e+00 2.085898e-01 2.085898e-01
1.740000e+01 0.000000e+00 2.079995e-01 2.079995e-01
1.750000e+01 0.000000e+00 2.074129e-01 2.074129e-01
1.760000e+01 0.000000e+00 2.068299e-01 2.068299e-01
1.770000e+01 0.000000e+00 2.062505e-01 2.062505e-01
1.780000e+01 0.000000e+00 2.056747e-01 2.056747e-01
1.790000e+01 0.000000e+00 2.051024e-01 2.051024e-01
1.800000e+01 0.000000e+00 2.045335e-01 2.045335e-01
1.810000e+01 0.000000e+00 2.039681e-01 2.039681e-01
1.820000e+01 0.000000e+00 2.034060e-01 2.034060e-01
1.830000e+01 0.000000e+00 2.028474e-01 2.028474e-01
1.840000e+01 0.000000e+00 2.022921e-01 2.022921e-01
1.850000e+01 0.000000e+00 2.017400e-01 2.017400e-01
1.860000e+01 0.000000e+00 2.011912e-01 2.011912e-01
1.870000e+01 0.000000e+00 2.006457e-01 2.006457e-01
1.880000e+01 0.000000e+00 2.001033e-01 2.001033e-01
1.890000e+01 0.000000e+00 1.995641e-01 1.995641e-01
1.900000e+01 0.000000e+00 1.990280e-01 1.990280e-01
1.910000e+01 0.000000e+00 1.984950e-01 1.984950e-01
1.920000e+01 0.000000e+00 1.979651e-01 1.979651e-01
1.930000e+01 0.000000e+00 1.974382e-01 1.974382e-01
1.940000e+01 0.000000e+00 1.969143e-01 1.969143e-01
1.950000e+01 0.000000e+00 1.963934e-01 1.963934e-01
1.960000e+01 0.000000e+00 1.958754e-01 1.958754e-01
1.970000e+01 0.000000e+00 1.953603e-01 1.953603e-01
1.980000e+01 0.000000e+00 1.948481e-01 1.948481e-01
1.990000e+01 0.000000e+00 1.943387e-01 1.943387e-01
2.000000e+01 0.000000e+00 1.938322e-01 1.938322e-01
2.010000e+01 0.000000e+00 1.933285e-01 1.933285e-01
2.020000e+01 0.000000e+00 1.928275e-01 1.928275e-01
2.030000e+01 0.000000e+00 1.923293e-01 1.923293e-01
2.040000e+01 0.000000e+00 1.918338e-01 1.918338e-01
2.050000e+01 0.000000e+00 1.913410e-01 1.913410e-01
2.060000e+01 0.000000e+00 1.908509e-01 1.908509e-01
2.070000e+01 0.000000e+00 1.903634e-01 1.903634e-01
2.080000e+01 0.000000e+00 1.898785e-01 1.898785e-01
2.090000e+01 0.000000e+00 1.893962e-01 1.893962e-01
2.100000e+01 0.000000e+00 1.889164e-01 1.889164e-01
2.110000e+01 0.000000e+00 1.884392e-01 1.884392e-01
2.120000e+01 0.000000e+00 1.879645e-01 1.879645e-01
2.130000e+01 0.000000e+00 1.874923e-01 1.874923e-01
2.140000e+01 0.000000e+00 1.870226e-01 1.870226e-01
2.150000e+01 0.000000e+00 1.865553e-01 1.865553e-01
2.160000e+01 0.000000e+00 1.860904e-01 1.860904e-01
2.170000e+01 0.000000e+00 1.856280e-01 1.856280e-01
2.180000e+01 0.000000e+00 1.851679e-01 1.851679e-01
2.190000e+01 0.000000e+00 1.847101e-01 1.847101e-01
2.200000e+01 0.000000e+00 1.842547e-01 1.842547e-01
2.210000e+01 0.000000e+00 1.838016e-01 1.838016e-01
2.220000e+01 0.000000e+00 1.833508e-01 1.833508e-01
2.230000e+01 0.000000e+00 1.829023e-01 1.829023e-01
2.240000e+01 0.000000e+00 1.824560e-01 1.824560e-01
2.250000e+01 0.000000e+00 1.820119e-01 1.820119e-01
2.260000e+01 0.000000e+00 1.815700e-01 1.815700e-01
2.270000e+01 0.000000e+00 1.811303e-01 1.811303e-01
2.280000e+01 0.000000e+00 1.806928e-01 1.806928e-01
2.290000e+01 0.000000e+00 1.802574e-01 1.802574e-01
2.300000e+01 0.000000e+00 1.798242e-01 1.798242e-01
2.310000e+01 0.000000e+00 1.793931e-01 1.793931e-01
2.320000e+01 0.000000e+00 1.789640e-01 1.789640e-01
2.330000e+01 0.000000e+00 1.785370e-01 1.785370e-01
2.340000e+01 0.000000e+00 1.781121e-01 1.781121e-01
2.350000e+01 0.000000e+00 1.776892e-01 1.776892e-01
2.360000e+01 0.000000e+00 1.772684e-01 1.772684e-01
2.370000e+01 0.000000e+00 1.768495e-01 1.768495e-01
2.380000e+01 0.000000e+00 1.764326e-01 1.764326e-01
2.390000e+01 0.000000e+00 1.760177e-01 1.760177e-01
2.400000e+01 0.000000e+00 1.756047e-01 1.756047e-01
2.410000e+01 0.000000e+00 1.751936e-01 1.751936e-01
2.420000e+01 0.000000e+00 1.747845e-01 1.747845e-01
2.430000e+01 0.000000e+00 1.743773e-01 1.743773e-01
2.440000e+01 0.000000e+00 1.739719e-01 1.739719e-01
2.450000e+01 0.000000e+00 1.735684e-01 1.735684e-01
2.460000e+01 0.000000e+00 1.731668e-01 1.731668e-01
2.470000e+01 0.000000e+00 1.727669e-01 1.727669e-01
2.480000e+01 0.000000e+00 1.723689e-01 1.723689e-01
2.490000e+01 0.000000e+00 1.719727e-01 1.719727e-01
2.500000e+01 0.000000e+00 1.715783e-01 1.715783e-01
2.510000e+01 0.000000e+00 1.711857e-01 1.711857e-01
2.520000e+01 0.000000e+00 1.707948e-01 1.707948e-01
2.530000e+01 0.000000e+00 1.704056e-01 1.704056e-01
2.540000e+01 0.000000e+00 1.700181e-01 1.700181e-01
2.550000e+01 0.000000e+00 1.696324e-01 1.696324e-01
2.560000e+01 0.000000e+00 1.692484e-01 1.692484e-01
2.570000e+01 0.000000e+00 1.688660e-01 1.688660e-01
2.580000e+01 0.000000e+00 1.684853e-01 1.684853e-01
2.590000e+01 0.000000e+00 1.681063e-01 1.681063e-01
2.600000e+01 0.000000e+00 1.677289e-01 1.677289e-01
2.610000e+01 0.000000e+00 1.673531e-01 1.673531e-01
2.620000e+01 0.000000e+00 1.669789e-01 1.669789e-01
2.630000e+01 0.000000e+00 1.666064e-01 1.666064e-01
2.640000e+01 0.000000e+00 1.662354e-01 1.662354e-01
2.650000e+01 0.000000e+00 1.658660e-01 1.658660e-01
2.660000e+01 0.000000e+00 1.654982e-01 1.654982e-01
2.670000e+01 0.000000e+00 1.651319e-01 1.651319e-01
2.680000e+01 0.000000e+00 1.647671e-01 1.647671e-01
2.690000e+01 0.000000e+00 1.644039e-01 1.644039e-01
2.700000e+01 0.000000e+00 1.640422e-01 1.640422e-01
2.710000e+01 0.000000e+00 1.636820e-01 1.636820e-01
2.720000e+01 0.000000e+00 1.633232e-01 1.633232e-01
2.730000e+01 0.000000e+00 1.629660e-01 1.629660e-01
2.740000e+01 0.000000e+00 1.626102e-01 1.626102e-01
2.750000e+01 0.000000e+00 1.622558e-01 1.622558e-01
2.760000e+01 0.000000e+00 1.619029e-01 1.619029e-01
2.770000e+01 0.000000e+00 1.615514e-01 1.615514e-01
2.780000e+01 0.000000e+00 1.612013e-01 1.612013e-01
2.790000e+01 0.000000e+00 1.608527e-01 1.608527e-01
2.800000e+01 0.000000e+00 1.605054e-01 1.605054e-01
2.810000e+01 0.000000e+00 1.601595e-01 1.601595e-01
2.820000e+01 0.000000e+00 1.598149e-01 1.598149e-01
2.830000e+01 0.000000e+00 1.594718e-01 1.594718e-01
2.840000e+01 0.000000e+00 1.591300e-01 1.591300e-01
2.850000e+01 0.000000e+00 1.587895e-01 1.587895e-01
2.860000e+01 0.000000e+00 1.584503e-01 1.584503e-01
2.870000e+01 0.000000e+00 1.581125e-01 1.581125e-01
2.880000e+01 0.000000e+00 1.577760e-01 1.577760e-01
2.890000e+01 0.000000e+00 1.574408e-01 1.574408e-01
2.900000e+01 0.000000e+00 1.571069e-01 1.571069e-01
2.910000e+01 0.000000e+00 1.567743e-01 1.567743e-01
2.920000e+01 0.000000e+00 1.564429e-01 1.564429e-01
2.930000e+01 0.000000e+00 1.561128e-01 1.561128e-01
2.940000e+01 0.000000e+00 1.557839e-01 1.557839e-01
2.950000e+01 0.000000e+00 1.554563e-01 1.554563e-01
2.960000e+01 0.000000e+00 1.551299e-01 1.551299e-01
2.970000e+01 0.000000e+00 1.548047e-01 1.548047e-01
2.980000e+01 0.000000e+00 1.544807e-01 1.544807e-01
2.990000e+01 0.000000e+00 1.541580e-01 1.541580e-01
3.000000e+01 0.000000e+00 1.538364e-01 1.538364e-01
3.010000e+01 0.000000e+00 1.535160e-01 1.535160e-01
3.020000e+01 0.000000e+00 1.531968e-01 1.531968e-01
3.030000e+01 0.000000e+00 1.528787e-01 1.528787e-01
3.040000e+01 0.000000e+00 1.525618e-01 1.525618e-01
3.050000e+01 0.000000e+00 1.522461e-01 1.522461e-01
3.060000e+01 0.000000e+00 1.519314e-01 1.519314e-01
3.070000e+01 0.000000e+00 1.516180e-01 1.516180e-01
3.080000e+01 0.000000e+00 1.513056e-01 1.513056e-01
3.090000e+01 0.000000e+00 1.509943e-01 1.509943e-01
3.100000e+01 0.000000e+00 1.506842e-01 1.506842e-01
3.110000e+01 0.000000e+00 1.503751e-01 1.503751e-01
3.120000e+01 0.000000e+00 1.500672e-01 1.500672e-01
3.130000e+01 0.000000e+00 1.497603e-01 1.497603e-01
3.140000e+01 0.000000e+00 1.494545e-01 1.494545e-01
3.150000e+01 0.000000e+00 1.491498e-01 1.491498e-01
3.160000e+01 0.000000e+00 1.488461e-01 1.488461e-01
3.170000e+01 0.000000e+00 1.485435e-01 1.485435e-01
3.180000e+01 0.000000e+00 1.482420e-01 1.482420e-01
3.190000e+01 0.000000e+00 1.479414e-01 1.479414e-01
3.200000e+01 0.000000e+00 1.476419e-01 1.476419e-01
3.210000e+01 0.000000e+00 1.473434e-01 1.473434e-01
3.220000e+01 0.000000e+00 1.470459e-01 1.470459e-01
3.230000e+01 0.000000e+00 1.467495e-01 1.467495e-01
3.240000e+01 0.000000e+00 1.464540e-01 1.464540e-01
3.250000e+01 0.000000e+00 1.461595e-01 1.461595e-01
3.260000e+01 0.000000e+00 1.458660e-01 1.458660e-01
3.270000e+01 0.000000e+00 1.455735e-01 1.455735e-01
3.280000e+01 0.000000e+00 1.452820e-01 1.452820e-01
3.290000e+01 0.000000e+00 1.449914e-01 1.449914e-01
3.300000e+01 0.000000e+00 1.447018e-01 1.447018e-01
3.310000e+01 0.000000e+00 1.444131e-01 1.444131e-01
3.320000e+01 0.000000e+00 1.441254e-01 1.441254e-01
3.330000e+01 0.000000e+00 1.438386e-01 1.438386e-01
3.340000e+01 0.000000e+00 1.435528e-01 1.435528e-01
3.350000e+01 0.000000e+00 1.432679e-01 1.432679e-01
3.360000e+01 0.000000e+00 1.429839e-01 1.429839e-01
3.370000e+01 0.000000e+00 1.427009e-01 1.427009e-01
3.380000e+01 0.000000e+00 1.424187e-01 1.424187e-01
3.390000e+01 0.000000e+00 1.421375e-01 1.421375e-01
3.400000e+01 0.000000e+00 1.418571e-01 1.418571e-01
3.410000e+01 0.000000e+00 1.415776e-01 1.415776e-01
3.420000e+01 0.000000e+00 1.412990e-01 1.412990e-01
3.430000e+01 0.000000e+00 1.410213e-01 1.410213e-01
3.440000e+01 0.000000e+00 1.407445e-01 1.407445e-01
3.450000e+01 0.000000e+00 1.404685e-01 1.404685e-01
3.460000e+01 0.000000e+00 1.401934e-01 1.401934e-01
3.470000e+01 0.000000e+00 1.399191e-01 1.399191e-01
3.480000e+01 0.000000e+00 1.396458e-01 1.396458e-01
3.490000e+01 0.000000e+00 1.393732e-01 1.393732e-01
3.500000e+01 0.000000e+00 1.391015e-01 1.391015e-01
3.510000e+01 0.000000e+00 1.388306e-01 1.388306e-01
3.520000e+01 0.000000e+00 1.385606e-01 1.385606e-01
3.530000e+01 0.000000e+00 1.382913e-01 1.382913e-01
3.540000e+01 0.000000e+00 1.380229e-01 1.380229e-01
3.550000e+01 0.000000e+00 1.377553e-01 1.377553e-01
3.560000e+01 0.000000e+00 1.374884e-01 1.374884e-01
3.570000e+01 0.000000e+00 1.372224e-01 1.372224e-01
3.580000e+01 0.000000e+00 1.369572e-01 1.369572e-01
3.590000e+01 0.000000e+00 1.366927e-01 1.366927e-01
3.600000e+01 0.000000e+00 1.364291e-01 1.364291e-01
3.610000e+01 0.000000e+00 1.361662e-01 1.361662e-01
3.620000e+01 0.000000e+00 1.359041e-01 1.359041e-01
3.630000e+01 0.000000e+00 1.356427e-01 1.356427e-01
3.640000e+01 0.000000e+00 1.353821e-01 1.353821e-01
3.650000e+01 0.000000e+00 1.351223e-01 1.351223e-01
3.660000e+01 0.000000e+00 1.348632e-01 1.348632e-01
3.670000e+01 0.000000e+00 1.346049e-01 1.346049e-01
3.680000e+01 0.000000e+00 1.343474e-01 1.343474e-01
3.690000e+01 0.000000e+00 1.340906e-01 1.340906e-01
3.700000e+01 0.000000e+00 1.338345e-01 1.338345e-01
3.710000e+01 0.000000e+00 1.335792e-01 1.335792e-01
3.720000e+01 0.000000e+00 1.333245e-01 1.333245e-01
3.730000e+01 0.000000e+00 1.330707e-01 1.330707e-01
3.740000e+01 0.000000e+00 1.328175e-01 1.328175e-01
3.750000e+01 0.000000e+00 1.325651e-01 1.325651e-01
3.760000e+01 0.000000e+00 1.323133e-01 1.323133e-01
3.770000e+01 0.000000e+00 1.320623e-01 1.320623e-01
3.780000e+01 0.000000e+00 1.318120e-01 1.318120e-01
3.790000e+01 0.000000e+00 1.315624e-01 1.315624e-01
3.800000e+01 0.000000e+00 1.313135e-01 1.313135e-01
3.810000e+01 0.000000e+00 1.310653e-01 1.310653e-01
3.820000e+01 0.000000e+00 1.308178e-01 1.308178e-01
3.830000e+01 0.000000e+00 1.305709e-01 1.305709e-01
3.840000e+01 0.000000e+00 1.303248e-01 1.303248e-01
3.850000e+01 0.000000e+00 1.300793e-01 1.300793e-01
3.860000e+01 0.000000e+00 1.298345e-01 1.298345e-01
3.870000e+01 0.000000e+00 1.295903e-01 1.295903e-01
3.880000e+01 0.000000e+00 1.293468e-01 1.293468e-01
3.890000e+01 0.000000e+00 1.291040e-01 1.291040e-01
3.900000e+01 0.000000e+00 1.288618e-01 1.288618e-01
3.910000e+01 0.000000e+00 1.286203e-01 1.286203e-01
3.920000e+01 0.000000e+00 1.283794e-01 1.283794e-01
3.930000e+01 0.000000e+00 1.281392e-01 1.281392e-01
3.940000e+01 0.000000e+00 1.278996e-01 1.278996e-01
3.950000e+01 0.000000e+00 1.276606e-01 1.276606e-01
3.960000e+01 0.000000e+00 1.274223e-01 1.274223e-01
3.970000e+01 0.000000e+00 1.271846e-01 1.271846e-01
3.980000e+01 0.000000e+00 1.269476e-01 1.269476e-01
3.990000e+01 0.000000e+00 1.267111e-01 1.267111e-01
4.000000e+01 0.000000e+00 1.264753e-01 1.264753e-01
4.010000e+01 0.000000e+00 1.262401e-01 1.262401e-01
4.020000e+01 0.000000e+00 1.260055e-01 1.260055e-01
4.030000e+01 0.000000e+00 1.257715e-01 1.257715e-01
4.040000e+01 0.000000e+00 1.255382e-01 1.255382e-01
4.050000e+01 0.000000e+00 1.253054e-01 1.253054e-01
4.060000e+01 0.000000e+00 1.250732e-01 1.250732e-01
4.070000e+01 0.000000e+00 1.248416e-01 1.248416e-01
4.080000e+01 0.000000e+00 1.246106e-01 1.246106e-01
4.090000e+01 0.000000e+00 1.243802e-01 1.243802e-01
4.100000e+01 0.000000e+00 1.241504e-01 1.241504e-01
4.110000e+01 0.000000e+00 1.239212e-01 1.239212e-01
4.120000e+01 0.000000e+00 1.236925e-01 1.236925e-01
4.130000e+01 0.000000e+00 1.234644e-01 1.234644e-01
4.140000e+01 0.000000e+00 1.232369e-01 1.232369e-01
4.150000e+01 0.000000e+00 1.230100e-01 1.230100e-01
4.160000e+01 0.000000e+00 1.227837e-01 1.227837e-01
4.170000e+01 0.000000e+00 1.225579e-01 1.225579e-01
4.180000e+01 0.000000e+00 1.223327e-01 1.223327e-01
4.190000e+01 0.000000e+00 1.221080e-01 1.221080e-01
4.200000e+01 0.000000e+00 1.218839e-01 1.218839e-01
4.210000e+01 0.000000e+00 1.216604e-01 1.216604e-01
4.220000e+01 0.000000e+00 1.214374e-01 1.214374e-01
4.230000e+01 0.000000e+00 1.212149e-01 1.212149e-01
4.240000e+01 0.000000e+00 1.209930e-01 1.209930e-01
4.250000e+01 0.000000e+00 1.207717e-01 1.207717e-01
4.260000e+01 0.000000e+00 1.205509e-01 1.205509e-01
4.270000e+01 0.000000e+00 1.203306e-01 1.203306e-01
4.280000e+01 0.000000e+00 1.201109e-01 1.201109e-01
4.290000e+01 0.000000e+00 1.198917e-01 1.198917e-01
4.300000e+01 0.000000e+00 1.196730e-01 1.196730e-01
4.310000e+01 0.000000e+00 1.194549e-01 1.194549e-01
4.320000e+01 0.000000e+00 1.192373e-01 1.192373e-01
4.330000e+01 0.000000e+00 1.190202e-01 1.190202e-01
4.340000e+01 0.000000e+00 1.188036e-01 1.188036e-01
4.350000e+01 0.000000e+00 1.185875e-01 1.185875e-01
4.360000e+01 0.000000e+00 1.183720e-01 1.183720e-01
4.370000e+01 0.000000e+00 1.181569e-01 1.181569e-01
4.380000e+01 0.000000e+00 1.179424e-01 1.179424e-01
4.390000e+01 0.000000e+00 1.177284e-01 1.177284e-01
4.400000e+01 0.000000e+00 1.175149e-01 1.175149e-01
4.410000e+01 0.000000e+00 1.173019e-01 1.173019e-01
4.420000e+01 0.000000e+00 1.170894e-01 1.170894e-01
4.430000e+01 0.000000e+00 1.168774e-01 1.168774e-01
4.440000e+01 0.000000e+00 1.166659e-01 1.166659e-01
4.450000e+01 0.000000e+00 1.164549e-01 1.164549e-01
4.460000e+01 0.000000e+00 1.162444e-01 1.162444e-01
4.470000e+01 0.000000e+00 1.160344e-01 1.160344e-01
4.480000e+01 0.000000e+00 1.158249e-01 1.158249e-01
4.490000e+01 0.000000e+00 1.156159e-01 1.156159e-01
4.500000e+01 0.000000e+00 1.154073e-01 1.154073e-01
4.510000e+01 0.000000e+00 1.151993e-01 1.151993e-01
4.520000e+01 0.000000e+00 1.149917e-01 1.149917e-01
4.530000e+01 0.000000e+00 1.147846e-01 1.147846e-01
4.540000e+01 0.000000e+00 1.145780e-01 1.145780e-01
4.550000e+01 0.000000e+00 1.143718e-01 1.143718e-01
4.560000e+01 0.000000e+00 1.141661e-01 1.141661e-01
4.570000e+01 0.000000e+00 1.139609e-01 1.139609e-01
4.580000e+01 0.000000e+00 1.137561e-01 1.137561e-01
4.590000e+01 0.000000e+00 1.135518e-01 1.135518e-01
4.600000e+01 0.000000e+00 1.133480e-01 1.133480e-01
4.610000e+01 0.000000e+00 1.131446e-01 1.131446e-01
4.620000e+01 0.000000e+00 1.129417e-01 1.129417e-01
4.630000e+01 0.000000e+00 1.127392e-01 1.127392e-01
4.640000e+01 0.000000e+00 1.125373e-01 1.125373e-01
4.650000e+01 0.000000e+00 1.123358e-01 1.123358e-01
4.660000e+01 0.000000e+00 1.121347e-01 1.121347e-01
4.670000e+01 0.000000e+00 1.119341e-01 1.119341e-01
4.680000e+01 0.000000e+00 1.117339e-01 1.117339e-01
4.690000e+01 0.000000e+00 1.115342e-01 1.115342e-01
4.700000e+01 0.000000e+00 1.113349e-01 1.113349e-01
4.710000e+01 0.000000e+00 1.111361e-01 1.111361e-01
4.720000e+01 0.000000e+00 1.109376e-01 1.109376e-01
4.730000e+01 0.000000e+00 1.107397e-01 1.107397e-01
4.740000e+01 0.000000e+00 1.105421e-01 1.105421e-01
4.750000e+01 0.000000e+00 1.103450e-01 1.103450e-01
4.760000e+01 0.000000e+00 1.101483e-01 1.101483e-01
4.770000e+01 0.000000e+00 1.099521e-01 1.099521e-01
4.780000e+01 0.000000e+00 1.097563e-01 1.097563e-01
4.790000e+01 0.000000e+00 1.095609e-01 1.095609e-01
4.800000e+01 0.000000e+00 1.093659e-01 1.093659e-01
4.810000e+01 0.000000e+00 1.091714e-01 1.091714e-01
4.820000e+01 0.000000e+00 1.089772e-01 1.089772e-01
4.830000e+01 0.000000e+00 1.087835e-01 1.087835e-01
4.840000e+01 0.000000e+00 1.085902e-01 1.085902e-01
4.850000e+01 0.000000e+00 1.083974e-01 1.083974e-01
4.860000e+01 0.000000e+00 1.082049e-01 1.082049e-01
4.870000e+01 0.000000e+00 1.080129e-01 1.080129e-01
4.880000e+01 0.000000e+00 1.078213e-01 1.078213e-01
4.890000e+01 0.000000e+00 1.076301e-01 1.076301e-01
4.900000e+01 0.000000e+00 1.074394e-01 1.074394e-01
4.910000e+01 0.000000e+00 1.072490e-01 1.072490e-01
4.920000e+01 0.000000e+00 1.070591e-01 1.070591e-01
4.930000e+01 0.000000e+00 1.068696e-01 1.068696e-01
4.940000e+01 0.000000e+00 1.066804e-01 1.066804e-01
4.950000e+01 0.000000e+00 1.064917e-01 1.064917e-01
4.960000e+01 0.000000e+00 1.063034e-01 1.063034e-01
4.970000e+01 0.000000e+00 1.061155e-01 1.061155e-01
4.980000e+01 0.000000e+00 1.059279e-01 1.059279e-01
4.990000e+01 0.000000e+00 1.057408e-01 1.057408e-01
5.000000e+01 0.000000e+00 1.055541e-01 1.055541e-01
5.010000e+01 0.000000e+00 1.053677e-01 1.053677e-01
5.020000e+01 0.000000e+00 1.051818e-01 1.051818e-01
5.030000e+01 0.000000e+00 1.049962e-01 1.049962e-01
5.040000e+01 0.000000e+00 1.048111e-01 1.048111e-01
5.050000e+01 0.000000e+00 1.046263e-01 1.046263e-01
5.060000e+01 0.000000e+00 1.044419e-01 1.044419e-01
5.070000e+01 0.000000e+00 1.042579e-01 1.042579e-01
5.080000e+01 0.000000e+00 1.040743e-01 1.040743e-01
5.090000e+01 0.000000e+00 1.038910e-01 1.038910e-01
5.100000e+01 0.000000e+00 1.037082e-01 1.037082e-01
5.110000e+01 0.000000e+00 1.035257e-01 1.035257e-01
5.120000e+01 0.000000e+00 1.033436e-01 1.033436e-01
5.130000e+01 0.000000e+00 1.031619e-01 1.031619e-01
5.140000e+01 0.000000e+00 1.029806e-01 1.029806e-01
5.150000e+01 0.000000e+00 1.027997e-01 1.027997e-01
5.160000e+01 0.000000e+00 1.026191e-01 1.026191e-01
5.170000e+01 0.000000e+00 1.024389e-01 1.024389e-01
5.180000e+01 0.000000e+00 1.022591e-01 1.022591e-01
5.190000e+01 0.000000e+00 1.020796e-01 1.020796e-01
5.200000e+01 0.000000e+00 1.019005e-01 1.019005e-01
5.210000e+01 0.000000e+00 1.017218e-01 1.017218e-01
5.220000e+01 0.000000e+00 1.015435e-01 1.015435e-01
5.230000e+01 0.000000e+00 1.013655e-01 1.013655e-01
5.240000e+01 0.000000e+00 1.011879e-01 1.011879e-01
5.250000e+01 0.000000e+00 1.010106e-01 1.010106e-01
5.260000e+01 0.000000e+00 1.008338e-01 1.008338e-01
5.270000e+01 0.000000e+00 1.006572e-01 1.006572e-01
5.280000e+01 0.000000e+00 1.004811e-01 1.004811e-01
5.290000e+01 0.000000e+00 1.003053e-01 1.003053e-01
5.300000e+01 0.000000e+00 1.001298e-01 1.001298e-01
5.310000e+01 0.000000e+00 9.995472e-02 9.995472e-02
5.320000e+01 0.000000e+00 9.977997e-02 9.977997e-02
5.330000e+01 0.000000e+00 9.960557e-02 9.960557e-02
5.340000e+01 0.000000e+00 9.943153e-02 9.943153e-02
5.350000e+01 0.000000e+00 9.925783e-02 9.925783e-02
5.360000e+01 0.000000e+00 9.908448e-02 9.908448e-02
5.370000e+01 0.000000e+00 9.891149e-02 9.891149e-02
5.380000e+01 0.000000e+00 9.873886e-02 9.873886e-02
5.390000e+01 0.000000e+00 9.856658e-02 9.856658e-02
5.400000e+01 0.000000e+00 9.839465e-02 9.839465e-02
5.410000e+01 0.000000e+00 9.822307e-02 9.822307e-02
5.420000e+01 0.000000e+00 9.805183e-02 9.805183e-02
5.430000e+01 0.000000e+00 9.788095e-02 9.788095e-02
5.440000e+01 0.000000e+00 9.771040e-02 9.771040e-02
5.450000e+01 0.000000e+00 9.754020e-02 9.754020e-02
5.460000e+01 0.000000e+00 9.737034e-02 9.737034e-02
5.470000e+01 0.000000e+00 9.720081e-02 9.720081e-02
5.480000e+01 0.000000e+00 9.703162e-02 9.703162e-02
5.490000e+01 0.000000e+00 9.686276e-02 9.686276e-02
5.500000e+01 0.000000e+00 9.669423e-02 9.669423e-02
5.510000e+01 0.000000e+00 9.652604e-02 9.652604e-02
5.520000e+01 0.000000e+00 9.635818e-02 9.635818e-02
5.530000e+01 0.000000e+00 9.619065e-02 9.619065e-02
5.540000e+01 0.000000e+00 9.602345e-02 9.602345e-02
5.550000e+01 0.000000e+00 9.585658e-02 9.585658e-02
5.560000e+01 0.000000e+00 9.569004e-02 9.569004e-02
5.570000e+01 0.000000e+00 9.552383e-02 9.552383e-02
5.580000e+01 0.000000e+00 9.535795e-02 9.535795e-02
5.590000e+01 0.000000e+00 9.519239e-02 9.519239e-02
5.600000e+01 0.000000e+00 9.502716e-02 9.502716e-02
5.610000e+01 0.000000e+00 9.486225e-02 9.486225e-02
5.620000e+01 0.000000e+00 9.469767e-02 9.469767e-02
5.630000e+01 0.000000e+00 9.453341e-02 9.453341e-02
5.640000e+01 0.000000e+00 9.436947e-02 9.436947e-02
5.650000e+01 0.000000e+00 9.420586e-02 9.420586e-02
5.660000e+01 0.000000e+00 9.404257e-02 9.404257e-02
5.670000e+01 0.000000e+00 9.387961e-02 9.387961e-02
5.680000e+01 0.000000e+00 9.371696e-02 9.371696e-02
5.690000e+01 0.000000e+00 9.355463e-02 9.355463e-02
5.700000e+01 0.000000e+00 9.339262e-02 9.339262e-02
5.710000e+01 0.000000e+00 9.323093e-02 9.323093e-02
5.720000e+01 0.000000e+00 9.306955e-02 9.306955e-02
5.730000e+01 0.000000e+00 9.290849e-02 9.290849e-02
5.740000e+01 0.000000e+00 9.274774e-02 9.274774e-02
5.750000e+01 0.000000e+00 9.258730e-02 9.258730e-02
5.760000e+01 0.000000e+00 9.242718e-02 9.242718e-02
5.770000e+01 0.000000e+00 9.226737e-02 9.226737e-02
5.780000e+01 0.000000e+00 9.210788e-02 9.210788e-02
5.790000e+01 0.000000e+00 9.194869e-02 9.194869e-02
5.800000e+01 0.000000e+00 9.178982e-02 9.178982e-02
5.810000e+01 0.000000e+00 9.163126e-02 9.163126e-02
5.820000e+01 0.000000e+00 9.147300e-02 9.147300e-02
5.830000e+01 0.000000e+00 9.131506e-02 9.131506e-02
5.840000e+01 0.000000e+00 9.115742e-02 9.115742e-02
5.850000e+01 0.000000e+00 9.100008e-02 9.100008e-02
5.860000e+01 0.000000e+00 9.084304e-02 9.084304e-02
5.870000e+01 0.000000e+00 9.068629e-02 9.068629e-02
5.880000e+01 0.000000e+00 9.052985e-02 9.052985e-02
5.890000e+01 0.000000e+00 9.037369e-02 9.037369e-02
5.900000e+01 0.000000e+00 9.021784e-02 9.021784e-02
5.910000e+01 0.000000e+00 9.006229e-02 9.006229e-02
5.920000e+01 0.000000e+00 8.990703e-02 8.990703e-02
5.930000e+01 0.000000e+00 8.975208e-02 8.975208e-02
5.940000e+01 0.000000e+00 8.959743e-02 8.959743e-02
5.950000e+01 0.000000e+00 8.944308e-02 8.944308e-02
5.960000e+01 0.000000e+00 8.928904e-02 8.928904e-02
5.970000e+01 0.000000e+00 8.913529e-02 8.913529e-02
5.980000e+01 0.000000e+00 8.898184e-02 8.898184e-02
5.990000e+01 0.000000e+00 8.882869e-02 8.882869e-02
6.000000e+01 0.000000e+00 8.867584e-02 8.867584e-02
6.010000e+01 0.000000e+00 8.852327e-02 8.852327e-02
6.020000e+01 0.000000e+00 8.837100e-02 8.837100e-02
6.030000e+01 0.000000e+00 8.821902e-02 8.821902e-02
6.040000e+01 0.000000e+00 8.806733e-02 8.806733e-02
6.050000e+01 0.000000e+00 8.791593e-02 8.791593e-02
6.060000e+01 0.000000e+00 8.776481e-02 8.776481e-02
6.070000e+01 0.000000e+00 8.761398e-02 8.761398e-02
6.080000e+01 0.000000e+00 8.746343e-02 8.746343e-02
6.090000e+01 0.000000e+00 8.731318e-02 8.731318e-02
6.100000e+01 0.000000e+00 8.716320e-02 8.716320e-02
6.110000e+01 0.000000e+00 8.701352e-02 8.701352e-02
6.120000e+01 0.000000e+00 8.686411e-02 8.686411e-02
6.130000e+01 0.000000e+00 8.671499e-02 8.671499e-02
6.140000e+01 0.000000e+00 8.656616e-02 8.656616e-02
6.150000e+01 0.000000e+00 8.641760e-02 8.641760e-02
6.160000e+01 0.000000e+00 8.626932e-02 8.626932e-02
6.170000e+01 0.000000e+00 8.612133e-02 8.612133e-02
6.180000e+01 0.000000e+00 8.597361e-02 8.597361e-02
6.190000e+01 0.000000e+00 8.582618e-02 8.582618e-02
6.200000e+01 0.000000e+00 8.567902e-02 8.567902e-02
6.210000e+01 0.000000e+00 8.553215e-02 8.553215e-02
6.220000e+01 0.000000e+00 8.538556e-02 8.538556e-02
6.230000e+01 0.000000e+00 8.523924e-02 8.523924e-02
6.240000e+01 0.000000e+00 8.509321e-02 8.509321e-02
6.250000e+01 0.000000e+00 8.494745e-02 8.494745e-02
6.260000e+01 0.000000e+00 8.480197e-02 8.480197e-02
6.270000e+01 0.000000e+00 8.465677e-02 8.465677e-02
6.280000e+01 0.000000e+00 8.451184e-02 8.451184e-02
6.290000e+01 0.000000e+00 8.436719e-02 8.436719e-02
6.300000e+01 0.000000e+00 8.422281e-02 8.422281e-02
6.310000e+01 0.000000e+00 8.407870e-02 8.407870e-02
6.320000e+01 0.000000e+00 8.393487e-02 8.393487e-02
6.330000e+01 0.000000e+00 8.379131e-02 8.379131e-02
6.340000e+01 0.000000e+00 8.364802e-02 8.364802e-02
6.350000e+01 0.000000e+00 8.350500e-02 8.350500e-02
6.360000e+01 0.000000e+00 8.336225e-02 8.336225e-02
6.370000e+01 0.000000e+00 8.321976e-02 8.321976e-02
6.380000e+01 0.000000e+00 8.307755e-02 8.307755e-02
6.390000e+01 0.000000e+00 8.293561e-02 8.293561e-02
6.400000e+01 0.000000e+00 8.279393e-02 8.279393e-02
6.410000e+01 0.000000e+00 8.265252e-02 8.265252e-02
6.420000e+01 0.000000e+00 8.251138e-02 8.251138e-02
6.430000e+01 0.000000e+00 8.237050e-02 8.237050e-02
6.440000e+01 0.000000e+00 8.222988e-02 8.222988e-02
6.450000e+01 0.000000e+00 8.208953e-02 8.208953e-02
6.460000e+01 0.000000e+00 8.194944e-02 8.194944e-02
6.470000e+01 0.000000e+00 8.180961e-02 8.180961e-02
6.480000e+01 0.000000e+00 8.167004e-02 8.167004e-02
6.490000e+01 0.000000e+00 8.153073e-02 8.153073e-02
6.500000e+01 0.000000e+00 8.139167e-02 8.139167e-02
6.510000e+01 0.000000e+00 8.125288e-02 8.125288e-02
6.520000e+01 0.000000e+00 8.111435e-02 8.111435e-02
6.530000e+01 0.000000e+00 8.097608e-02 8.097608e-02
6.540000e+01 0.000000e+00 8.083807e-02 8.083807e-02
6.550000e+01 0.000000e+00 8.070031e-02 8.070031e-02
6.560000e+01 0.000000e+00 8.056281e-02 8.056281e-02
6.570000e+01 0.000000e+00 8.042557e-02 8.042557e-02
6.580000e+01 0.000000e+00 8.028859e-02 8.028859e-02
6.590000e+01 0.000000e+00 8.015186e-02 8.015186e-02
6.600000e+01 0.000000e+00 8.001538e-02 8.001538e-02
6.610000e+01 0.000000e+00 7.987916e-02 7.987916e-02
6.620000e+01 0.000000e+00 7.974319e-02 7.974319e-02
6.630000e+01 0.000000e+00 7.960748e-02 7.960748e-02
6.640000e+01 0.000000e+00 7.947202e-02 7.947202e-02
6.650000e+01 0.000000e+00 7.933680e-02 7.933680e-02
6.660000e+01 0.000000e+00 7.920184e-02 7.920184e-02
6.670000e+01 0.000000e+00 7.906713e-02 7.906713e-02
6.680000e+01 0.000000e+00 7.893267e-02 7.893267e-02
6.690000e+01 0.000000e+00 7.879846e-02 7.879846e-02
6.700000e+01 0.000000e+00 7.866450e-02 7.866450e-02
6.710000e+01 0.000000e+00 7.853079e-02 7.853079e-02
6.720000e+01 0.000000e+00 7.839733e-02 7.839733e-02
6.730000e+01 0.000000e+00 7.826412e-02 7.826412e-02
6.740000e+01 0.000000e+00 7.813115e-02 7.813115e-02
6.750000e+01 0.000000e+00 7.799843e-02 7.799843e-02
6.760000e+01 0.000000e+00 7.786596e-02 7.786596e-02
6.770000e+01 0.000000e+00 7.773373e-02 7.773373e-02
6.780000e+01 0.000000e+00 7.760174e-02 7.760174e-02
6.790000e+01 0.000000e+00 7.746999e-02 7.746999e-02
6.800000e+01 0.000000e+00 7.733849e-02 7.733849e-02
6.810000e+01 0.000000e+00 7.720723e-02 7.720723e-02
6.820000e+01 0.000000e+00 7.707621e-02 7.707621e-02
6.830000e+01 0.000000e+00 7.694544e-02 7.694544e-02
6.840000e+01 0.000000e+00 7.681490e-02 7.681490e-02
6.850000e+01 0.000000e+00 7.668461e-02 7.668461e-02
6.860000e+01 0.000000e+00 7.655456e-02 7.655456e-02
6.870000e+01 0.000000e+00 7.642475e-02 7.642475e-02
6.880000e+01 0.000000e+00 7.629518e-02 7.629518e-02
6.890000e+01 0.000000e+00 7.616584e-02 7.616584e-02
6.900000e+01 0.000000e+00 7.603675e-02 7.603675e-02
6.910000e+01 0.000000e+00 7.590789e-02 7.590789e-02
6.920000e+01 0.000000e+00 7.577927e-02 7.577927e-02
6.930000e+01 0.000000e+00 7.565089e-02 7.565089e-02
6.940000e+01 0.000000e+00 7.552275e-02 7.552275e-02
6.950000e+01 0.000000e+00 7.539484e-02 7.539484e-02
6.960000e+01 0.000000e+00 7.526716e-02 7.526716e-02
6.970000e+01 0.000000e+00 7.513972e-02 7.513972e-02
6.980000e+01 0.000000e+00 7.501252e-02 7.501252e-02
6.990000e+01 0.000000e+00 7.488554e-02 7.488554e-02
7.000000e+01 0.000000e+00 7.475880e-02 7.475880e-02
7.010000e+01 0.000000e+00 7.463229e-02 7.463229e-02
7.020000e+01 0.000000e+00 7.450602e-02 7.450602e-02
7.030000e+01 0.000000e+00 7.437997e-02 7.437997e-02
7.040000e+01 0.000000e+00 7.425416e-02 7.425416e-02
7.050000e+01 0.000000e+00 7.412859e-02 7.412859e-02
7.060000e+01 0.000000e+00 7.400324e-02 7.400324e-02
7.070000e+01 0.000000e+00 7.387812e-02 7.387812e-02
7.080000e+01 0.000000e+00 7.375323e-02 7.375323e-02
7.090000e+01 0.000000e+00 7.362857e-02 7.362857e-02
7.100000e+01 0.000000e+00 7.350414e-02 7.350414e-02
7.110000e+01 0.000000e+00 7.337993e-02 7.337993e-02
7.120000e+01 0.000000e+00 7.325596e-02 7.325596e-02
7.130000e+01 0.000000e+00 7.313220e-02 7.313220e-02
7.140000e+01 0.000000e+00 7.300868e-02 7.300868e-02
7.150000e+01 0.000000e+00 7.288538e-02 7.288538e-02
7.160000e+01 0.000000e+00 7.276231e-02 7.276231e-02
7.170000e+01 0.000000e+00 7.263946e-02 7.263946e-02
7.180000e+01 0.000000e+00 7.251684e-02 7.251684e-02
7.190000e+01 0.000000e+00 7.239445e-02 7.239445e-02
7.200000e+01 0.000000e+00 7.227228e-02 7.227228e-02
7.210000e+01 0.000000e+00 7.215033e-02 7.215033e-02
7.220000e+01 0.000000e+00 7.202861e-02 7.202861e-02
7.230000e+01 0.000000e+00 7.190711e-02 7.190711e-02
7.240000e+01 0.000000e+00 7.178583e-02 7.178583e-02
7.250000e+01 0.000000e+00 7.166478e-02 7.166478e-02
7.260000e+01 0.000000e+00 7.154394e-02 7.154394e-02
7.270000e+01 0.000000e+00 7.142332e-02 7.142332e-02
7.280000e+01 0.000000e+00 7.130293e-02 7.130293e-02
7.290000e+01 0.000000e+00 7.118275e-02 7.118275e-02
7.300000e+01 0.000000e+00 7.106279e-02 7.106279e-02
7.310000e+01 0.000000e+00 7.094305e-02 7.094305e-02
7.320000e+01 0.000000e+00 7.082353e-02 7.082353e-02
7.330000e+01 0.000000e+00 7.070423e-02 7.070423e-02
7.340000e+01 0.000000e+00 7.058514e-02 7.058514e-02
7.350000e+01 0.000000e+00 7.046628e-02 7.046628e-02
7.360000e+01 0.000000e+00 7.034763e-02 7.034763e-02
7.370000e+01 0.000000e+00 7.022920e-02 7.022920e-02
7.380000e+01 0.000000e+00 7.011098e-02 7.011098e-02
7.390000e+01 0.000000e+00 6.999298e-02 6.999298e-02
7.400000e+01 0.000000e+00 6.987519e-02 6.987519e-02
7.410000e+01 0.000000e+00 6.975762e-02 6.975762e-02
7.420000e+01 0.000000e+00 6.964027e-02 6.964027e-02
7.430000e+01 0.000000e+00 6.952313e-02 6.952313e-02
7.440000e+01 0.000000e+00 6.940620e-02 6.940620e-02
7.450000e+01 0.000000e+00 6.928948e-02 6.928948e-02
7.460000e+01 0.000000e+00 6.917297e-02 6.917297e-02
7.470000e+01 0.000000e+00 6.905668e-02 6.905668e-02
7.480000e+01 0.000000e+00 6.894060e-02 6.894060e-02
7.490000e+01 0.000000e+00 6.882472e-02 6.882472e-02
7.500000e+01 0.000000e+00 6.870906e-02 6.870906e-02
7.510000e+01 0.000000e+00 6.859361e-02 6.859361e-02
7.520000e+01 0.000000e+00 6.847837e-02 6.847837e-02
7.530000e+01 0.000000e+00 6.836333e-02 6.836333e-02
7.540000e+01 0.000000e+00 6.824851e-02 6.824851e-02
7.550000e+01 0.000000e+00 6.813390e-02 6.813390e-02
7.560000e+01 0.000000e+00 6.801949e-02 6.801949e-02
7.570000e+01 0.000000e+00 6.790530e-02 6.790530e-02
7.580000e+01 0.000000e+00 6.779131e-02 6.779131e-02
7.590000e+01 0.000000e+00 6.767752e-02 6.767752e-02
7.600000e+01 0.000000e+00 6.756395e-02 6.756395e-02
7.610000e+01 0.000000e+00 6.745058e-02 6.745058e-02
7.620000e+01 0.000000e+00 6.733741e-02 6.733741e-02
7.630000e+01 0.000000e+00 6.722445e-02 6.722445e-02
7.640000e+01 0.000000e+00 6.711170e-02 6.711170e-02
7.650000e+01 0.000000e+00 6.699914e-02 6.699914e-02
7.660000e+01 0.000000e+00 6.688680e-02 6.688680e-02
7.670000e+01 0.000000e+00 6.677465e-02 6.677465e-02
7.680000e+01 0.000000e+00 6.666271e-02 6.666271e-02
7.690000e+01 0.000000e+00 6.655098e-02 6.655098e-02
7.700000e+01 0.000000e+00 6.643944e-02 6.643944e-02
7.710000e+01 0.000000e+00 6.632811e-02 6.632811e-02
7.720000e+01 0.000000e+00 6.621698e-02 6.621698e-02
7.730000e+01 0.000000e+00 6.610605e-02 6.610605e-02
7.740000e+01 0.000000e+00 6.599532e-02 6.599532e-02
7.750000e+01 0.000000e+00 6.588480e-02 6.588480e-02
7.760000e+01 0.000000e+00 6.577447e-02 6.577447e-02
7.770000e+01 0.000000e+00 6.566435e-02 6.566435e-02
7.780000e+01 0.000000e+00 6.555442e-02 6.555442e-02
7.790000e+01 0.000000e+00 6.544469e-02 6.544469e-02
7.800000e+01 0.000000e+00 6.533516e-02 6.533516e-02
7.810000e+01 0.000000e+00 6.522583e-02 6.522583e-02
7.820000e+01 0.000000e+00 6.511669e-02 6.511669e-02
7.830000e+01 0.000000e+00 6.500775e-02 6.500775e-02
7.840000e+01 0.000000e+00 6.489901e-02 6.489901e-02
7.850000e+01 0.000000e+00 6.479047e-02 6.479047e-02
7.860000e+01 0.000000e+00 6.468212e-02 6.468212e-02
7.870000e+01 0.000000e+00 6.457396e-02 6.457396e-02
7.880000e+01 0.000000e+00 6.446600e-02 6.446600e-02
7.890000e+01 0.000000e+00 6.435824e-02 6.435824e-02
7.900000e+01 0.000000e+00 6.425067e-02 6.425067e-02
7.910000e+01 0.000000e+00 6.414330e-02 6.414330e-02
7.920000e+01 0.000000e+00 6.403612e-02 6.403612e-02
7.930000e+01 0.000000e+00 6.392913e-02 6.392913e-02
7.940000e+01 0.000000e+00 6.382234e-02 6.382234e-02
7.950000e+01 0.000000e+00 6.371574e-02 6.371574e-02
7.960000e+01 0.000000e+00 6.360934e-02 6.360934e-02
7.970000e+01 0.000000e+00 6.350312e-02 6.350312e-02
7.980000e+01 0.000000e+00 6.339710e-02 6.339710e-02
7.990000e+01 0.000000e+00 6.329127e-02 6.329127e-02
8.000000e+01 0.000000e+00 6.318562e-02 6.318562e-02
8.010000e+01 0.000000e+00 6.308017e-02 6.308017e-02
8.020000e+01 0.000000e+00 6.297491e-02 6.297491e-02
8.030000e+01 0.000000e+00 6.286984e-02 6.286984e-02
8.040000e+01 0.000000e+00 6.276496e-02 6.276496e-02
8.050000e+01 0.000000e+00 6.266027e-02 6.266027e-02
8.060000e+01 0.000000e+00 6.255577e-02 6.255577e-02
8.070000e+01 0.000000e+00 6.245145e-02 6.245145e-02
8.080000e+01 0.000000e+00 6.234732e-02 6.234732e-02
8.090000e+01 0.000000e+00 6.224338e-02 6.224338e-02
8.100000e+01 0.000000e+00 6.213963e-02 6.213963e-02
8.110000e+01 0.000000e+00 6.203607e-02 6.203607e-02
8.120000e+01 0.000000e+00 6.193269e-02 6.193269e-02
8.130000e+01 0.000000e+00 6.182950e-02 6.182950e-02
8.140000e+01 0.000000e+00 6.172650e-02 6.172650e-02
8.150000e+01 0.000000e+00 6.162369e-02 6.162369e-02
8.160000e+01 0.000000e+00 6.152106e-02 6.152106e-02
8.170000e+01 0.000000e+00 6.141861e-02 6.141861e-02
8.180000e+01 0.000000e+00 6.131635e-02 6.131635e-02
8.190000e+01 0.000000e+00 6.121427e-02 6.121427e-02
8.200000e+01 0.000000e+00 6.111237e-02 6.111237e-02
8.210000e+01 0.000000e+00 6.101066e-02 6.101066e-02
8.220000e+01 0.000000e+00 6.090912e-02 6.090912e-02
8.230000e+01 0.000000e+00 6.080777e-02 6.080777e-02
8.240000e+01 0.000000e+00 6.070659e-02 6.070659e-02
8.250000e+01 0.000000e+00 6.060560e-02 6.060560e-02
8.260000e+01 0.000000e+00 6.050478e-02 6.050478e-02
8.270000e+01 0.000000e+00 6.040415e-02 6.040415e-02
8.280000e+01 0.000000e+00 6.030370e-02 6.030370e-02
8.290000e+01 0.000000e+00 6.020343e-02 6.020343e-02
8.300000e+01 0.000000e+00 6.010335e-02 6.010335e-02
8.310000e+01 0.000000e+00 6.000344e-02 6.000344e-02
8.320000e+01 0.000000e+00 5.990372e-02 5.990372e-02
8.330000e+01 0.000000e+00 5.980418e-02 5.980418e-02
8.340000e+01 0.000000e+00 5.970482e-02 5.970482e-02
8.350000e+01 0.000000e+00 5.960564e-02 5.960564e-02
8.360000e+01 0.000000e+00 5.950664e-02 5.950664e-02
8.370000e+01 0.000000e+00 5.940781e-02 5.940781e-02
8.380000e+01 0.000000e+00 5.930917e-02 5.930917e-02
8.390000e+01 0.000000e+00 5.921070e-02 5.921070e-02
8.400000e+01 0.000000e+00 5.911241e-02 5.911241e-02
8.410000e+01 0.000000e+00 5.901430e-02 5.901430e-02
8.420000e+01 0.000000e+00 5.891636e-02 5.891636e-02
8.430000e+01 0.000000e+00 5.881860e-02 5.881860e-02
8.440000e+01 0.000000e+00 5.872101e-02 5.872101e-02
8.450000e+01 0.000000e+00 5.862359e-02 5.862359e-02
8.460000e+01 0.000000e+00 5.852635e-02 5.852635e-02
8.470000e+01 0.000000e+00 5.842928e-02 5.842928e-02
8.480000e+01 0.000000e+00 5.833239e-02 5.833239e-02
8.490000e+01 0.000000e+00 5.823566e-02 5.823566e-02
8.500000e+01 0.000000e+00 5.813911e-02 5.813911e-02
8.510000e+01 0.000000e+00 5.804274e-02 5.804274e-02
8.520000e+01 0.000000e+00 5.794653e-02 5.794653e-02
8.530000e+01 0.000000e+00 5.785049e-02 5.785049e-02
8.540000e+01 0.000000e+00 5.775463e-02 5.775463e-02
8.550000e+01 0.000000e+00 5.765894e-02 5.765894e-02
8.560000e+01 0.000000e+00 5.756342e-02 5.756342e-02
8.570000e+01 0.000000e+00 5.746807e-02 5.746807e-02
8.580000e+01 0.000000e+00 5.737289e-02 5.737289e-02
8.590000e+01 0.000000e+00 5.727787e-02 5.727787e-02
8.600000e+01 0.000000e+00 5.718303e-02 5.718303e-02
8.610000e+01 0.000000e+00 5.708836e-02 5.708836e-02
8.620000e+01 0.000000e+00 5.699385e-02 5.699385e-02
8.630000e+01 0.000000e+00 5.689952e-02 5.689952e-02
8.640000e+01 0.000000e+00 5.680535e-02 5.680535e-02
8.650000e+01 0.000000e+00 5.671136e-02 5.671136e-02
8.660000e+01 0.000000e+00 5.661753e-02 5.661753e-02
8.670000e+01 0.000000e+00 5.652387e-02 5.652387e-02
8.680000e+01 0.000000e+00 5.643037e-02 5.643037e-02
8.690000e+01 0.000000e+00 5.633705e-02 5.633705e-02
8.700000e+01 0.000000e+00 5.624390e-02 5.624390e-02
8.710000e+01 0.000000e+00 5.615091e-02 5.615091e-02
8.720000e+01 0.000000e+00 5.605809e-02 5.605809e-02
8.730000e+01 0.000000e+00 5.596543e-02 5.596543e-02
8.740000e+01 0.000000e+00 5.587295e-02 5.587295e-02
8.750000e+01 0.000000e+00 5.578063e-02 5.578063e-02
8.760000e+01 0.000000e+00 5.568847e-02 5.568847e-02
8.770000e+01 0.000000e+00 5.559648e-02 5.559648e-02
8.780000e+01 0.000000e+00 5.550465e-02 5.550465e-02
8.790000e+01 0.000000e+00 5.541299e-02 5.541299e-02
8.800000e+01 0.000000e+00 5.532149e-02 5.532149e-02
8.810000e+01 0.000000e+00 5.523016e-02 5.523016e-02
8.820000e+01 0.000000e+00 5.513899e-02 5.513899e-02
8.830000e+01 0.000000e+00 5.504798e-02 5.504798e-02
8.840000e+01 0.000000e+00 5.495713e-02 5.495713e-02
8.850000e+01 0.000000e+00 5.486645e-02 5.486645e-02
8.860000e+01 0.000000e+00 5.477593e-02 5.477593e-02
8.870000e+01 0.000000e+00 5.468557e-02 5.468557e-02
8.880000e+01 0.000000e+00 5.459537e-02 5.459537e-02
8.890000e+01 0.000000e+00 5.450533e-02 5.450533e-02
8.900000e+01 0.000000e+00 5.441546e-02 5.441546e-02
8.910000e+01 0.000000e+00 5.432574e-02 5.432574e-02
8.920000e+01 0.000000e+00 5.423619e-02 5.423619e-02
8.930000e+01 0.000000e+00 5.414679e-02 5.414679e-02
8.940000e+01 0.000000e+00 5.405756e-02 5.405756e-02
8.950000e+01 0.000000e+00 5.396849e-02 5.396849e-02
8.960000e+01 0.000000e+00 5.387957e-02 5.387957e-02
8.970000e+01 0.000000e+00 5.379082e-02 5.379082e-02
8.980000e+01 0.000000e+00 5.370223e-02 5.370223e-02
8.990000e+01 0.000000e+00 5.361379e-02 5.361379e-02
9.000000e+01 0.000000e+00 5.352551e-02 5.352551e-02
9.010000e+01 0.000000e+00 5.343739e-02 5.343739e-02
9.020000e+01 0.000000e+00 5.334942e-02 5.334942e-02
9.030000e+01 0.000000e+00 5.326161e-02 5.326161e-02
9.040000e+01 0.000000e+00 5.317395e-02 5.317395e-02
9.050000e+01 0.000000e+00 5.308645e-02 5.308645e-02
9.060000e+01 0.000000e+00 5.299910e-02 5.299910e-02
9.070000e+01 0.000000e+00 5.291190e-02 5.291190e-02
9.080000e+01 0.000000e+00 5.282486e-02 5.282486e-02
9.090000e+01 0.000000e+00 5.273798e-02 5.273798e-02
9.100000e+01 0.000000e+00 5.265124e-02 5.265124e-02
9.110000e+01 0.000000e+00 5.256467e-02 5.256467e-02
9.120000e+01 0.000000e+00 5.247824e-02 5.247824e-02
9.130000e+01 0.000000e+00 5.239198e-02 5.239198e-02
9.140000e+01 0.000000e+00 5.230587e-02 5.230587e-02
9.150000e+01 0.000000e+00 5.221991e-02 5.221991e-02
9.160000e+01 0.000000e+00 5.213411e-02 5.213411e-02
9.170000e+01 0.000000e+00 5.204846e-02 5.204846e-02
9.180000e+01 0.000000e+00 5.196296e-02 5.196296e-02
9.190000e+01 0.000000e+00 5.187762e-02 5.187762e-02
9.200000e+01 0.000000e+00 5.179243e-02 5.179243e-02
9.210000e+01 0.000000e+00 5.170740e-02 5.170740e-02
9.220000e+01 0.000000e+00 5.162251e-02 5.162251e-02
9.230000e+01 0.000000e+00 5.153778e-02 5.153778e-02
9.240000e+01 0.000000e+00 5.145319e-02 5.145319e-02
9.250000e+01 0.000000e+00 5.136876e-02 5.136876e-02
9.260000e+01 0.000000e+00 5.128448e-02 5.128448e-02
9.270000e+01 0.000000e+00 5.120035e-02 5.120035e-02
9.280000e+01 0.000000e+00 5.111637e-02 5.111637e-02
9.290000e+01 0.000000e+00 5.103254e-02 5.103254e-02
9.300000e+01 0.000000e+00 5.094885e-02 5.094885e-02
9.310000e+01 0.000000e+00 5.086531e-02 5.086531e-02
9.320000e+01 0.000000e+00 5.078192e-02 5.078192e-02
9.330000e+01 0.000000e+00 5.069868e-02 5.069868e-02
9.340000e+01 0.000000e+00 5.061559e-02 5.061559e-02
9.350000e+01 0.000000e+00 5.053264e-02 5.053264e-02
9.360000e+01 0.000000e+00 5.044983e-02 5.044983e-02
9.370000e+01 0.000000e+00 5.036718e-02 5.036718e-02
9.380000e+01 0.000000e+00 5.028467e-02 5.028467e-02
9.390000e+01 0.000000e+00 5.020230e-02 5.020230e-02
9.400000e+01 0.000000e+00 5.012008e-02 5.012008e-02
9.410000e+01 0.000000e+00 5.003801e-02 5.003801e-02
9.420000e+01 0.000000e+00 4.995608e-02 4.995608e-02
9.430000e+01 0.000000e+00 4.987430e-02 4.987430e-02
9.440000e+01 0.000000e+00 4.979266e-02 4.979266e-02
9.450000e+01 0.000000e+00 4.971117e-02 4.971117e-02
9.460000e+01 0.000000e+00 4.962982e-02 4.962982e-02
9.470000e+01 0.000000e+00 4.954862e-02 4.954862e-02
9.480000e+01 0.000000e+00 4.946756e-02 4.946756e-02
9.490000e+01 0.000000e+00 4.938664e-02 4.938664e-02
9.500000e+01 0.000000e+00 4.930587e-02 4.930587e-02
9.510000e+01 0.000000e+00 4.922524e-02 4.922524e-02
9.520000e+01 0.000000e+00 4.914475e-02 4.914475e-02
9.530000e+01 0.000000e+00 4.906440e-02 4.906440e-02
9.540000e+01 0.000000e+00 4.898420e-02 4.898420e-02
9.550000e+01 0.000000e+00 4.890414e-02 4.890414e-02
9.560000e+01 0.000000e+00 4.882422e-02 4.882422e-02
9.570000e+01 0.000000e+00 4.874445e-02 4.874445e-02
9.580000e+01 0.000000e+00 4.866482e-02 4.866482e-02
9.590000e+01 0.000000e+00 4.858533e-02 4.858533e-02
9.600000e+01 0.000000e+00 4.850598e-02 4.850598e-02
9.610000e+01 0.000000e+00 4.842677e-02 4.842677e-02
9.620000e+01 0.000000e+00 4.834770e-02 4.834770e-02
9.630000e+01 0.000000e+00 4.826878e-02 4.826878e-02
9.640000e+01 0.000000e+00 4.818999e-02 4.818999e-02
9.650000e+01 0.000000e+00 4.811135e-02 4.811135e-02
9.660000e+01 0.000000e+00 4.803284e-02 4.803284e-02
9.670000e+01 0.000000e+00 4.795447e-02 4.795447e-02
9.680000e+01 0.000000e+00 4.787624e-02 4.787624e-02
9.690000e+01 0.000000e+00 4.779816e-02 4.779816e-02
9.700000e+01 0.000000e+00 4.772020e-02 4.772020e-02
9.710000e+01 0.000000e+00 4.764239e-02 4.764239e-02
9.720000e+01 0.000000e+00 4.756472e-02 4.756472e-02
9.730000e+01 0.000000e+00 4.748718e-02 4.748718e-02
9.740000e+01 0.000000e+00 4.740979e-02 4.740979e-02
9.750000e+01 0.000000e+00 4.733253e-02 4.733253e-02
9.760000e+01 0.000000e+00 4.725541e-02 4.725541e-02
9.770000e+01 0.000000e+00 4.717842e-02 4.717842e-02
9.780000e+01 0.000000e+00 4.710157e-02 4.710157e-02
9.790000e+01 0.000000e+00 4.702486e-02 4.702486e-02
9.800000e+01 0.000000e+00 4.694828e-02 4.694828e-02
9.810000e+01 0.000000e+00 4.687184e-02 4.687184e-02
9.820000e+01 0.000000e+00 4.679553e-02 4.679553e-02
9.830000e+01 0.000000e+00 4.671936e-02 4.671936e-02
9.840000e+01 0.000000e+00 4.664332e-02 4.664332e-02
9.850000e+01 0.000000e+00 4.656742e-02 4.656742e-02
9.860000e+01 0.000000e+00 4.649166e-02 4.649166e-02
9.870000e+01 0.000000e+00 4.641603e-02 4.641603e-02
9.880000e+01 0.000000e+00 4.634053e-02 4.634053e-02
9.890000e+01 0.000000e+00 4.626517e-02 4.626517e-02
9.900000e+01 0.000000e+00 4.618994e-02 4.618994e-02
9.910000e+01 0.000000e+00 4.611485e-02 4.611485e-02
9.920000e+01 0.000000e+00 4.603989e-02 4.603989e-02
9.930000e+01 0.000000e+00 4.596506e-02 4.596506e-02
9.940000e+01 0.000000e+00 4.589036e-02 4.589036e-02
9.950000e+01 0.000000e+00 4.581579e-02 4.581579e-02
9.960000e+01 0.000000e+00 4.574136e-02 4.574136e-02
9.970000e+01 0.000000e+00 4.566705e-02 4.566705e-02
9.980000e+01 0.000000e+00 4.559288e-02 4.559288e-02
9.990000e+01 0.000000e+00 4.551884e-02 4.551884e-02
1.000000e+02 0.000000e+00 4.544493e-02 4.544493e-02
