# # chi(t) for Pe = 350, beta = 0.5, bridge_width = 1.0
# # Columns: time, chi, I_T (signed), I_|T| (unsigned)
0.000000e+00 0.000000e+00 3.835511e-01 3.835511e-01
1.000000e-01 4.150000e-05 3.992070e-01 3.992235e-01
2.000000e-01 0.000000e+00 4.002272e-01 4.002272e-01
3.000000e-01 0.000000e+00 4.002753e-01 4.002753e-01
4.000000e-01 0.000000e+00 4.003392e-01 4.003392e-01
5.000000e-01 1.000000e-07 4.003454e-01 4.003454e-01
6.000000e-01 3.200000e-06 4.003214e-01 4.003227e-01
7.000000e-01 1.740000e-05 4.001252e-01 4.001322e-01
8.000000e-01 3.090000e-05 4.002748e-01 4.002872e-01
9.000000e-01 2.550000e-05 4.003088e-01 4.003190e-01
1.000000e+00 8.700000e-06 4.003387e-01 4.003421e-01
1.100000e+00 0.000000e+00 4.003596e-01 4.003596e-01
1.200000e+00 0.000000e+00 4.003672e-01 4.003672e-01
1.300000e+00 0.000000e+00 4.003584e-01 4.003584e-01
1.400000e+00 0.000000e+00 4.003310e-01 4.003310e-01
1.500000e+00 0.000000e+00 4.002837e-01 4.002837e-01
1.600000e+00 0.000000e+00 4.002162e-01 4.002162e-01
1.700000e+00 0.000000e+00 4.001288e-01 4.001288e-01
1.800000e+00 0.000000e+00 4.000217e-01 4.000217e-01
1.900000e+00 0.000000e+00 3.998960e-01 3.998960e-01
2.000000e+00 0.000000e+00 3.997524e-01 3.997524e-01
2.100000e+00 0.000000e+00 3.995921e-01 3.995921e-01
2.200000e+00 0.000000e+00 3.994159e-01 3.994159e-01
2.300000e+00 0.000000e+00 3.992251e-01 3.992251e-01
2.400000e+00 0.000000e+00 3.990206e-01 3.990206e-01
2.500000e+00 0.000000e+00 3.988035e-01 3.988035e-01
2.600000e+00 0.000000e+00 3.985747e-01 3.985747e-01
2.700000e+00 0.000000e+00 3.983352e-01 3.983352e-01
2.800000e+00 0.000000e+00 3.980858e-01 3.980858e-01
2.900000e+00 0.000000e+00 3.978275e-01 3.978275e-01
3.000000e+00 0.000000e+00 3.975609e-01 3.975609e-01
3.100000e+00 0.000000e+00 3.972868e-01 3.972868e-01
3.200000e+00 0.000000e+00 3.970060e-01 3.970060e-01
3.300000e+00 0.000000e+00 3.967189e-01 3.967189e-01
3.400000e+00 0.000000e+00 3.964263e-01 3.964263e-01
3.500000e+00 0.000000e+00 3.961286e-01 3.961286e-01
3.600000e+00 0.000000e+00 3.958265e-01 3.958265e-01
3.700000e+00 0.000000e+00 3.955202e-01 3.955202e-01
3.800000e+00 0.000000e+00 3.952104e-01 3.952104e-01
3.900000e+00 0.000000e+00 3.948973e-01 3.948973e-01
4.000000e+00 0.000000e+00 3.945814e-01 3.945814e-01
4.100000e+00 0.000000e+00 3.942631e-01 3.942631e-01
4.200000e+00 0.000000e+00 3.939425e-01 3.939425e-01
4.300000e+00 0.000000e+00 3.936200e-01 3.936200e-01
4.400000e+00 0.000000e+00 3.932960e-01 3.932960e-01
4.500000e+00 0.000000e+00 3.929705e-01 3.929705e-01
4.600000e+00 0.000000e+00 3.926439e-01 3.926439e-01
4.700000e+00 0.000000e+00 3.923164e-01 3.923164e-01
4.800000e+00 0.000000e+00 3.919882e-01 3.919882e-01
4.900000e+00 0.000000e+00 3.916594e-01 3.916594e-01
5.000000e+00 0.000000e+00 3.913301e-01 3.913301e-01
5.100000e+00 0.000000e+00 3.910006e-01 3.910006e-01
5.200000e+00 0.000000e+00 3.906710e-01 3.906710e-01
5.300000e+00 0.000000e+00 3.903414e-01 3.903414e-01
5.400000e+00 0.000000e+00 3.900120e-01 3.900120e-01
5.500000e+00 0.000000e+00 3.896827e-01 3.896827e-01
5.600000e+00 0.000000e+00 3.893538e-01 3.893538e-01
5.700000e+00 0.000000e+00 3.890252e-01 3.890252e-01
5.800000e+00 0.000000e+00 3.886972e-01 3.886972e-01
5.900000e+00 0.000000e+00 3.883697e-01 3.883697e-01
6.000000e+00 0.000000e+00 3.880428e-01 3.880428e-01
6.100000e+00 0.000000e+00 3.877166e-01 3.877166e-01
6.200000e+00 0.000000e+00 3.873911e-01 3.873911e-01
6.300000e+00 0.000000e+00 3.870664e-01 3.870664e-01
6.400000e+00 0.000000e+00 3.867425e-01 3.867425e-01
6.500000e+00 0.000000e+00 3.864195e-01 3.864195e-01
6.600000e+00 0.000000e+00 3.860974e-01 3.860974e-01
6.700000e+00 0.000000e+00 3.857761e-01 3.857761e-01
6.800000e+00 0.000000e+00 3.854559e-01 3.854559e-01
6.900000e+00 0.000000e+00 3.851366e-01 3.851366e-01
7.000000e+00 0.000000e+00 3.848182e-01 3.848182e-01
7.100000e+00 0.000000e+00 3.845009e-01 3.845009e-01
7.200000e+00 0.000000e+00 3.841846e-01 3.841846e-01
7.300000e+00 0.000000e+00 3.838693e-01 3.838693e-01
7.400000e+00 0.000000e+00 3.835551e-01 3.835551e-01
7.500000e+00 0.000000e+00 3.832419e-01 3.832419e-01
7.600000e+00 0.000000e+00 3.829297e-01 3.829297e-01
7.700000e+00 0.000000e+00 3.826186e-01 3.826186e-01
7.800000e+00 0.000000e+00 3.823085e-01 3.823085e-01
7.900000e+00 0.000000e+00 3.819995e-01 3.819995e-01
8.000000e+00 0.000000e+00 3.816915e-01 3.816915e-01
8.100000e+00 0.000000e+00 3.813845e-01 3.813845e-01
8.200000e+00 0.000000e+00 3.810785e-01 3.810785e-01
8.300000e+00 0.000000e+00 3.807735e-01 3.807735e-01
8.400000e+00 0.000000e+00 3.804695e-01 3.804695e-01
8.500000e+00 0.000000e+00 3.801665e-01 3.801665e-01
8.600000e+00 0.000000e+00 3.798644e-01 3.798644e-01
8.700000e+00 0.000000e+00 3.795633e-01 3.795633e-01
8.800000e+00 0.000000e+00 3.792631e-01 3.792631e-01
8.900000e+00 0.000000e+00 3.789638e-01 3.789638e-01
9.000000e+00 0.000000e+00 3.786654e-01 3.786654e-01
9.100000e+00 0.000000e+00 3.783679e-01 3.783679e-01
9.200000e+00 0.000000e+00 3.780711e-01 3.780711e-01
9.300000e+00 0.000000e+00 3.777752e-01 3.777752e-01
9.400000e+00 0.000000e+00 3.774800e-01 3.774800e-01
9.500000e+00 0.000000e+00 3.771856e-01 3.771856e-01
9.600000e+00 0.000000e+00 3.768919e-01 3.768919e-01
9.700000e+00 0.000000e+00 3.765989e-01 3.765989e-01
9.800000e+00 0.000000e+00 3.763066e-01 3.763066e-01
9.900000e+00 0.000000e+00 3.760149e-01 3.760149e-01
1.000000e+01 0.000000e+00 3.757237e-01 3.757237e-01
1.010000e+01 0.000000e+00 3.754331e-01 3.754331e-01
1.020000e+01 0.000000e+00 3.751430e-01 3.751430e-01
1.030000e+01 0.000000e+00 3.748534e-01 3.748534e-01
1.040000e+01 0.000000e+00 3.745642e-01 3.745642e-01
1.050000e+01 0.000000e+00 3.742755e-01 3.742755e-01
1.060000e+01 0.000000e+00 3.739870e-01 3.739870e-01
1.070000e+01 0.000000e+00 3.736989e-01 3.736989e-01
1.080000e+01 0.000000e+00 3.734111e-01 3.734111e-01
1.090000e+01 0.000000e+00 3.731235e-01 3.731235e-01
1.100000e+01 0.000000e+00 3.728361e-01 3.728361e-01
1.110000e+01 0.000000e+00 3.725488e-01 3.725488e-01
1.120000e+01 0.000000e+00 3.722616e-01 3.722616e-01
1.130000e+01 0.000000e+00 3.719745e-01 3.719745e-01
1.140000e+01 0.000000e+00 3.716874e-01 3.716874e-01
1.150000e+01 0.000000e+00 3.714002e-01 3.714002e-01
1.160000e+01 0.000000e+00 3.711130e-01 3.711130e-01
1.170000e+01 0.000000e+00 3.708256e-01 3.708256e-01
1.180000e+01 0.000000e+00 3.705380e-01 3.705380e-01
1.190000e+01 0.000000e+00 3.702502e-01 3.702502e-01
1.200000e+01 0.000000e+00 3.699622e-01 3.699622e-01
1.210000e+01 0.000000e+00 3.696738e-01 3.696738e-01
1.220000e+01 0.000000e+00 3.693850e-01 3.693850e-01
1.230000e+01 0.000000e+00 3.690958e-01 3.690958e-01
1.240000e+01 0.000000e+00 3.688062e-01 3.688062e-01
1.250000e+01 0.000000e+00 3.685160e-01 3.685160e-01
1.260000e+01 0.000000e+00 3.682252e-01 3.682252e-01
1.270000e+01 0.000000e+00 3.679339e-01 3.679339e-01
1.280000e+01 0.000000e+00 3.676418e-01 3.676418e-01
1.290000e+01 0.000000e+00 3.673491e-01 3.673491e-01
1.300000e+01 0.000000e+00 3.670556e-01 3.670556e-01
1.310000e+01 0.000000e+00 3.667612e-01 3.667612e-01
1.320000e+01 0.000000e+00 3.664661e-01 3.664661e-01
1.330000e+01 0.000000e+00 3.661700e-01 3.661700e-01
1.340000e+01 0.000000e+00 3.658729e-01 3.658729e-01
1.350000e+01 0.000000e+00 3.655749e-01 3.655749e-01
1.360000e+01 0.000000e+00 3.652758e-01 3.652758e-01
1.370000e+01 0.000000e+00 3.649756e-01 3.649756e-01
1.380000e+01 0.000000e+00 3.646743e-01 3.646743e-01
1.390000e+01 0.000000e+00 3.643719e-01 3.643719e-01
1.400000e+01 0.000000e+00 3.640682e-01 3.640682e-01
1.410000e+01 0.000000e+00 3.637632e-01 3.637632e-01
1.420000e+01 0.000000e+00 3.634569e-01 3.634569e-01
1.430000e+01 0.000000e+00 3.631493e-01 3.631493e-01
1.440000e+01 0.000000e+00 3.628403e-01 3.628403e-01
1.450000e+01 0.000000e+00 3.625299e-01 3.625299e-01
1.460000e+01 0.000000e+00 3.622180e-01 3.622180e-01
1.470000e+01 0.000000e+00 3.619046e-01 3.619046e-01
1.480000e+01 0.000000e+00 3.615897e-01 3.615897e-01
1.490000e+01 0.000000e+00 3.612733e-01 3.612733e-01
1.500000e+01 0.000000e+00 3.609552e-01 3.609552e-01
1.510000e+01 0.000000e+00 3.606355e-01 3.606355e-01
1.520000e+01 0.000000e+00 3.603141e-01 3.603141e-01
1.530000e+01 0.000000e+00 3.599910e-01 3.599910e-01
1.540000e+01 0.000000e+00 3.596662e-01 3.596662e-01
1.550000e+01 0.000000e+00 3.593397e-01 3.593397e-01
1.560000e+01 0.000000e+00 3.590113e-01 3.590113e-01
1.570000e+01 0.000000e+00 3.586812e-01 3.586812e-01
1.580000e+01 0.000000e+00 3.583493e-01 3.583493e-01
1.590000e+01 0.000000e+00 3.580155e-01 3.580155e-01
1.600000e+01 0.000000e+00 3.576798e-01 3.576798e-01
1.610000e+01 0.000000e+00 3.573423e-01 3.573423e-01
1.620000e+01 0.000000e+00 3.570028e-01 3.570028e-01
1.630000e+01 0.000000e+00 3.566615e-01 3.566615e-01
1.640000e+01 0.000000e+00 3.563182e-01 3.563182e-01
1.650000e+01 0.000000e+00 3.559729e-01 3.559729e-01
1.660000e+01 0.000000e+00 3.556257e-01 3.556257e-01
1.670000e+01 0.000000e+00 3.552766e-01 3.552766e-01
1.680000e+01 0.000000e+00 3.549254e-01 3.549254e-01
1.690000e+01 0.000000e+00 3.545723e-01 3.545723e-01
1.700000e+01 0.000000e+00 3.542172e-01 3.542172e-01
1.710000e+01 0.000000e+00 3.538601e-01 3.538601e-01
1.720000e+01 0.000000e+00 3.535009e-01 3.535009e-01
1.730000e+01 0.000000e+00 3.531398e-01 3.531398e-01
1.740000e+01 0.000000e+00 3.527767e-01 3.527767e-01
1.750000e+01 0.000000e+00 3.524116e-01 3.524116e-01
1.760000e+01 0.000000e+00 3.520445e-01 3.520445e-01
1.770000e+01 0.000000e+00 3.516754e-01 3.516754e-01
1.780000e+01 0.000000e+00 3.513043e-01 3.513043e-01
1.790000e+01 0.000000e+00 3.509312e-01 3.509312e-01
1.800000e+01 0.000000e+00 3.505561e-01 3.505561e-01
1.810000e+01 0.000000e+00 3.501791e-01 3.501791e-01
1.820000e+01 0.000000e+00 3.498001e-01 3.498001e-01
1.830000e+01 0.000000e+00 3.494192e-01 3.494192e-01
1.840000e+01 0.000000e+00 3.490364e-01 3.490364e-01
1.850000e+01 0.000000e+00 3.486516e-01 3.486516e-01
1.860000e+01 0.000000e+00 3.482649e-01 3.482649e-01
1.870000e+01 0.000000e+00 3.478763e-01 3.478763e-01
1.880000e+01 0.000000e+00 3.474859e-01 3.474859e-01
1.890000e+01 0.000000e+00 3.470936e-01 3.470936e-01
1.900000e+01 0.000000e+00 3.466994e-01 3.466994e-01
1.910000e+01 0.000000e+00 3.463034e-01 3.463034e-01
1.920000e+01 0.000000e+00 3.459057e-01 3.459057e-01
1.930000e+01 0.000000e+00 3.455061e-01 3.455061e-01
1.940000e+01 0.000000e+00 3.451049e-01 3.451049e-01
1.950000e+01 0.000000e+00 3.447018e-01 3.447018e-01
1.960000e+01 0.000000e+00 3.442971e-01 3.442971e-01
1.970000e+01 0.000000e+00 3.438907e-01 3.438907e-01
1.980000e+01 0.000000e+00 3.434826e-01 3.434826e-01
1.990000e+01 0.000000e+00 3.430729e-01 3.430729e-01
2.000000e+01 0.000000e+00 3.426616e-01 3.426616e-01
2.010000e+01 0.000000e+00 3.422487e-01 3.422487e-01
2.020000e+01 0.000000e+00 3.418342e-01 3.418342e-01
2.030000e+01 0.000000e+00 3.414183e-01 3.414183e-01
2.040000e+01 0.000000e+00 3.410008e-01 3.410008e-01
2.050000e+01 0.000000e+00 3.405818e-01 3.405818e-01
2.060000e+01 0.000000e+00 3.401615e-01 3.401615e-01
2.070000e+01 0.000000e+00 3.397397e-01 3.397397e-01
2.080000e+01 0.000000e+00 3.393165e-01 3.393165e-01
2.090000e+01 0.000000e+00 3.388920e-01 3.388920e-01
2.100000e+01 0.000000e+00 3.384662e-01 3.384662e-01
2.110000e+01 0.000000e+00 3.380390e-01 3.380390e-01
2.120000e+01 0.000000e+00 3.376107e-01 3.376107e-01
2.130000e+01 0.000000e+00 3.371810e-01 3.371810e-01
2.140000e+01 0.000000e+00 3.367502e-01 3.367502e-01
2.150000e+01 0.000000e+00 3.363183e-01 3.363183e-01
2.160000e+01 0.000000e+00 3.358852e-01 3.358852e-01
2.170000e+01 0.000000e+00 3.354510e-01 3.354510e-01
2.180000e+01 0.000000e+00 3.350157e-01 3.350157e-01
2.190000e+01 0.000000e+00 3.345794e-01 3.345794e-01
2.200000e+01 0.000000e+00 3.341421e-01 3.341421e-01
2.210000e+01 0.000000e+00 3.337038e-01 3.337038e-01
2.220000e+01 0.000000e+00 3.332646e-01 3.332646e-01
2.230000e+01 0.000000e+00 3.328245e-01 3.328245e-01
2.240000e+01 0.000000e+00 3.323834e-01 3.323834e-01
2.250000e+01 0.000000e+00 3.319416e-01 3.319416e-01
2.260000e+01 0.000000e+00 3.314989e-01 3.314989e-01
2.270000e+01 0.000000e+00 3.310554e-01 3.310554e-01
2.280000e+01 0.000000e+00 3.306112e-01 3.306112e-01
2.290000e+01 0.000000e+00 3.301662e-01 3.301662e-01
2.300000e+01 0.000000e+00 3.297206e-01 3.297206e-01
2.310000e+01 0.000000e+00 3.292743e-01 3.292743e-01
2.320000e+01 0.000000e+00 3.288273e-01 3.288273e-01
2.330000e+01 0.000000e+00 3.283798e-01 3.283798e-01
2.340000e+01 0.000000e+00 3.279317e-01 3.279317e-01
2.350000e+01 0.000000e+00 3.274830e-01 3.274830e-01
2.360000e+01 0.000000e+00 3.270338e-01 3.270338e-01
2.370000e+01 0.000000e+00 3.265841e-01 3.265841e-01
2.380000e+01 0.000000e+00 3.261340e-01 3.261340e-01
2.390000e+01 0.000000e+00 3.256834e-01 3.256834e-01
2.400000e+01 0.000000e+00 3.252325e-01 3.252325e-01
2.410000e+01 0.000000e+00 3.247811e-01 3.247811e-01
2.420000e+01 0.000000e+00 3.243295e-01 3.243295e-01
2.430000e+01 0.000000e+00 3.238774e-01 3.238774e-01
2.440000e+01 0.000000e+00 3.234251e-01 3.234251e-01
2.450000e+01 0.000000e+00 3.229726e-01 3.229726e-01
2.460000e+01 0.000000e+00 3.225197e-01 3.225197e-01
2.470000e+01 0.000000e+00 3.220667e-01 3.220667e-01
2.480000e+01 0.000000e+00 3.216135e-01 3.216135e-01
2.490000e+01 0.000000e+00 3.211601e-01 3.211601e-01
2.500000e+01 0.000000e+00 3.207066e-01 3.207066e-01
2.510000e+01 0.000000e+00 3.202529e-01 3.202529e-01
2.520000e+01 0.000000e+00 3.197992e-01 3.197992e-01
2.530000e+01 0.000000e+00 3.193453e-01 3.193453e-01
2.540000e+01 0.000000e+00 3.188915e-01 3.188915e-01
2.550000e+01 0.000000e+00 3.184376e-01 3.184376e-01
2.560000e+01 0.000000e+00 3.179837e-01 3.179837e-01
2.570000e+01 0.000000e+00 3.175298e-01 3.175298e-01
2.580000e+01 0.000000e+00 3.170759e-01 3.170759e-01
2.590000e+01 0.000000e+00 3.166221e-01 3.166221e-01
2.600000e+01 0.000000e+00 3.161684e-01 3.161684e-01
2.610000e+01 0.000000e+00 3.157148e-01 3.157148e-01
2.620000e+01 0.000000e+00 3.152613e-01 3.152613e-01
2.630000e+01 0.000000e+00 3.148080e-01 3.148080e-01
2.640000e+01 0.000000e+00 3.143548e-01 3.143548e-01
2.650000e+01 0.000000e+00 3.139017e-01 3.139017e-01
2.660000e+01 0.000000e+00 3.134489e-01 3.134489e-01
2.670000e+01 0.000000e+00 3.129963e-01 3.129963e-01
2.680000e+01 0.000000e+00 3.125439e-01 3.125439e-01
2.690000e+01 0.000000e+00 3.120918e-01 3.120918e-01
2.700000e+01 0.000000e+00 3.116399e-01 3.116399e-01
2.710000e+01 0.000000e+00 3.111883e-01 3.111883e-01
2.720000e+01 0.000000e+00 3.107371e-01 3.107371e-01
2.730000e+01 0.000000e+00 3.102861e-01 3.102861e-01
2.740000e+01 0.000000e+00 3.098354e-01 3.098354e-01
2.750000e+01 0.000000e+00 3.093851e-01 3.093851e-01
2.760000e+01 0.000000e+00 3.089352e-01 3.089352e-01
2.770000e+01 0.000000e+00 3.084856e-01 3.084856e-01
2.780000e+01 0.000000e+00 3.080365e-01 3.080365e-01
2.790000e+01 0.000000e+00 3.075877e-01 3.075877e-01
2.800000e+01 0.000000e+00 3.071394e-01 3.071394e-01
2.810000e+01 0.000000e+00 3.066914e-01 3.066914e-01
2.820000e+01 0.000000e+00 3.062439e-01 3.062439e-01
2.830000e+01 0.000000e+00 3.057969e-01 3.057969e-01
2.840000e+01 0.000000e+00 3.053504e-01 3.053504e-01
2.850000e+01 0.000000e+00 3.049043e-01 3.049043e-01
2.860000e+01 0.000000e+00 3.044587e-01 3.044587e-01
2.870000e+01 0.000000e+00 3.040136e-01 3.040136e-01
2.880000e+01 0.000000e+00 3.035691e-01 3.035691e-01
2.890000e+01 0.000000e+00 3.031250e-01 3.031250e-01
2.900000e+01 0.000000e+00 3.026815e-01 3.026815e-01
2.910000e+01 0.000000e+00 3.022386e-01 3.022386e-01
2.920000e+01 0.000000e+00 3.017962e-01 3.017962e-01
2.930000e+01 0.000000e+00 3.013544e-01 3.013544e-01
2.940000e+01 0.000000e+00 3.009131e-01 3.009131e-01
2.950000e+01 0.000000e+00 3.004725e-01 3.004725e-01
2.960000e+01 0.000000e+00 3.000324e-01 3.000324e-01
2.970000e+01 0.000000e+00 2.995929e-01 2.995929e-01
2.980000e+01 0.000000e+00 2.991541e-01 2.991541e-01
2.990000e+01 0.000000e+00 2.987158e-01 2.987158e-01
3.000000e+01 0.000000e+00 2.982782e-01 2.982782e-01
3.010000e+01 0.000000e+00 2.978413e-01 2.978413e-01
3.020000e+01 0.000000e+00 2.974050e-01 2.974050e-01
3.030000e+01 0.000000e+00 2.969693e-01 2.969693e-01
3.040000e+01 0.000000e+00 2.965343e-01 2.965343e-01
3.050000e+01 0.000000e+00 2.961000e-01 2.961000e-01
3.060000e+01 0.000000e+00 2.956663e-01 2.956663e-01
3.070000e+01 0.000000e+00 2.952333e-01 2.952333e-01
3.080000e+01 0.000000e+00 2.948010e-01 2.948010e-01
3.090000e+01 0.000000e+00 2.943694e-01 2.943694e-01
3.100000e+01 0.000000e+00 2.939385e-01 2.939385e-01
3.110000e+01 0.000000e+00 2.935083e-01 2.935083e-01
3.120000e+01 0.000000e+00 2.930789e-01 2.930789e-01
3.130000e+01 0.000000e+00 2.926501e-01 2.926501e-01
3.140000e+01 0.000000e+00 2.922221e-01 2.922221e-01
3.150000e+01 0.000000e+00 2.917948e-01 2.917948e-01
3.160000e+01 0.000000e+00 2.913682e-01 2.913682e-01
3.170000e+01 0.000000e+00 2.909424e-01 2.909424e-01
3.180000e+01 0.000000e+00 2.905173e-01 2.905173e-01
3.190000e+01 0.000000e+00 2.900929e-01 2.900929e-01
3.200000e+01 0.000000e+00 2.896693e-01 2.896693e-01
3.210000e+01 0.000000e+00 2.892465e-01 2.892465e-01
3.220000e+01 0.000000e+00 2.888244e-01 2.888244e-01
3.230000e+01 0.000000e+00 2.884031e-01 2.884031e-01
3.240000e+01 0.000000e+00 2.879825e-01 2.879825e-01
3.250000e+01 0.000000e+00 2.875627e-01 2.875627e-01
3.260000e+01 0.000000e+00 2.871437e-01 2.871437e-01
3.270000e+01 0.000000e+00 2.867255e-01 2.867255e-01
3.280000e+01 0.000000e+00 2.863080e-01 2.863080e-01
3.290000e+01 0.000000e+00 2.858913e-01 2.858913e-01
3.300000e+01 0.000000e+00 2.854754e-01 2.854754e-01
3.310000e+01 0.000000e+00 2.850603e-01 2.850603e-01
3.320000e+01 0.000000e+00 2.846460e-01 2.846460e-01
3.330000e+01 0.000000e+00 2.842325e-01 2.842325e-01
3.340000e+01 0.000000e+00 2.838198e-01 2.838198e-01
3.350000e+01 0.000000e+00 2.834079e-01 2.834079e-01
3.360000e+01 0.000000e+00 2.829967e-01 2.829967e-01
3.370000e+01 0.000000e+00 2.825864e-01 2.825864e-01
3.380000e+01 0.000000e+00 2.821769e-01 2.821769e-01
3.390000e+01 0.000000e+00 2.817682e-01 2.817682e-01
3.400000e+01 0.000000e+00 2.813603e-01 2.813603e-01
3.410000e+01 0.000000e+00 2.809532e-01 2.809532e-01
3.420000e+01 0.000000e+00 2.805469e-01 2.805469e-01
3.430000e+01 0.000000e+00 2.801414e-01 2.801414e-01
3.440000e+01 0.000000e+00 2.797368e-01 2.797368e-01
3.450000e+01 0.000000e+00 2.793330e-01 2.793330e-01
3.460000e+01 0.000000e+00 2.789299e-01 2.789299e-01
3.470000e+01 0.000000e+00 2.785277e-01 2.785277e-01
3.480000e+01 0.000000e+00 2.781264e-01 2.781264e-01
3.490000e+01 0.000000e+00 2.777258e-01 2.777258e-01
3.500000e+01 0.000000e+00 2.773261e-01 2.773261e-01
3.510000e+01 0.000000e+00 2.769271e-01 2.769271e-01
3.520000e+01 0.000000e+00 2.765290e-01 2.765290e-01
3.530000e+01 0.000000e+00 2.761318e-01 2.761318e-01
3.540000e+01 0.000000e+00 2.757353e-01 2.757353e-01
3.550000e+01 0.000000e+00 2.753397e-01 2.753397e-01
3.560000e+01 0.000000e+00 2.749449e-01 2.749449e-01
3.570000e+01 0.000000e+00 2.745510e-01 2.745510e-01
3.580000e+01 0.000000e+00 2.741578e-01 2.741578e-01
3.590000e+01 0.000000e+00 2.737655e-01 2.737655e-01
3.600000e+01 0.000000e+00 2.733740e-01 2.733740e-01
3.610000e+01 0.000000e+00 2.729834e-01 2.729834e-01
3.620000e+01 0.000000e+00 2.725935e-01 2.725935e-01
3.630000e+01 0.000000e+00 2.722045e-01 2.722045e-01
3.640000e+01 0.000000e+00 2.718164e-01 2.718164e-01
3.650000e+01 0.000000e+00 2.714290e-01 2.714290e-01
3.660000e+01 0.000000e+00 2.710425e-01 2.710425e-01
3.670000e+01 0.000000e+00 2.706568e-01 2.706568e-01
3.680000e+01 0.000000e+00 2.702719e-01 2.702719e-01
3.690000e+01 0.000000e+00 2.698878e-01 2.698878e-01
3.700000e+01 0.000000e+00 2.695046e-01 2.695046e-01
3.710000e+01 0.000000e+00 2.691222e-01 2.691222e-01
3.720000e+01 0.000000e+00 2.687407e-01 2.687407e-01
3.730000e+01 0.000000e+00 2.683599e-01 2.683599e-01
3.740000e+01 0.000000e+00 2.679800e-01 2.679800e-01
3.750000e+01 0.000000e+00 2.676009e-01 2.676009e-01
3.760000e+01 0.000000e+00 2.672226e-01 2.672226e-01
3.770000e+01 0.000000e+00 2.668451e-01 2.668451e-01
3.780000e+01 0.000000e+00 2.664685e-01 2.664685e-01
3.790000e+01 0.000000e+00 2.660926e-01 2.660926e-01
3.800000e+01 0.000000e+00 2.657176e-01 2.657176e-01
3.810000e+01 0.000000e+00 2.653434e-01 2.653434e-01
3.820000e+01 0.000000e+00 2.649700e-01 2.649700e-01
3.830000e+01 0.000000e+00 2.645975e-01 2.645975e-01
3.840000e+01 0.000000e+00 2.642257e-01 2.642257e-01
3.850000e+01 0.000000e+00 2.638548e-01 2.638548e-01
3.860000e+01 0.000000e+00 2.634847e-01 2.634847e-01
3.870000e+01 0.000000e+00 2.631154e-01 2.631154e-01
3.880000e+01 0.000000e+00 2.627469e-01 2.627469e-01
3.890000e+01 0.000000e+00 2.623792e-01 2.623792e-01
3.900000e+01 0.000000e+00 2.620124e-01 2.620124e-01
3.910000e+01 0.000000e+00 2.616463e-01 2.616463e-01
3.920000e+01 0.000000e+00 2.612811e-01 2.612811e-01
3.930000e+01 0.000000e+00 2.609166e-01 2.609166e-01
3.940000e+01 0.000000e+00 2.605530e-01 2.605530e-01
3.950000e+01 0.000000e+00 2.601901e-01 2.601901e-01
3.960000e+01 0.000000e+00 2.598281e-01 2.598281e-01
3.970000e+01 0.000000e+00 2.594668e-01 2.594668e-01
3.980000e+01 0.000000e+00 2.591064e-01 2.591064e-01
3.990000e+01 0.000000e+00 2.587468e-01 2.587468e-01
4.000000e+01 0.000000e+00 2.583879e-01 2.583879e-01
4.010000e+01 0.000000e+00 2.580299e-01 2.580299e-01
4.020000e+01 0.000000e+00 2.576726e-01 2.576726e-01
4.030000e+01 0.000000e+00 2.573162e-01 2.573162e-01
4.040000e+01 0.000000e+00 2.569605e-01 2.569605e-01
4.050000e+01 0.000000e+00 2.566056e-01 2.566056e-01
4.060000e+01 0.000000e+00 2.562515e-01 2.562515e-01
4.070000e+01 0.000000e+00 2.558982e-01 2.558982e-01
4.080000e+01 0.000000e+00 2.555457e-01 2.555457e-01
4.090000e+01 0.000000e+00 2.551940e-01 2.551940e-01
4.100000e+01 0.000000e+00 2.548430e-01 2.548430e-01
4.110000e+01 0.000000e+00 2.544928e-01 2.544928e-01
4.120000e+01 0.000000e+00 2.541435e-01 2.541435e-01
4.130000e+01 0.000000e+00 2.537948e-01 2.537948e-01
4.140000e+01 0.000000e+00 2.534470e-01 2.534470e-01
4.150000e+01 0.000000e+00 2.530999e-01 2.530999e-01
4.160000e+01 0.000000e+00 2.527537e-01 2.527537e-01
4.170000e+01 0.000000e+00 2.524081e-01 2.524081e-01
4.180000e+01 0.000000e+00 2.520634e-01 2.520634e-01
4.190000e+01 0.000000e+00 2.517194e-01 2.517194e-01
4.200000e+01 0.000000e+00 2.513762e-01 2.513762e-01
4.210000e+01 0.000000e+00 2.510338e-01 2.510338e-01
4.220000e+01 0.000000e+00 2.506921e-01 2.506921e-01
4.230000e+01 0.000000e+00 2.503512e-01 2.503512e-01
4.240000e+01 0.000000e+00 2.500110e-01 2.500110e-01
4.250000e+01 0.000000e+00 2.496716e-01 2.496716e-01
4.260000e+01 0.000000e+00 2.493330e-01 2.493330e-01
4.270000e+01 0.000000e+00 2.489951e-01 2.489951e-01
4.280000e+01 0.000000e+00 2.486580e-01 2.486580e-01
4.290000e+01 0.000000e+00 2.483216e-01 2.483216e-01
4.300000e+01 0.000000e+00 2.479860e-01 2.479860e-01
4.310000e+01 0.000000e+00 2.476511e-01 2.476511e-01
4.320000e+01 0.000000e+00 2.473170e-01 2.473170e-01
4.330000e+01 0.000000e+00 2.469836e-01 2.469836e-01
4.340000e+01 0.000000e+00 2.466510e-01 2.466510e-01
4.350000e+01 0.000000e+00 2.463191e-01 2.463191e-01
4.360000e+01 0.000000e+00 2.459879e-01 2.459879e-01
4.370000e+01 0.000000e+00 2.456575e-01 2.456575e-01
4.380000e+01 0.000000e+00 2.453278e-01 2.453278e-01
4.390000e+01 0.000000e+00 2.449988e-01 2.449988e-01
4.400000e+01 0.000000e+00 2.446706e-01 2.446706e-01
4.410000e+01 0.000000e+00 2.443431e-01 2.443431e-01
4.420000e+01 0.000000e+00 2.440164e-01 2.440164e-01
4.430000e+01 0.000000e+00 2.436903e-01 2.436903e-01
4.440000e+01 0.000000e+00 2.433650e-01 2.433650e-01
4.450000e+01 0.000000e+00 2.430405e-01 2.430405e-01
4.460000e+01 0.000000e+00 2.427166e-01 2.427166e-01
4.470000e+01 0.000000e+00 2.423935e-01 2.423935e-01
4.480000e+01 0.000000e+00 2.420711e-01 2.420711e-01
4.490000e+01 0.000000e+00 2.417494e-01 2.417494e-01
4.500000e+01 0.000000e+00 2.414284e-01 2.414284e-01
4.510000e+01 0.000000e+00 2.411081e-01 2.411081e-01
4.520000e+01 0.000000e+00 2.407886e-01 2.407886e-01
4.530000e+01 0.000000e+00 2.404697e-01 2.404697e-01
4.540000e+01 0.000000e+00 2.401516e-01 2.401516e-01
4.550000e+01 0.000000e+00 2.398341e-01 2.398341e-01
4.560000e+01 0.000000e+00 2.395174e-01 2.395174e-01
4.570000e+01 0.000000e+00 2.392014e-01 2.392014e-01
4.580000e+01 0.000000e+00 2.388860e-01 2.388860e-01
4.590000e+01 0.000000e+00 2.385714e-01 2.385714e-01
4.600000e+01 0.000000e+00 2.382575e-01 2.382575e-01
4.610000e+01 0.000000e+00 2.379442e-01 2.379442e-01
4.620000e+01 0.000000e+00 2.376317e-01 2.376317e-01
4.630000e+01 0.000000e+00 2.373198e-01 2.373198e-01
4.640000e+01 0.000000e+00 2.370086e-01 2.370086e-01
4.650000e+01 0.000000e+00 2.366982e-01 2.366982e-01
4.660000e+01 0.000000e+00 2.363884e-01 2.363884e-01
4.670000e+01 0.000000e+00 2.360793e-01 2.360793e-01
4.680000e+01 0.000000e+00 2.357708e-01 2.357708e-01
4.690000e+01 0.000000e+00 2.354631e-01 2.354631e-01
4.700000e+01 0.000000e+00 2.351560e-01 2.351560e-01
4.710000e+01 0.000000e+00 2.348496e-01 2.348496e-01
4.720000e+01 0.000000e+00 2.345439e-01 2.345439e-01
4.730000e+01 0.000000e+00 2.342389e-01 2.342389e-01
4.740000e+01 0.000000e+00 2.339345e-01 2.339345e-01
4.750000e+01 0.000000e+00 2.336308e-01 2.336308e-01
4.760000e+01 0.000000e+00 2.333278e-01 2.333278e-01
4.770000e+01 0.000000e+00 2.330254e-01 2.330254e-01
4.780000e+01 0.000000e+00 2.327237e-01 2.327237e-01
4.790000e+01 0.000000e+00 2.324226e-01 2.324226e-01
4.800000e+01 0.000000e+00 2.321223e-01 2.321223e-01
4.810000e+01 0.000000e+00 2.318225e-01 2.318225e-01
4.820000e+01 0.000000e+00 2.315235e-01 2.315235e-01
4.830000e+01 0.000000e+00 2.312250e-01 2.312250e-01
4.840000e+01 0.000000e+00 2.309273e-01 2.309273e-01
4.850000e+01 0.000000e+00 2.306302e-01 2.306302e-01
4.860000e+01 0.000000e+00 2.303337e-01 2.303337e-01
4.870000e+01 0.000000e+00 2.300379e-01 2.300379e-01
4.880000e+01 0.000000e+00 2.297428e-01 2.297428e-01
4.890000e+01 0.000000e+00 2.294482e-01 2.294482e-01
4.900000e+01 0.000000e+00 2.291544e-01 2.291544e-01
4.910000e+01 0.000000e+00 2.288611e-01 2.288611e-01
4.920000e+01 0.000000e+00 2.285685e-01 2.285685e-01
4.930000e+01 0.000000e+00 2.282766e-01 2.282766e-01
4.940000e+01 0.000000e+00 2.279853e-01 2.279853e-01
4.950000e+01 0.000000e+00 2.276946e-01 2.276946e-01
4.960000e+01 0.000000e+00 2.274045e-01 2.274045e-01
4.970000e+01 0.000000e+00 2.271151e-01 2.271151e-01
4.980000e+01 0.000000e+00 2.268263e-01 2.268263e-01
4.990000e+01 0.000000e+00 2.265381e-01 2.265381e-01
5.000000e+01 0.000000e+00 2.262506e-01 2.262506e-01
5.010000e+01 0.000000e+00 2.259636e-01 2.259636e-01
5.020000e+01 0.000000e+00 2.256773e-01 2.256773e-01
5.030000e+01 0.000000e+00 2.253916e-01 2.253916e-01
5.040000e+01 0.000000e+00 2.251066e-01 2.251066e-01
5.050000e+01 0.000000e+00 2.248221e-01 2.248221e-01
5.060000e+01 0.000000e+00 2.245383e-01 2.245383e-01
5.070000e+01 0.000000e+00 2.242551e-01 2.242551e-01
5.080000e+01 0.000000e+00 2.239725e-01 2.239725e-01
5.090000e+01 0.000000e+00 2.236905e-01 2.236905e-01
5.100000e+01 0.000000e+00 2.234091e-01 2.234091e-01
5.110000e+01 0.000000e+00 2.231283e-01 2.231283e-01
5.120000e+01 0.000000e+00 2.228482e-01 2.228482e-01
5.130000e+01 0.000000e+00 2.225686e-01 2.225686e-01
5.140000e+01 0.000000e+00 2.222896e-01 2.222896e-01
5.150000e+01 0.000000e+00 2.220113e-01 2.220113e-01
5.160000e+01 0.000000e+00 2.217335e-01 2.217335e-01
5.170000e+01 0.000000e+00 2.214563e-01 2.214563e-01
5.180000e+01 0.000000e+00 2.211797e-01 2.211797e-01
5.190000e+01 0.000000e+00 2.209037e-01 2.209037e-01
5.200000e+01 0.000000e+00 2.206283e-01 2.206283e-01
5.210000e+01 0.000000e+00 2.203535e-01 2.203535e-01
5.220000e+01 0.000000e+00 2.200793e-01 2.200793e-01
5.230000e+01 0.000000e+00 2.198056e-01 2.198056e-01
5.240000e+01 0.000000e+00 2.195326e-01 2.195326e-01
5.250000e+01 0.000000e+00 2.192601e-01 2.192601e-01
5.260000e+01 0.000000e+00 2.189882e-01 2.189882e-01
5.270000e+01 0.000000e+00 2.187169e-01 2.187169e-01
5.280000e+01 0.000000e+00 2.184462e-01 2.184462e-01
5.290000e+01 0.000000e+00 2.181760e-01 2.181760e-01
5.300000e+01 0.000000e+00 2.179064e-01 2.179064e-01
5.310000e+01 0.000000e+00 2.176374e-01 2.176374e-01
5.320000e+01 0.000000e+00 2.173689e-01 2.173689e-01
5.330000e+01 0.000000e+00 2.171010e-01 2.171010e-01
5.340000e+01 0.000000e+00 2.168337e-01 2.168337e-01
5.350000e+01 0.000000e+00 2.165670e-01 2.165670e-01
5.360000e+01 0.000000e+00 2.163008e-01 2.163008e-01
5.370000e+01 0.000000e+00 2.160352e-01 2.160352e-01
5.380000e+01 0.000000e+00 2.157702e-01 2.157702e-01
5.390000e+01 0.000000e+00 2.155057e-01 2.155057e-01
5.400000e+01 0.000000e+00 2.152417e-01 2.152417e-01
5.410000e+01 0.000000e+00 2.149783e-01 2.149783e-01
5.420000e+01 0.000000e+00 2.147155e-01 2.147155e-01
5.430000e+01 0.000000e+00 2.144532e-01 2.144532e-01
5.440000e+01 0.000000e+00 2.141915e-01 2.141915e-01
5.450000e+01 0.000000e+00 2.139303e-01 2.139303e-01
5.460000e+01 0.000000e+00 2.136697e-01 2.136697e-01
5.470000e+01 0.000000e+00 2.134096e-01 2.134096e-01
5.480000e+01 0.000000e+00 2.131501e-01 2.131501e-01
5.490000e+01 0.000000e+00 2.128911e-01 2.128911e-01
5.500000e+01 0.000000e+00 2.126326e-01 2.126326e-01
5.510000e+01 0.000000e+00 2.123747e-01 2.123747e-01
5.520000e+01 0.000000e+00 2.121174e-01 2.121174e-01
5.530000e+01 0.000000e+00 2.118606e-01 2.118606e-01
5.540000e+01 0.000000e+00 2.116043e-01 2.116043e-01
5.550000e+01 0.000000e+00 2.113485e-01 2.113485e-01
5.560000e+01 0.000000e+00 2.110933e-01 2.110933e-01
5.570000e+01 0.000000e+00 2.108386e-01 2.108386e-01
5.580000e+01 0.000000e+00 2.105845e-01 2.105845e-01
5.590000e+01 0.000000e+00 2.103308e-01 2.103308e-01
5.600000e+01 0.000000e+00 2.100777e-01 2.100777e-01
5.610000e+01 0.000000e+00 2.098252e-01 2.098252e-01
5.620000e+01 0.000000e+00 2.095731e-01 2.095731e-01
5.630000e+01 0.000000e+00 2.093216e-01 2.093216e-01
5.640000e+01 0.000000e+00 2.090706e-01 2.090706e-01
5.650000e+01 0.000000e+00 2.088201e-01 2.088201e-01
5.660000e+01 0.000000e+00 2.085701e-01 2.085701e-01
5.670000e+01 0.000000e+00 2.083206e-01 2.083206e-01
5.680000e+01 0.000000e+00 2.080717e-01 2.080717e-01
5.690000e+01 0.000000e+00 2.078233e-01 2.078233e-01
5.700000e+01 0.000000e+00 2.075753e-01 2.075753e-01
5.710000e+01 0.000000e+00 2.073280e-01 2.073280e-01
5.720000e+01 0.000000e+00 2.070811e-01 2.070811e-01
5.730000e+01 0.000000e+00 2.068347e-01 2.068347e-01
5.740000e+01 0.000000e+00 2.065888e-01 2.065888e-01
5.750000e+01 0.000000e+00 2.063434e-01 2.063434e-01
5.760000e+01 0.000000e+00 2.060986e-01 2.060986e-01
5.770000e+01 0.000000e+00 2.058542e-01 2.058542e-01
5.780000e+01 0.000000e+00 2.056103e-01 2.056103e-01
5.790000e+01 0.000000e+00 2.053669e-01 2.053669e-01
5.800000e+01 0.000000e+00 2.051240e-01 2.051240e-01
5.810000e+01 0.000000e+00 2.048816e-01 2.048816e-01
5.820000e+01 0.000000e+00 2.046397e-01 2.046397e-01
5.830000e+01 0.000000e+00 2.043983e-01 2.043983e-01
5.840000e+01 0.000000e+00 2.041574e-01 2.041574e-01
5.850000e+01 0.000000e+00 2.039169e-01 2.039169e-01
5.860000e+01 0.000000e+00 2.036770e-01 2.036770e-01
5.870000e+01 0.000000e+00 2.034376e-01 2.034376e-01
5.880000e+01 0.000000e+00 2.031986e-01 2.031986e-01
5.890000e+01 0.000000e+00 2.029602e-01 2.029602e-01
5.900000e+01 0.000000e+00 2.027222e-01 2.027222e-01
5.910000e+01 0.000000e+00 2.024847e-01 2.024847e-01
5.920000e+01 0.000000e+00 2.022477e-01 2.022477e-01
5.930000e+01 0.000000e+00 2.020112e-01 2.020112e-01
5.940000e+01 0.000000e+00 2.017751e-01 2.017751e-01
5.950000e+01 0.000000e+00 2.015395e-01 2.015395e-01
5.960000e+01 0.000000e+00 2.013044e-01 2.013044e-01
5.970000e+01 0.000000e+00 2.010698e-01 2.010698e-01
5.980000e+01 0.000000e+00 2.008356e-01 2.008356e-01
5.990000e+01 0.000000e+00 2.006019e-01 2.006019e-01
6.000000e+01 0.000000e+00 2.003687e-01 2.003687e-01
6.010000e+01 0.000000e+00 2.001360e-01 2.001360e-01
6.020000e+01 0.000000e+00 1.999037e-01 1.999037e-01
6.030000e+01 0.000000e+00 1.996719e-01 1.996719e-01
6.040000e+01 0.000000e+00 1.994406e-01 1.994406e-01
6.050000e+01 0.000000e+00 1.992097e-01 1.992097e-01
6.060000e+01 0.000000e+00 1.989793e-01 1.989793e-01
6.070000e+01 0.000000e+00 1.987493e-01 1.987493e-01
6.080000e+01 0.000000e+00 1.985198e-01 1.985198e-01
6.090000e+01 0.000000e+00 1.982908e-01 1.982908e-01
6.100000e+01 0.000000e+00 1.980622e-01 1.980622e-01
6.110000e+01 0.000000e+00 1.978341e-01 1.978341e-01
6.120000e+01 0.000000e+00 1.976064e-01 1.976064e-01
6.130000e+01 0.000000e+00 1.973792e-01 1.973792e-01
6.140000e+01 0.000000e+00 1.971524e-01 1.971524e-01
6.150000e+01 0.000000e+00 1.969261e-01 1.969261e-01
6.160000e+01 0.000000e+00 1.967002e-01 1.967002e-01
6.170000e+01 0.000000e+00 1.964747e-01 1.964747e-01
6.180000e+01 0.000000e+00 1.962497e-01 1.962497e-01
6.190000e+01 0.000000e+00 1.960252e-01 1.960252e-01
6.200000e+01 0.000000e+00 1.958011e-01 1.958011e-01
6.210000e+01 0.000000e+00 1.955775e-01 1.955775e-01
6.220000e+01 0.000000e+00 1.953543e-01 1.953543e-01
6.230000e+01 0.000000e+00 1.951315e-01 1.951315e-01
6.240000e+01 0.000000e+00 1.949091e-01 1.949091e-01
6.250000e+01 0.000000e+00 1.946872e-01 1.946872e-01
6.260000e+01 0.000000e+00 1.944658e-01 1.944658e-01
6.270000e+01 0.000000e+00 1.942447e-01 1.942447e-01
6.280000e+01 0.000000e+00 1.940241e-01 1.940241e-01
6.290000e+01 0.000000e+00 1.938039e-01 1.938039e-01
6.300000e+01 0.000000e+00 1.935842e-01 1.935842e-01
6.310000e+01 0.000000e+00 1.933648e-01 1.933648e-01
6.320000e+01 0.000000e+00 1.931459e-01 1.931459e-01
6.330000e+01 0.000000e+00 1.929275e-01 1.929275e-01
6.340000e+01 0.000000e+00 1.927095e-01 1.927095e-01
6.350000e+01 0.000000e+00 1.924919e-01 1.924919e-01
6.360000e+01 0.000000e+00 1.922747e-01 1.922747e-01
6.370000e+01 0.000000e+00 1.920579e-01 1.920579e-01
6.380000e+01 0.000000e+00 1.918416e-01 1.918416e-01
6.390000e+01 0.000000e+00 1.916257e-01 1.916257e-01
6.400000e+01 0.000000e+00 1.914103e-01 1.914103e-01
6.410000e+01 0.000000e+00 1.911952e-01 1.911952e-01
6.420000e+01 0.000000e+00 1.909806e-01 1.909806e-01
6.430000e+01 0.000000e+00 1.907663e-01 1.907663e-01
6.440000e+01 0.000000e+00 1.905525e-01 1.905525e-01
6.450000e+01 0.000000e+00 1.903391e-01 1.903391e-01
6.460000e+01 0.000000e+00 1.901261e-01 1.901261e-01
6.470000e+01 0.000000e+00 1.899135e-01 1.899135e-01
6.480000e+01 0.000000e+00 1.897013e-01 1.897013e-01
6.490000e+01 0.000000e+00 1.894895e-01 1.894895e-01
6.500000e+01 0.000000e+00 1.892782e-01 1.892782e-01
6.510000e+01 0.000000e+00 1.890672e-01 1.890672e-01
6.520000e+01 0.000000e+00 1.888567e-01 1.888567e-01
6.530000e+01 0.000000e+00 1.886466e-01 1.886466e-01
6.540000e+01 0.000000e+00 1.884368e-01 1.884368e-01
6.550000e+01 0.000000e+00 1.882275e-01 1.882275e-01
6.560000e+01 0.000000e+00 1.880186e-01 1.880186e-01
6.570000e+01 0.000000e+00 1.878100e-01 1.878100e-01
6.580000e+01 0.000000e+00 1.876019e-01 1.876019e-01
6.590000e+01 0.000000e+00 1.873942e-01 1.873942e-01
6.600000e+01 0.000000e+00 1.871868e-01 1.871868e-01
6.610000e+01 0.000000e+00 1.869799e-01 1.869799e-01
6.620000e+01 0.000000e+00 1.867733e-01 1.867733e-01
6.630000e+01 0.000000e+00 1.865672e-01 1.865672e-01
6.640000e+01 0.000000e+00 1.863614e-01 1.863614e-01
6.650000e+01 0.000000e+00 1.861560e-01 1.861560e-01
6.660000e+01 0.000000e+00 1.859511e-01 1.859511e-01
6.670000e+01 0.000000e+00 1.857465e-01 1.857465e-01
6.680000e+01 0.000000e+00 1.855423e-01 1.855423e-01
6.690000e+01 0.000000e+00 1.853384e-01 1.853384e-01
6.700000e+01 0.000000e+00 1.851350e-01 1.851350e-01
6.710000e+01 0.000000e+00 1.849320e-01 1.849320e-01
6.720000e+01 0.000000e+00 1.847293e-01 1.847293e-01
6.730000e+01 0.000000e+00 1.845270e-01 1.845270e-01
6.740000e+01 0.000000e+00 1.843251e-01 1.843251e-01
6.750000e+01 0.000000e+00 1.841236e-01 1.841236e-01
6.760000e+01 0.000000e+00 1.839225e-01 1.839225e-01
6.770000e+01 0.000000e+00 1.837217e-01 1.837217e-01
6.780000e+01 0.000000e+00 1.835214e-01 1.835214e-01
6.790000e+01 0.000000e+00 1.833214e-01 1.833214e-01
6.800000e+01 0.000000e+00 1.831217e-01 1.831217e-01
6.810000e+01 0.000000e+00 1.829225e-01 1.829225e-01
6.820000e+01 0.000000e+00 1.827236e-01 1.827236e-01
6.830000e+01 0.000000e+00 1.825251e-01 1.825251e-01
6.840000e+01 0.000000e+00 1.823269e-01 1.823269e-01
6.850000e+01 0.000000e+00 1.821291e-01 1.821291e-01
6.860000e+01 0.000000e+00 1.819317e-01 1.819317e-01
6.870000e+01 0.000000e+00 1.817347e-01 1.817347e-01
6.880000e+01 0.000000e+00 1.815380e-01 1.815380e-01
6.890000e+01 0.000000e+00 1.813417e-01 1.813417e-01
6.900000e+01 0.000000e+00 1.811458e-01 1.811458e-01
6.910000e+01 0.000000e+00 1.809502e-01 1.809502e-01
6.920000e+01 0.000000e+00 1.807550e-01 1.807550e-01
6.930000e+01 0.000000e+00 1.805602e-01 1.805602e-01
6.940000e+01 0.000000e+00 1.803657e-01 1.803657e-01
6.950000e+01 0.000000e+00 1.801716e-01 1.801716e-01
6.960000e+01 0.000000e+00 1.799778e-01 1.799778e-01
6.970000e+01 0.000000e+00 1.797844e-01 1.797844e-01
6.980000e+01 0.000000e+00 1.795913e-01 1.795913e-01
6.990000e+01 0.000000e+00 1.793986e-01 1.793986e-01
7.000000e+01 0.000000e+00 1.792063e-01 1.792063e-01
7.010000e+01 0.000000e+00 1.790143e-01 1.790143e-01
7.020000e+01 0.000000e+00 1.788227e-01 1.788227e-01
7.030000e+01 0.000000e+00 1.786314e-01 1.786314e-01
7.040000e+01 0.000000e+00 1.784404e-01 1.784404e-01
7.050000e+01 0.000000e+00 1.782498e-01 1.782498e-01
7.060000e+01 0.000000e+00 1.780596e-01 1.780596e-01
7.070000e+01 0.000000e+00 1.778697e-01 1.778697e-01
7.080000e+01 0.000000e+00 1.776802e-01 1.776802e-01
7.090000e+01 0.000000e+00 1.774910e-01 1.774910e-01
7.100000e+01 0.000000e+00 1.773021e-01 1.773021e-01
7.110000e+01 0.000000e+00 1.771136e-01 1.771136e-01
7.120000e+01 0.000000e+00 1.769255e-01 1.769255e-01
7.130000e+01 0.000000e+00 1.767377e-01 1.767377e-01
7.140000e+01 0.000000e+00 1.765502e-01 1.765502e-01
7.150000e+01 0.000000e+00 1.763630e-01 1.763630e-01
7.160000e+01 0.000000e+00 1.761762e-01 1.761762e-01
7.170000e+01 0.000000e+00 1.759898e-01 1.759898e-01
7.180000e+01 0.000000e+00 1.758036e-01 1.758036e-01
7.190000e+01 0.000000e+00 1.756178e-01 1.756178e-01
7.200000e+01 0.000000e+00 1.754324e-01 1.754324e-01
7.210000e+01 0.000000e+00 1.752473e-01 1.752473e-01
7.220000e+01 0.000000e+00 1.750625e-01 1.750625e-01
7.230000e+01 0.000000e+00 1.748781e-01 1.748781e-01
7.240000e+01 0.000000e+00 1.746940e-01 1.746940e-01
7.250000e+01 0.000000e+00 1.745102e-01 1.745102e-01
7.260000e+01 0.000000e+00 1.743267e-01 1.743267e-01
7.270000e+01 0.000000e+00 1.741436e-01 1.741436e-01
7.280000e+01 0.000000e+00 1.739608e-01 1.739608e-01
7.290000e+01 0.000000e+00 1.737784e-01 1.737784e-01
7.300000e+01 0.000000e+00 1.735962e-01 1.735962e-01
7.310000e+01 0.000000e+00 1.734144e-01 1.734144e-01
7.320000e+01 0.000000e+00 1.732329e-01 1.732329e-01
7.330000e+01 0.000000e+00 1.730518e-01 1.730518e-01
7.340000e+01 0.000000e+00 1.728709e-01 1.728709e-01
7.350000e+01 0.000000e+00 1.726904e-01 1.726904e-01
7.360000e+01 0.000000e+00 1.725102e-01 1.725102e-01
7.370000e+01 0.000000e+00 1.723303e-01 1.723303e-01
7.380000e+01 0.000000e+00 1.721508e-01 1.721508e-01
7.390000e+01 0.000000e+00 1.719716e-01 1.719716e-01
7.400000e+01 0.000000e+00 1.717926e-01 1.717926e-01
7.410000e+01 0.000000e+00 1.716140e-01 1.716140e-01
7.420000e+01 0.000000e+00 1.714357e-01 1.714357e-01
7.430000e+01 0.000000e+00 1.712578e-01 1.712578e-01
7.440000e+01 0.000000e+00 1.710801e-01 1.710801e-01
7.450000e+01 0.000000e+00 1.709028e-01 1.709028e-01
7.460000e+01 0.000000e+00 1.707258e-01 1.707258e-01
7.470000e+01 0.000000e+00 1.705491e-01 1.705491e-01
7.480000e+01 0.000000e+00 1.703727e-01 1.703727e-01
7.490000e+01 0.000000e+00 1.701966e-01 1.701966e-01
7.500000e+01 0.000000e+00 1.700209e-01 1.700209e-01
7.510000e+01 0.000000e+00 1.698454e-01 1.698454e-01
7.520000e+01 0.000000e+00 1.696703e-01 1.696703e-01
7.530000e+01 0.000000e+00 1.694954e-01 1.694954e-01
7.540000e+01 0.000000e+00 1.693208e-01 1.693208e-01
7.550000e+01 0.000000e+00 1.691466e-01 1.691466e-01
7.560000e+01 0.000000e+00 1.689726e-01 1.689726e-01
7.570000e+01 0.000000e+00 1.687990e-01 1.687990e-01
7.580000e+01 0.000000e+00 1.686257e-01 1.686257e-01
7.590000e+01 0.000000e+00 1.684526e-01 1.684526e-01
7.600000e+01 0.000000e+00 1.682799e-01 1.682799e-01
7.610000e+01 0.000000e+00 1.681075e-01 1.681075e-01
7.620000e+01 0.000000e+00 1.679353e-01 1.679353e-01
7.630000e+01 0.000000e+00 1.677635e-01 1.677635e-01
7.640000e+01 0.000000e+00 1.675920e-01 1.675920e-01
7.650000e+01 0.000000e+00 1.674207e-01 1.674207e-01
7.660000e+01 0.000000e+00 1.672498e-01 1.672498e-01
7.670000e+01 0.000000e+00 1.670792e-01 1.670792e-01
7.680000e+01 0.000000e+00 1.669089e-01 1.669089e-01
7.690000e+01 0.000000e+00 1.667388e-01 1.667388e-01
7.700000e+01 0.000000e+00 1.665691e-01 1.665691e-01
7.710000e+01 0.000000e+00 1.663996e-01 1.663996e-01
7.720000e+01 0.000000e+00 1.662304e-01 1.662304e-01
7.730000e+01 0.000000e+00 1.660616e-01 1.660616e-01
7.740000e+01 0.000000e+00 1.658930e-01 1.658930e-01
7.750000e+01 0.000000e+00 1.657247e-01 1.657247e-01
7.760000e+01 0.000000e+00 1.655567e-01 1.655567e-01
7.770000e+01 0.000000e+00 1.653890e-01 1.653890e-01
7.780000e+01 0.000000e+00 1.652215e-01 1.652215e-01
7.790000e+01 0.000000e+00 1.650544e-01 1.650544e-01
7.800000e+01 0.000000e+00 1.648875e-01 1.648875e-01
7.810000e+01 0.000000e+00 1.647210e-01 1.647210e-01
7.820000e+01 0.000000e+00 1.645547e-01 1.645547e-01
7.830000e+01 0.000000e+00 1.643887e-01 1.643887e-01
7.840000e+01 0.000000e+00 1.642230e-01 1.642230e-01
7.850000e+01 0.000000e+00 1.640575e-01 1.640575e-01
7.860000e+01 0.000000e+00 1.638924e-01 1.638924e-01
7.870000e+01 0.000000e+00 1.637275e-01 1.637275e-01
7.880000e+01 0.000000e+00 1.635629e-01 1.635629e-01
7.890000e+01 0.000000e+00 1.633985e-01 1.633985e-01
7.900000e+01 0.000000e+00 1.632345e-01 1.632345e-01
7.910000e+01 0.000000e+00 1.630707e-01 1.630707e-01
7.920000e+01 0.000000e+00 1.629072e-01 1.629072e-01
7.930000e+01 0.000000e+00 1.627440e-01 1.627440e-01
7.940000e+01 0.000000e+00 1.625811e-01 1.625811e-01
7.950000e+01 0.000000e+00 1.624184e-01 1.624184e-01
7.960000e+01 0.000000e+00 1.622560e-01 1.622560e-01
7.970000e+01 0.000000e+00 1.620939e-01 1.620939e-01
7.980000e+01 0.000000e+00 1.619321e-01 1.619321e-01
7.990000e+01 0.000000e+00 1.617705e-01 1.617705e-01
8.000000e+01 0.000000e+00 1.616092e-01 1.616092e-01
8.010000e+01 0.000000e+00 1.614482e-01 1.614482e-01
8.020000e+01 0.000000e+00 1.612875e-01 1.612875e-01
8.030000e+01 0.000000e+00 1.611270e-01 1.611270e-01
8.040000e+01 0.000000e+00 1.609668e-01 1.609668e-01
8.050000e+01 0.000000e+00 1.608069e-01 1.608069e-01
8.060000e+01 0.000000e+00 1.606472e-01 1.606472e-01
8.070000e+01 0.000000e+00 1.604878e-01 1.604878e-01
8.080000e+01 0.000000e+00 1.603287e-01 1.603287e-01
8.090000e+01 0.000000e+00 1.601698e-01 1.601698e-01
8.100000e+01 0.000000e+00 1.600112e-01 1.600112e-01
8.110000e+01 0.000000e+00 1.598529e-01 1.598529e-01
8.120000e+01 0.000000e+00 1.596948e-01 1.596948e-01
8.130000e+01 0.000000e+00 1.595370e-01 1.595370e-01
8.140000e+01 0.000000e+00 1.593795e-01 1.593795e-01
8.150000e+01 0.000000e+00 1.592222e-01 1.592222e-01
8.160000e+01 0.000000e+00 1.590652e-01 1.590652e-01
8.170000e+01 0.000000e+00 1.589084e-01 1.589084e-01
8.180000e+01 0.000000e+00 1.587519e-01 1.587519e-01
8.190000e+01 0.000000e+00 1.585957e-01 1.585957e-01
8.200000e+01 0.000000e+00 1.584397e-01 1.584397e-01
8.210000e+01 0.000000e+00 1.582839e-01 1.582839e-01
8.220000e+01 0.000000e+00 1.581284e-01 1.581284e-01
8.230000e+01 0.000000e+00 1.579732e-01 1.579732e-01
8.240000e+01 0.000000e+00 1.578183e-01 1.578183e-01
8.250000e+01 0.000000e+00 1.576636e-01 1.576636e-01
8.260000e+01 0.000000e+00 1.575092e-01 1.575092e-01
8.270000e+01 0.000000e+00 1.573550e-01 1.573550e-01
8.280000e+01 0.000000e+00 1.572011e-01 1.572011e-01
8.290000e+01 0.000000e+00 1.570475e-01 1.570475e-01
8.300000e+01 0.000000e+00 1.568940e-01 1.568940e-01
8.310000e+01 0.000000e+00 1.567409e-01 1.567409e-01
8.320000e+01 0.000000e+00 1.565879e-01 1.565879e-01
8.330000e+01 0.000000e+00 1.564352e-01 1.564352e-01
8.340000e+01 0.000000e+00 1.562828e-01 1.562828e-01
8.350000e+01 0.000000e+00 1.561306e-01 1.561306e-01
8.360000e+01 0.000000e+00 1.559787e-01 1.559787e-01
8.370000e+01 0.000000e+00 1.558270e-01 1.558270e-01
8.380000e+01 0.000000e+00 1.556755e-01 1.556755e-01
8.390000e+01 0.000000e+00 1.555244e-01 1.555244e-01
8.400000e+01 0.000000e+00 1.553734e-01 1.553734e-01
8.410000e+01 0.000000e+00 1.552227e-01 1.552227e-01
8.420000e+01 0.000000e+00 1.550722e-01 1.550722e-01
8.430000e+01 0.000000e+00 1.549220e-01 1.549220e-01
8.440000e+01 0.000000e+00 1.547721e-01 1.547721e-01
8.450000e+01 0.000000e+00 1.546224e-01 1.546224e-01
8.460000e+01 0.000000e+00 1.544729e-01 1.544729e-01
8.470000e+01 0.000000e+00 1.543237e-01 1.543237e-01
8.480000e+01 0.000000e+00 1.541747e-01 1.541747e-01
8.490000e+01 0.000000e+00 1.540259e-01 1.540259e-01
8.500000e+01 0.000000e+00 1.538774e-01 1.538774e-01
8.510000e+01 0.000000e+00 1.537292e-01 1.537292e-01
8.520000e+01 0.000000e+00 1.535811e-01 1.535811e-01
8.530000e+01 0.000000e+00 1.534333e-01 1.534333e-01
8.540000e+01 0.000000e+00 1.532858e-01 1.532858e-01
8.550000e+01 0.000000e+00 1.531385e-01 1.531385e-01
8.560000e+01 0.000000e+00 1.529914e-01 1.529914e-01
8.570000e+01 0.000000e+00 1.528446e-01 1.528446e-01
8.580000e+01 0.000000e+00 1.526980e-01 1.526980e-01
8.590000e+01 0.000000e+00 1.525516e-01 1.525516e-01
8.600000e+01 0.000000e+00 1.524054e-01 1.524054e-01
8.610000e+01 0.000000e+00 1.522595e-01 1.522595e-01
8.620000e+01 0.000000e+00 1.521139e-01 1.521139e-01
8.630000e+01 0.000000e+00 1.519684e-01 1.519684e-01
8.640000e+01 0.000000e+00 1.518232e-01 1.518232e-01
8.650000e+01 0.000000e+00 1.516783e-01 1.516783e-01
8.660000e+01 0.000000e+00 1.515335e-01 1.515335e-01
8.670000e+01 0.000000e+00 1.513890e-01 1.513890e-01
8.680000e+01 0.000000e+00 1.512448e-01 1.512448e-01
8.690000e+01 0.000000e+00 1.511007e-01 1.511007e-01
8.700000e+01 0.000000e+00 1.509569e-01 1.509569e-01
8.710000e+01 0.000000e+00 1.508133e-01 1.508133e-01
8.720000e+01 0.000000e+00 1.506700e-01 1.506700e-01
8.730000e+01 0.000000e+00 1.505268e-01 1.505268e-01
8.740000e+01 0.000000e+00 1.503839e-01 1.503839e-01
8.750000e+01 0.000000e+00 1.502412e-01 1.502412e-01
8.760000e+01 0.000000e+00 1.500988e-01 1.500988e-01
8.770000e+01 0.000000e+00 1.499566e-01 1.499566e-01
8.780000e+01 0.000000e+00 1.498146e-01 1.498146e-01
8.790000e+01 0.000000e+00 1.496728e-01 1.496728e-01
8.800000e+01 0.000000e+00 1.495312e-01 1.495312e-01
8.810000e+01 0.000000e+00 1.493899e-01 1.493899e-01
8.820000e+01 0.000000e+00 1.492488e-01 1.492488e-01
8.830000e+01 0.000000e+00 1.491079e-01 1.491079e-01
8.840000e+01 0.000000e+00 1.489673e-01 1.489673e-01
8.850000e+01 0.000000e+00 1.488269e-01 1.488269e-01
8.860000e+01 0.000000e+00 1.486866e-01 1.486866e-01
8.870000e+01 0.000000e+00 1.485466e-01 1.485466e-01
8.880000e+01 0.000000e+00 1.484069e-01 1.484069e-01
8.890000e+01 0.000000e+00 1.482673e-01 1.482673e-01
8.900000e+01 0.000000e+00 1.481280e-01 1.481280e-01
8.910000e+01 0.000000e+00 1.479888e-01 1.479888e-01
8.920000e+01 0.000000e+00 1.478499e-01 1.478499e-01
8.930000e+01 0.000000e+00 1.477112e-01 1.477112e-01
8.940000e+01 0.000000e+00 1.475727e-01 1.475727e-01
8.950000e+01 0.000000e+00 1.474344e-01 1.474344e-01
8.960000e+01 0.000000e+00 1.472964e-01 1.472964e-01
8.970000e+01 0.000000e+00 1.471585e-01 1.471585e-01
8.980000e+01 0.000000e+00 1.470209e-01 1.470209e-01
8.990000e+01 0.000000e+00 1.468835e-01 1.468835e-01
9.000000e+01 0.000000e+00 1.467463e-01 1.467463e-01
9.010000e+01 0.000000e+00 1.466093e-01 1.466093e-01
9.020000e+01 0.000000e+00 1.464725e-01 1.464725e-01
9.030000e+01 0.000000e+00 1.463360e-01 1.463360e-01
9.040000e+01 0.000000e+00 1.461996e-01 1.461996e-01
9.050000e+01 0.000000e+00 1.460635e-01 1.460635e-01
9.060000e+01 0.000000e+00 1.459275e-01 1.459275e-01
9.070000e+01 0.000000e+00 1.457918e-01 1.457918e-01
9.080000e+01 0.000000e+00 1.456563e-01 1.456563e-01
9.090000e+01 0.000000e+00 1.455210e-01 1.455210e-01
9.100000e+01 0.000000e+00 1.453859e-01 1.453859e-01
9.110000e+01 0.000000e+00 1.452510e-01 1.452510e-01
9.120000e+01 0.000000e+00 1.451163e-01 1.451163e-01
9.130000e+01 0.000000e+00 1.449818e-01 1.449818e-01
9.140000e+01 0.000000e+00 1.448475e-01 1.448475e-01
9.150000e+01 0.000000e+00 1.447134e-01 1.447134e-01
9.160000e+01 0.000000e+00 1.445796e-01 1.445796e-01
9.170000e+01 0.000000e+00 1.444459e-01 1.444459e-01
9.180000e+01 0.000000e+00 1.443124e-01 1.443124e-01
9.190000e+01 0.000000e+00 1.441792e-01 1.441792e-01
9.200000e+01 0.000000e+00 1.440461e-01 1.440461e-01
9.210000e+01 0.000000e+00 1.439133e-01 1.439133e-01
9.220000e+01 0.000000e+00 1.437807e-01 1.437807e-01
9.230000e+01 0.000000e+00 1.436483e-01 1.436483e-01
9.240000e+01 0.000000e+00 1.435161e-01 1.435161e-01
9.250000e+01 0.000000e+00 1.433840e-01 1.433840e-01
9.260000e+01 0.000000e+00 1.432522e-01 1.432522e-01
9.270000e+01 0.000000e+00 1.431206e-01 1.431206e-01
9.280000e+01 0.000000e+00 1.429891e-01 1.429891e-01
9.290000e+01 0.000000e+00 1.428579e-01 1.428579e-01
9.300000e+01 0.000000e+00 1.427269e-01 1.427269e-01
9.310000e+01 0.000000e+00 1.425960e-01 1.425960e-01
9.320000e+01 0.000000e+00 1.424654e-01 1.424654e-01
9.330000e+01 0.000000e+00 1.423349e-01 1.423349e-01
9.340000e+01 0.000000e+00 1.422046e-01 1.422046e-01
9.350000e+01 0.000000e+00 1.420746e-01 1.420746e-01
9.360000e+01 0.000000e+00 1.419447e-01 1.419447e-01
9.370000e+01 0.000000e+00 1.418150e-01 1.418150e-01
9.380000e+01 0.000000e+00 1.416855e-01 1.416855e-01
9.390000e+01 0.000000e+00 1.415563e-01 1.415563e-01
9.400000e+01 0.000000e+00 1.414272e-01 1.414272e-01
9.410000e+01 0.000000e+00 1.412983e-01 1.412983e-01
9.420000e+01 0.000000e+00 1.411696e-01 1.411696e-01
9.430000e+01 0.000000e+00 1.410411e-01 1.410411e-01
9.440000e+01 0.000000e+00 1.409128e-01 1.409128e-01
9.450000e+01 0.000000e+00 1.407847e-01 1.407847e-01
9.460000e+01 0.000000e+00 1.406568e-01 1.406568e-01
9.470000e+01 0.000000e+00 1.405291e-01 1.405291e-01
9.480000e+01 0.000000e+00 1.404016e-01 1.404016e-01
9.490000e+01 0.000000e+00 1.402742e-01 1.402742e-01
9.500000e+01 0.000000e+00 1.401471e-01 1.401471e-01
9.510000e+01 0.000000e+00 1.400201e-01 1.400201e-01
9.520000e+01 0.000000e+00 1.398934e-01 1.398934e-01
9.530000e+01 0.000000e+00 1.397668e-01 1.397668e-01
9.540000e+01 0.000000e+00 1.396404e-01 1.396404e-01
9.550000e+01 0.000000e+00 1.395142e-01 1.395142e-01
9.560000e+01 0.000000e+00 1.393882e-01 1.393882e-01
9.570000e+01 0.000000e+00 1.392624e-01 1.392624e-01
9.580000e+01 0.000000e+00 1.391367e-01 1.391367e-01
9.590000e+01 0.000000e+00 1.390113e-01 1.390113e-01
9.600000e+01 0.000000e+00 1.388860e-01 1.388860e-01
9.610000e+01 0.000000e+00 1.387610e-01 1.387610e-01
9.620000e+01 0.000000e+00 1.386361e-01 1.386361e-01
9.630000e+01 0.000000e+00 1.385114e-01 1.385114e-01
9.640000e+01 0.000000e+00 1.383869e-01 1.383869e-01
9.650000e+01 0.000000e+00 1.382625e-01 1.382625e-01
9.660000e+01 0.000000e+00 1.381384e-01 1.381384e-01
9.670000e+01 0.000000e+00 1.380144e-01 1.380144e-01
9.680000e+01 0.000000e+00 1.378906e-01 1.378906e-01
9.690000e+01 0.000000e+00 1.377670e-01 1.377670e-01
9.700000e+01 0.000000e+00 1.376436e-01 1.376436e-01
9.710000e+01 0.000000e+00 1.375204e-01 1.375204e-01
9.720000e+01 0.000000e+00 1.373973e-01 1.373973e-01
9.730000e+01 0.000000e+00 1.372744e-01 1.372744e-01
9.740000e+01 0.000000e+00 1.371517e-01 1.371517e-01
9.750000e+01 0.000000e+00 1.370292e-01 1.370292e-01
9.760000e+01 0.000000e+00 1.369068e-01 1.369068e-01
9.770000e+01 0.000000e+00 1.367847e-01 1.367847e-01
9.780000e+01 0.000000e+00 1.366627e-01 1.366627e-01
9.790000e+01 0.000000e+00 1.365409e-01 1.365409e-01
9.800000e+01 0.000000e+00 1.364192e-01 1.364192e-01
9.810000e+01 0.000000e+00 1.362978e-01 1.362978e-01
9.820000e+01 0.000000e+00 1.361765e-01 1.361765e-01
9.830000e+01 0.000000e+00 1.360554e-01 1.360554e-01
9.840000e+01 0.000000e+00 1.359344e-01 1.359344e-01
9.850000e+01 0.000000e+00 1.358137e-01 1.358137e-01
9.860000e+01 0.000000e+00 1.356931e-01 1.356931e-01
9.870000e+01 0.000000e+00 1.355727e-01 1.355727e-01
9.880000e+01 0.000000e+00 1.354525e-01 1.354525e-01
9.890000e+01 0.000000e+00 1.353325e-01 1.353325e-01
9.900000e+01 0.000000e+00 1.352126e-01 1.352126e-01
9.910000e+01 0.000000e+00 1.350929e-01 1.350929e-01
9.920000e+01 0.000000e+00 1.349734e-01 1.349734e-01
9.930000e+01 0.000000e+00 1.348540e-01 1.348540e-01
9.940000e+01 0.000000e+00 1.347348e-01 1.347348e-01
9.950000e+01 0.000000e+00 1.346158e-01 1.346158e-01
9.960000e+01 0.000000e+00 1.344970e-01 1.344970e-01
9.970000e+01 0.000000e+00 1.343783e-01 1.343783e-01
9.980000e+01 0.000000e+00 1.342598e-01 1.342598e-01
9.990000e+01 0.000000e+00 1.341414e-01 1.341414e-01
1.000000e+02 0.000000e+00 1.340232e-01 1.340232e-01
