# # chi(t) for Pe = 250, beta = 0.5, bridge_width = 1.0
# # Columns: time, chi, I_T (signed), I_|T| (unsigned)
0.000000e+00 0.000000e+00 3.835511e-01 3.835511e-01
1.000000e-01 2.750000e-05 3.992933e-01 3.993043e-01
2.000000e-01 0.000000e+00 4.001990e-01 4.001990e-01
3.000000e-01 0.000000e+00 4.002298e-01 4.002298e-01
4.000000e-01 0.000000e+00 4.002816e-01 4.002816e-01
5.000000e-01 5.000000e-07 4.002944e-01 4.002946e-01
6.000000e-01 8.700000e-06 4.002872e-01 4.002907e-01
7.000000e-01 2.990000e-05 4.002445e-01 4.002564e-01
8.000000e-01 3.540000e-05 4.002806e-01 4.002948e-01
9.000000e-01 1.920000e-05 4.003150e-01 4.003227e-01
1.000000e+00 1.500000e-06 4.003419e-01 4.003425e-01
1.100000e+00 0.000000e+00 4.003556e-01 4.003556e-01
1.200000e+00 0.000000e+00 4.003512e-01 4.003512e-01
1.300000e+00 0.000000e+00 4.003255e-01 4.003255e-01
1.400000e+00 0.000000e+00 4.002767e-01 4.002767e-01
1.500000e+00 0.000000e+00 4.002039e-01 4.002039e-01
1.600000e+00 0.000000e+00 4.001074e-01 4.001074e-01
1.700000e+00 0.000000e+00 3.999877e-01 3.999877e-01
1.800000e+00 0.000000e+00 3.998458e-01 3.998458e-01
1.900000e+00 0.000000e+00 3.996831e-01 3.996831e-01
2.000000e+00 0.000000e+00 3.995007e-01 3.995007e-01
2.100000e+00 0.000000e+00 3.993000e-01 3.993000e-01
2.200000e+00 0.000000e+00 3.990824e-01 3.990824e-01
2.300000e+00 0.000000e+00 3.988492e-01 3.988492e-01
2.400000e+00 0.000000e+00 3.986017e-01 3.986017e-01
2.500000e+00 0.000000e+00 3.983411e-01 3.983411e-01
2.600000e+00 0.000000e+00 3.980686e-01 3.980686e-01
2.700000e+00 0.000000e+00 3.977852e-01 3.977852e-01
2.800000e+00 0.000000e+00 3.974919e-01 3.974919e-01
2.900000e+00 0.000000e+00 3.971898e-01 3.971898e-01
3.000000e+00 0.000000e+00 3.968796e-01 3.968796e-01
3.100000e+00 0.000000e+00 3.965622e-01 3.965622e-01
3.200000e+00 0.000000e+00 3.962384e-01 3.962384e-01
3.300000e+00 0.000000e+00 3.959087e-01 3.959087e-01
3.400000e+00 0.000000e+00 3.955740e-01 3.955740e-01
3.500000e+00 0.000000e+00 3.952347e-01 3.952347e-01
3.600000e+00 0.000000e+00 3.948914e-01 3.948914e-01
3.700000e+00 0.000000e+00 3.945446e-01 3.945446e-01
3.800000e+00 0.000000e+00 3.941948e-01 3.941948e-01
3.900000e+00 0.000000e+00 3.938423e-01 3.938423e-01
4.000000e+00 0.000000e+00 3.934875e-01 3.934875e-01
4.100000e+00 0.000000e+00 3.931308e-01 3.931308e-01
4.200000e+00 0.000000e+00 3.927726e-01 3.927726e-01
4.300000e+00 0.000000e+00 3.924130e-01 3.924130e-01
4.400000e+00 0.000000e+00 3.920524e-01 3.920524e-01
4.500000e+00 0.000000e+00 3.916910e-01 3.916910e-01
4.600000e+00 0.000000e+00 3.913290e-01 3.913290e-01
4.700000e+00 0.000000e+00 3.909666e-01 3.909666e-01
4.800000e+00 0.000000e+00 3.906040e-01 3.906040e-01
4.900000e+00 0.000000e+00 3.902414e-01 3.902414e-01
5.000000e+00 0.000000e+00 3.898789e-01 3.898789e-01
5.100000e+00 0.000000e+00 3.895166e-01 3.895166e-01
5.200000e+00 0.000000e+00 3.891547e-01 3.891547e-01
5.300000e+00 0.000000e+00 3.887932e-01 3.887932e-01
5.400000e+00 0.000000e+00 3.884322e-01 3.884322e-01
5.500000e+00 0.000000e+00 3.880719e-01 3.880719e-01
5.600000e+00 0.000000e+00 3.877123e-01 3.877123e-01
5.700000e+00 0.000000e+00 3.873535e-01 3.873535e-01
5.800000e+00 0.000000e+00 3.869955e-01 3.869955e-01
5.900000e+00 0.000000e+00 3.866383e-01 3.866383e-01
6.000000e+00 0.000000e+00 3.862821e-01 3.862821e-01
6.100000e+00 0.000000e+00 3.859267e-01 3.859267e-01
6.200000e+00 0.000000e+00 3.855723e-01 3.855723e-01
6.300000e+00 0.000000e+00 3.852189e-01 3.852189e-01
6.400000e+00 0.000000e+00 3.848665e-01 3.848665e-01
6.500000e+00 0.000000e+00 3.845150e-01 3.845150e-01
6.600000e+00 0.000000e+00 3.841645e-01 3.841645e-01
6.700000e+00 0.000000e+00 3.838150e-01 3.838150e-01
6.800000e+00 0.000000e+00 3.834664e-01 3.834664e-01
6.900000e+00 0.000000e+00 3.831188e-01 3.831188e-01
7.000000e+00 0.000000e+00 3.827721e-01 3.827721e-01
7.100000e+00 0.000000e+00 3.824263e-01 3.824263e-01
7.200000e+00 0.000000e+00 3.820814e-01 3.820814e-01
7.300000e+00 0.000000e+00 3.817373e-01 3.817373e-01
7.400000e+00 0.000000e+00 3.813940e-01 3.813940e-01
7.500000e+00 0.000000e+00 3.810515e-01 3.810515e-01
7.600000e+00 0.000000e+00 3.807097e-01 3.807097e-01
7.700000e+00 0.000000e+00 3.803685e-01 3.803685e-01
7.800000e+00 0.000000e+00 3.800281e-01 3.800281e-01
7.900000e+00 0.000000e+00 3.796882e-01 3.796882e-01
8.000000e+00 0.000000e+00 3.793488e-01 3.793488e-01
8.100000e+00 0.000000e+00 3.790099e-01 3.790099e-01
8.200000e+00 0.000000e+00 3.786715e-01 3.786715e-01
8.300000e+00 0.000000e+00 3.783334e-01 3.783334e-01
8.400000e+00 0.000000e+00 3.779957e-01 3.779957e-01
8.500000e+00 0.000000e+00 3.776582e-01 3.776582e-01
8.600000e+00 0.000000e+00 3.773209e-01 3.773209e-01
8.700000e+00 0.000000e+00 3.769837e-01 3.769837e-01
8.800000e+00 0.000000e+00 3.766466e-01 3.766466e-01
8.900000e+00 0.000000e+00 3.763096e-01 3.763096e-01
9.000000e+00 0.000000e+00 3.759724e-01 3.759724e-01
9.100000e+00 0.000000e+00 3.756352e-01 3.756352e-01
9.200000e+00 0.000000e+00 3.752978e-01 3.752978e-01
9.300000e+00 0.000000e+00 3.749601e-01 3.749601e-01
9.400000e+00 0.000000e+00 3.746221e-01 3.746221e-01
9.500000e+00 0.000000e+00 3.742838e-01 3.742838e-01
9.600000e+00 0.000000e+00 3.739450e-01 3.739450e-01
9.700000e+00 0.000000e+00 3.736057e-01 3.736057e-01
9.800000e+00 0.000000e+00 3.732659e-01 3.732659e-01
9.900000e+00 0.000000e+00 3.729254e-01 3.729254e-01
1.000000e+01 0.000000e+00 3.725843e-01 3.725843e-01
1.010000e+01 0.000000e+00 3.722424e-01 3.722424e-01
1.020000e+01 0.000000e+00 3.718996e-01 3.718996e-01
1.030000e+01 0.000000e+00 3.715560e-01 3.715560e-01
1.040000e+01 0.000000e+00 3.712115e-01 3.712115e-01
1.050000e+01 0.000000e+00 3.708660e-01 3.708660e-01
1.060000e+01 0.000000e+00 3.705194e-01 3.705194e-01
1.070000e+01 0.000000e+00 3.701717e-01 3.701717e-01
1.080000e+01 0.000000e+00 3.698229e-01 3.698229e-01
1.090000e+01 0.000000e+00 3.694728e-01 3.694728e-01
1.100000e+01 0.000000e+00 3.691215e-01 3.691215e-01
1.110000e+01 0.000000e+00 3.687689e-01 3.687689e-01
1.120000e+01 0.000000e+00 3.684149e-01 3.684149e-01
1.130000e+01 0.000000e+00 3.680595e-01 3.680595e-01
1.140000e+01 0.000000e+00 3.677026e-01 3.677026e-01
1.150000e+01 0.000000e+00 3.673442e-01 3.673442e-01
1.160000e+01 0.000000e+00 3.669843e-01 3.669843e-01
1.170000e+01 0.000000e+00 3.666227e-01 3.666227e-01
1.180000e+01 0.000000e+00 3.662596e-01 3.662596e-01
1.190000e+01 0.000000e+00 3.658947e-01 3.658947e-01
1.200000e+01 0.000000e+00 3.655282e-01 3.655282e-01
1.210000e+01 0.000000e+00 3.651599e-01 3.651599e-01
1.220000e+01 0.000000e+00 3.647899e-01 3.647899e-01
1.230000e+01 0.000000e+00 3.644180e-01 3.644180e-01
1.240000e+01 0.000000e+00 3.640443e-01 3.640443e-01
1.250000e+01 0.000000e+00 3.636688e-01 3.636688e-01
1.260000e+01 0.000000e+00 3.632914e-01 3.632914e-01
1.270000e+01 0.000000e+00 3.629120e-01 3.629120e-01
1.280000e+01 0.000000e+00 3.625307e-01 3.625307e-01
1.290000e+01 0.000000e+00 3.621475e-01 3.621475e-01
1.300000e+01 0.000000e+00 3.617623e-01 3.617623e-01
1.310000e+01 0.000000e+00 3.613751e-01 3.613751e-01
1.320000e+01 0.000000e+00 3.609860e-01 3.609860e-01
1.330000e+01 0.000000e+00 3.605948e-01 3.605948e-01
1.340000e+01 0.000000e+00 3.602015e-01 3.602015e-01
1.350000e+01 0.000000e+00 3.598063e-01 3.598063e-01
1.360000e+01 0.000000e+00 3.594090e-01 3.594090e-01
1.370000e+01 0.000000e+00 3.590097e-01 3.590097e-01
1.380000e+01 0.000000e+00 3.586083e-01 3.586083e-01
1.390000e+01 0.000000e+00 3.582048e-01 3.582048e-01
1.400000e+01 0.000000e+00 3.577993e-01 3.577993e-01
1.410000e+01 0.000000e+00 3.573918e-01 3.573918e-01
1.420000e+01 0.000000e+00 3.569822e-01 3.569822e-01
1.430000e+01 0.000000e+00 3.565706e-01 3.565706e-01
1.440000e+01 0.000000e+00 3.561569e-01 3.561569e-01
1.450000e+01 0.000000e+00 3.557412e-01 3.557412e-01
1.460000e+01 0.000000e+00 3.553234e-01 3.553234e-01
1.470000e+01 0.000000e+00 3.549037e-01 3.549037e-01
1.480000e+01 0.000000e+00 3.544819e-01 3.544819e-01
1.490000e+01 0.000000e+00 3.540582e-01 3.540582e-01
1.500000e+01 0.000000e+00 3.536325e-01 3.536325e-01
1.510000e+01 0.000000e+00 3.532048e-01 3.532048e-01
1.520000e+01 0.000000e+00 3.527752e-01 3.527752e-01
1.530000e+01 0.000000e+00 3.523437e-01 3.523437e-01
1.540000e+01 0.000000e+00 3.519102e-01 3.519102e-01
1.550000e+01 0.000000e+00 3.514749e-01 3.514749e-01
1.560000e+01 0.000000e+00 3.510377e-01 3.510377e-01
1.570000e+01 0.000000e+00 3.505987e-01 3.505987e-01
1.580000e+01 0.000000e+00 3.501578e-01 3.501578e-01
1.590000e+01 0.000000e+00 3.497152e-01 3.497152e-01
1.600000e+01 0.000000e+00 3.492708e-01 3.492708e-01
1.610000e+01 0.000000e+00 3.488246e-01 3.488246e-01
1.620000e+01 0.000000e+00 3.483767e-01 3.483767e-01
1.630000e+01 0.000000e+00 3.479272e-01 3.479272e-01
1.640000e+01 0.000000e+00 3.474760e-01 3.474760e-01
1.650000e+01 0.000000e+00 3.470231e-01 3.470231e-01
1.660000e+01 0.000000e+00 3.465686e-01 3.465686e-01
1.670000e+01 0.000000e+00 3.461126e-01 3.461126e-01
1.680000e+01 0.000000e+00 3.456550e-01 3.456550e-01
1.690000e+01 0.000000e+00 3.451959e-01 3.451959e-01
1.700000e+01 0.000000e+00 3.447354e-01 3.447354e-01
1.710000e+01 0.000000e+00 3.442734e-01 3.442734e-01
1.720000e+01 0.000000e+00 3.438099e-01 3.438099e-01
1.730000e+01 0.000000e+00 3.433451e-01 3.433451e-01
1.740000e+01 0.000000e+00 3.428789e-01 3.428789e-01
1.750000e+01 0.000000e+00 3.424115e-01 3.424115e-01
1.760000e+01 0.000000e+00 3.419427e-01 3.419427e-01
1.770000e+01 0.000000e+00 3.414727e-01 3.414727e-01
1.780000e+01 0.000000e+00 3.410014e-01 3.410014e-01
1.790000e+01 0.000000e+00 3.405290e-01 3.405290e-01
1.800000e+01 0.000000e+00 3.400554e-01 3.400554e-01
1.810000e+01 0.000000e+00 3.395807e-01 3.395807e-01
1.820000e+01 0.000000e+00 3.391050e-01 3.391050e-01
1.830000e+01 0.000000e+00 3.386282e-01 3.386282e-01
1.840000e+01 0.000000e+00 3.381503e-01 3.381503e-01
1.850000e+01 0.000000e+00 3.376715e-01 3.376715e-01
1.860000e+01 0.000000e+00 3.371918e-01 3.371918e-01
1.870000e+01 0.000000e+00 3.367111e-01 3.367111e-01
1.880000e+01 0.000000e+00 3.362296e-01 3.362296e-01
1.890000e+01 0.000000e+00 3.357472e-01 3.357472e-01
1.900000e+01 0.000000e+00 3.352640e-01 3.352640e-01
1.910000e+01 0.000000e+00 3.347800e-01 3.347800e-01
1.920000e+01 0.000000e+00 3.342953e-01 3.342953e-01
1.930000e+01 0.000000e+00 3.338099e-01 3.338099e-01
1.940000e+01 0.000000e+00 3.333238e-01 3.333238e-01
1.950000e+01 0.000000e+00 3.328371e-01 3.328371e-01
1.960000e+01 0.000000e+00 3.323497e-01 3.323497e-01
1.970000e+01 0.000000e+00 3.318618e-01 3.318618e-01
1.980000e+01 0.000000e+00 3.313733e-01 3.313733e-01
1.990000e+01 0.000000e+00 3.308843e-01 3.308843e-01
2.000000e+01 0.000000e+00 3.303949e-01 3.303949e-01
2.010000e+01 0.000000e+00 3.299049e-01 3.299049e-01
2.020000e+01 0.000000e+00 3.294146e-01 3.294146e-01
2.030000e+01 0.000000e+00 3.289238e-01 3.289238e-01
2.040000e+01 0.000000e+00 3.284327e-01 3.284327e-01
2.050000e+01 0.000000e+00 3.279413e-01 3.279413e-01
2.060000e+01 0.000000e+00 3.274495e-01 3.274495e-01
2.070000e+01 0.000000e+00 3.269575e-01 3.269575e-01
2.080000e+01 0.000000e+00 3.264653e-01 3.264653e-01
2.090000e+01 0.000000e+00 3.259728e-01 3.259728e-01
2.100000e+01 0.000000e+00 3.254801e-01 3.254801e-01
2.110000e+01 0.000000e+00 3.249873e-01 3.249873e-01
2.120000e+01 0.000000e+00 3.244943e-01 3.244943e-01
2.130000e+01 0.000000e+00 3.240012e-01 3.240012e-01
2.140000e+01 0.000000e+00 3.235080e-01 3.235080e-01
2.150000e+01 0.000000e+00 3.230148e-01 3.230148e-01
2.160000e+01 0.000000e+00 3.225216e-01 3.225216e-01
2.170000e+01 0.000000e+00 3.220283e-01 3.220283e-01
2.180000e+01 0.000000e+00 3.215350e-01 3.215350e-01
2.190000e+01 0.000000e+00 3.210418e-01 3.210418e-01
2.200000e+01 0.000000e+00 3.205487e-01 3.205487e-01
2.210000e+01 0.000000e+00 3.200557e-01 3.200557e-01
2.220000e+01 0.000000e+00 3.195627e-01 3.195627e-01
2.230000e+01 0.000000e+00 3.190699e-01 3.190699e-01
2.240000e+01 0.000000e+00 3.185773e-01 3.185773e-01
2.250000e+01 0.000000e+00 3.180848e-01 3.180848e-01
2.260000e+01 0.000000e+00 3.175926e-01 3.175926e-01
2.270000e+01 0.000000e+00 3.171005e-01 3.171005e-01
2.280000e+01 0.000000e+00 3.166087e-01 3.166087e-01
2.290000e+01 0.000000e+00 3.161172e-01 3.161172e-01
2.300000e+01 0.000000e+00 3.156259e-01 3.156259e-01
2.310000e+01 0.000000e+00 3.151350e-01 3.151350e-01
2.320000e+01 0.000000e+00 3.146443e-01 3.146443e-01
2.330000e+01 0.000000e+00 3.141540e-01 3.141540e-01
2.340000e+01 0.000000e+00 3.136641e-01 3.136641e-01
2.350000e+01 0.000000e+00 3.131746e-01 3.131746e-01
2.360000e+01 0.000000e+00 3.126854e-01 3.126854e-01
2.370000e+01 0.000000e+00 3.121966e-01 3.121966e-01
2.380000e+01 0.000000e+00 3.117083e-01 3.117083e-01
2.390000e+01 0.000000e+00 3.112204e-01 3.112204e-01
2.400000e+01 0.000000e+00 3.107330e-01 3.107330e-01
2.410000e+01 0.000000e+00 3.102460e-01 3.102460e-01
2.420000e+01 0.000000e+00 3.097596e-01 3.097596e-01
2.430000e+01 0.000000e+00 3.092736e-01 3.092736e-01
2.440000e+01 0.000000e+00 3.087882e-01 3.087882e-01
2.450000e+01 0.000000e+00 3.083033e-01 3.083033e-01
2.460000e+01 0.000000e+00 3.078189e-01 3.078189e-01
2.470000e+01 0.000000e+00 3.073351e-01 3.073351e-01
2.480000e+01 0.000000e+00 3.068519e-01 3.068519e-01
2.490000e+01 0.000000e+00 3.063693e-01 3.063693e-01
2.500000e+01 0.000000e+00 3.058872e-01 3.058872e-01
2.510000e+01 0.000000e+00 3.054058e-01 3.054058e-01
2.520000e+01 0.000000e+00 3.049250e-01 3.049250e-01
2.530000e+01 0.000000e+00 3.044449e-01 3.044449e-01
2.540000e+01 0.000000e+00 3.039654e-01 3.039654e-01
2.550000e+01 0.000000e+00 3.034865e-01 3.034865e-01
2.560000e+01 0.000000e+00 3.030084e-01 3.030084e-01
2.570000e+01 0.000000e+00 3.025309e-01 3.025309e-01
2.580000e+01 0.000000e+00 3.020541e-01 3.020541e-01
2.590000e+01 0.000000e+00 3.015780e-01 3.015780e-01
2.600000e+01 0.000000e+00 3.011026e-01 3.011026e-01
2.610000e+01 0.000000e+00 3.006279e-01 3.006279e-01
2.620000e+01 0.000000e+00 3.001540e-01 3.001540e-01
2.630000e+01 0.000000e+00 2.996808e-01 2.996808e-01
2.640000e+01 0.000000e+00 2.992083e-01 2.992083e-01
2.650000e+01 0.000000e+00 2.987366e-01 2.987366e-01
2.660000e+01 0.000000e+00 2.982657e-01 2.982657e-01
2.670000e+01 0.000000e+00 2.977955e-01 2.977955e-01
2.680000e+01 0.000000e+00 2.973261e-01 2.973261e-01
2.690000e+01 0.000000e+00 2.968575e-01 2.968575e-01
2.700000e+01 0.000000e+00 2.963897e-01 2.963897e-01
2.710000e+01 0.000000e+00 2.959226e-01 2.959226e-01
2.720000e+01 0.000000e+00 2.954564e-01 2.954564e-01
2.730000e+01 0.000000e+00 2.949910e-01 2.949910e-01
2.740000e+01 0.000000e+00 2.945265e-01 2.945265e-01
2.750000e+01 0.000000e+00 2.940627e-01 2.940627e-01
2.760000e+01 0.000000e+00 2.935998e-01 2.935998e-01
2.770000e+01 0.000000e+00 2.931377e-01 2.931377e-01
2.780000e+01 0.000000e+00 2.926764e-01 2.926764e-01
2.790000e+01 0.000000e+00 2.922161e-01 2.922161e-01
2.800000e+01 0.000000e+00 2.917565e-01 2.917565e-01
2.810000e+01 0.000000e+00 2.912978e-01 2.912978e-01
2.820000e+01 0.000000e+00 2.908400e-01 2.908400e-01
2.830000e+01 0.000000e+00 2.903831e-01 2.903831e-01
2.840000e+01 0.000000e+00 2.899270e-01 2.899270e-01
2.850000e+01 0.000000e+00 2.894718e-01 2.894718e-01
2.860000e+01 0.000000e+00 2.890174e-01 2.890174e-01
2.870000e+01 0.000000e+00 2.885640e-01 2.885640e-01
2.880000e+01 0.000000e+00 2.881115e-01 2.881115e-01
2.890000e+01 0.000000e+00 2.876598e-01 2.876598e-01
2.900000e+01 0.000000e+00 2.872090e-01 2.872090e-01
2.910000e+01 0.000000e+00 2.867591e-01 2.867591e-01
2.920000e+01 0.000000e+00 2.863102e-01 2.863102e-01
2.930000e+01 0.000000e+00 2.858621e-01 2.858621e-01
2.940000e+01 0.000000e+00 2.854149e-01 2.854149e-01
2.950000e+01 0.000000e+00 2.849687e-01 2.849687e-01
2.960000e+01 0.000000e+00 2.845233e-01 2.845233e-01
2.970000e+01 0.000000e+00 2.840789e-01 2.840789e-01
2.980000e+01 0.000000e+00 2.836354e-01 2.836354e-01
2.990000e+01 0.000000e+00 2.831928e-01 2.831928e-01
3.000000e+01 0.000000e+00 2.827512e-01 2.827512e-01
3.010000e+01 0.000000e+00 2.823104e-01 2.823104e-01
3.020000e+01 0.000000e+00 2.818706e-01 2.818706e-01
3.030000e+01 0.000000e+00 2.814317e-01 2.814317e-01
3.040000e+01 0.000000e+00 2.809938e-01 2.809938e-01
3.050000e+01 0.000000e+00 2.805567e-01 2.805567e-01
3.060000e+01 0.000000e+00 2.801207e-01 2.801207e-01
3.070000e+01 0.000000e+00 2.796855e-01 2.796855e-01
3.080000e+01 0.000000e+00 2.792513e-01 2.792513e-01
3.090000e+01 0.000000e+00 2.788180e-01 2.788180e-01
3.100000e+01 0.000000e+00 2.783857e-01 2.783857e-01
3.110000e+01 0.000000e+00 2.779542e-01 2.779542e-01
3.120000e+01 0.000000e+00 2.775238e-01 2.775238e-01
3.130000e+01 0.000000e+00 2.770943e-01 2.770943e-01
3.140000e+01 0.000000e+00 2.766657e-01 2.766657e-01
3.150000e+01 0.000000e+00 2.762380e-01 2.762380e-01
3.160000e+01 0.000000e+00 2.758113e-01 2.758113e-01
3.170000e+01 0.000000e+00 2.753855e-01 2.753855e-01
3.180000e+01 0.000000e+00 2.749607e-01 2.749607e-01
3.190000e+01 0.000000e+00 2.745368e-01 2.745368e-01
3.200000e+01 0.000000e+00 2.741139e-01 2.741139e-01
3.210000e+01 0.000000e+00 2.736919e-01 2.736919e-01
3.220000e+01 0.000000e+00 2.732708e-01 2.732708e-01
3.230000e+01 0.000000e+00 2.728507e-01 2.728507e-01
3.240000e+01 0.000000e+00 2.724315e-01 2.724315e-01
3.250000e+01 0.000000e+00 2.720133e-01 2.720133e-01
3.260000e+01 0.000000e+00 2.715960e-01 2.715960e-01
3.270000e+01 0.000000e+00 2.711797e-01 2.711797e-01
3.280000e+01 0.000000e+00 2.707643e-01 2.707643e-01
3.290000e+01 0.000000e+00 2.703498e-01 2.703498e-01
3.300000e+01 0.000000e+00 2.699363e-01 2.699363e-01
3.310000e+01 0.000000e+00 2.695237e-01 2.695237e-01
3.320000e+01 0.000000e+00 2.691120e-01 2.691120e-01
3.330000e+01 0.000000e+00 2.687013e-01 2.687013e-01
3.340000e+01 0.000000e+00 2.682916e-01 2.682916e-01
3.350000e+01 0.000000e+00 2.678827e-01 2.678827e-01
3.360000e+01 0.000000e+00 2.674748e-01 2.674748e-01
3.370000e+01 0.000000e+00 2.670679e-01 2.670679e-01
3.380000e+01 0.000000e+00 2.666618e-01 2.666618e-01
3.390000e+01 0.000000e+00 2.662568e-01 2.662568e-01
3.400000e+01 0.000000e+00 2.658526e-01 2.658526e-01
3.410000e+01 0.000000e+00 2.654494e-01 2.654494e-01
3.420000e+01 0.000000e+00 2.650471e-01 2.650471e-01
3.430000e+01 0.000000e+00 2.646457e-01 2.646457e-01
3.440000e+01 0.000000e+00 2.642453e-01 2.642453e-01
3.450000e+01 0.000000e+00 2.638458e-01 2.638458e-01
3.460000e+01 0.000000e+00 2.634473e-01 2.634473e-01
3.470000e+01 0.000000e+00 2.630496e-01 2.630496e-01
3.480000e+01 0.000000e+00 2.626529e-01 2.626529e-01
3.490000e+01 0.000000e+00 2.622571e-01 2.622571e-01
3.500000e+01 0.000000e+00 2.618622e-01 2.618622e-01
3.510000e+01 0.000000e+00 2.614683e-01 2.614683e-01
3.520000e+01 0.000000e+00 2.610753e-01 2.610753e-01
3.530000e+01 0.000000e+00 2.606832e-01 2.606832e-01
3.540000e+01 0.000000e+00 2.602920e-01 2.602920e-01
3.550000e+01 0.000000e+00 2.599017e-01 2.599017e-01
3.560000e+01 0.000000e+00 2.595124e-01 2.595124e-01
3.570000e+01 0.000000e+00 2.591239e-01 2.591239e-01
3.580000e+01 0.000000e+00 2.587364e-01 2.587364e-01
3.590000e+01 0.000000e+00 2.583498e-01 2.583498e-01
3.600000e+01 0.000000e+00 2.579641e-01 2.579641e-01
3.610000e+01 0.000000e+00 2.575793e-01 2.575793e-01
3.620000e+01 0.000000e+00 2.571954e-01 2.571954e-01
3.630000e+01 0.000000e+00 2.568124e-01 2.568124e-01
3.640000e+01 0.000000e+00 2.564303e-01 2.564303e-01
3.650000e+01 0.000000e+00 2.560491e-01 2.560491e-01
3.660000e+01 0.000000e+00 2.556688e-01 2.556688e-01
3.670000e+01 0.000000e+00 2.552894e-01 2.552894e-01
3.680000e+01 0.000000e+00 2.549109e-01 2.549109e-01
3.690000e+01 0.000000e+00 2.545332e-01 2.545332e-01
3.700000e+01 0.000000e+00 2.541565e-01 2.541565e-01
3.710000e+01 0.000000e+00 2.537807e-01 2.537807e-01
3.720000e+01 0.000000e+00 2.534058e-01 2.534058e-01
3.730000e+01 0.000000e+00 2.530317e-01 2.530317e-01
3.740000e+01 0.000000e+00 2.526585e-01 2.526585e-01
3.750000e+01 0.000000e+00 2.522862e-01 2.522862e-01
3.760000e+01 0.000000e+00 2.519148e-01 2.519148e-01
3.770000e+01 0.000000e+00 2.515443e-01 2.515443e-01
3.780000e+01 0.000000e+00 2.511747e-01 2.511747e-01
3.790000e+01 0.000000e+00 2.508059e-01 2.508059e-01
3.800000e+01 0.000000e+00 2.504380e-01 2.504380e-01
3.810000e+01 0.000000e+00 2.500710e-01 2.500710e-01
3.820000e+01 0.000000e+00 2.497048e-01 2.497048e-01
3.830000e+01 0.000000e+00 2.493395e-01 2.493395e-01
3.840000e+01 0.000000e+00 2.489751e-01 2.489751e-01
3.850000e+01 0.000000e+00 2.486115e-01 2.486115e-01
3.860000e+01 0.000000e+00 2.482488e-01 2.482488e-01
3.870000e+01 0.000000e+00 2.478870e-01 2.478870e-01
3.880000e+01 0.000000e+00 2.475260e-01 2.475260e-01
3.890000e+01 0.000000e+00 2.471659e-01 2.471659e-01
3.900000e+01 0.000000e+00 2.468066e-01 2.468066e-01
3.910000e+01 0.000000e+00 2.464482e-01 2.464482e-01
3.920000e+01 0.000000e+00 2.460906e-01 2.460906e-01
3.930000e+01 0.000000e+00 2.457339e-01 2.457339e-01
3.940000e+01 0.000000e+00 2.453780e-01 2.453780e-01
3.950000e+01 0.000000e+00 2.450229e-01 2.450229e-01
3.960000e+01 0.000000e+00 2.446687e-01 2.446687e-01
3.970000e+01 0.000000e+00 2.443154e-01 2.443154e-01
3.980000e+01 0.000000e+00 2.439629e-01 2.439629e-01
3.990000e+01 0.000000e+00 2.436112e-01 2.436112e-01
4.000000e+01 0.000000e+00 2.432603e-01 2.432603e-01
4.010000e+01 0.000000e+00 2.429103e-01 2.429103e-01
4.020000e+01 0.000000e+00 2.425611e-01 2.425611e-01
4.030000e+01 0.000000e+00 2.422128e-01 2.422128e-01
4.040000e+01 0.000000e+00 2.418652e-01 2.418652e-01
4.050000e+01 0.000000e+00 2.415185e-01 2.415185e-01
4.060000e+01 0.000000e+00 2.411726e-01 2.411726e-01
4.070000e+01 0.000000e+00 2.408276e-01 2.408276e-01
4.080000e+01 0.000000e+00 2.404833e-01 2.404833e-01
4.090000e+01 0.000000e+00 2.401399e-01 2.401399e-01
4.100000e+01 0.000000e+00 2.397973e-01 2.397973e-01
4.110000e+01 0.000000e+00 2.394555e-01 2.394555e-01
4.120000e+01 0.000000e+00 2.391145e-01 2.391145e-01
4.130000e+01 0.000000e+00 2.387743e-01 2.387743e-01
4.140000e+01 0.000000e+00 2.384349e-01 2.384349e-01
4.150000e+01 0.000000e+00 2.380963e-01 2.380963e-01
4.160000e+01 0.000000e+00 2.377585e-01 2.377585e-01
4.170000e+01 0.000000e+00 2.374215e-01 2.374215e-01
4.180000e+01 0.000000e+00 2.370854e-01 2.370854e-01
4.190000e+01 0.000000e+00 2.367500e-01 2.367500e-01
4.200000e+01 0.000000e+00 2.364153e-01 2.364153e-01
4.210000e+01 0.000000e+00 2.360815e-01 2.360815e-01
4.220000e+01 0.000000e+00 2.357485e-01 2.357485e-01
4.230000e+01 0.000000e+00 2.354163e-01 2.354163e-01
4.240000e+01 0.000000e+00 2.350848e-01 2.350848e-01
4.250000e+01 0.000000e+00 2.347541e-01 2.347541e-01
4.260000e+01 0.000000e+00 2.344242e-01 2.344242e-01
4.270000e+01 0.000000e+00 2.340951e-01 2.340951e-01
4.280000e+01 0.000000e+00 2.337668e-01 2.337668e-01
4.290000e+01 0.000000e+00 2.334392e-01 2.334392e-01
4.300000e+01 0.000000e+00 2.331124e-01 2.331124e-01
4.310000e+01 0.000000e+00 2.327864e-01 2.327864e-01
4.320000e+01 0.000000e+00 2.324611e-01 2.324611e-01
4.330000e+01 0.000000e+00 2.321366e-01 2.321366e-01
4.340000e+01 0.000000e+00 2.318129e-01 2.318129e-01
4.350000e+01 0.000000e+00 2.314899e-01 2.314899e-01
4.360000e+01 0.000000e+00 2.311677e-01 2.311677e-01
4.370000e+01 0.000000e+00 2.308462e-01 2.308462e-01
4.380000e+01 0.000000e+00 2.305255e-01 2.305255e-01
4.390000e+01 0.000000e+00 2.302056e-01 2.302056e-01
4.400000e+01 0.000000e+00 2.298863e-01 2.298863e-01
4.410000e+01 0.000000e+00 2.295679e-01 2.295679e-01
4.420000e+01 0.000000e+00 2.292502e-01 2.292502e-01
4.430000e+01 0.000000e+00 2.289332e-01 2.289332e-01
4.440000e+01 0.000000e+00 2.286170e-01 2.286170e-01
4.450000e+01 0.000000e+00 2.283015e-01 2.283015e-01
4.460000e+01 0.000000e+00 2.279867e-01 2.279867e-01
4.470000e+01 0.000000e+00 2.276727e-01 2.276727e-01
4.480000e+01 0.000000e+00 2.273594e-01 2.273594e-01
4.490000e+01 0.000000e+00 2.270469e-01 2.270469e-01
4.500000e+01 0.000000e+00 2.267350e-01 2.267350e-01
4.510000e+01 0.000000e+00 2.264239e-01 2.264239e-01
4.520000e+01 0.000000e+00 2.261136e-01 2.261136e-01
4.530000e+01 0.000000e+00 2.258039e-01 2.258039e-01
4.540000e+01 0.000000e+00 2.254950e-01 2.254950e-01
4.550000e+01 0.000000e+00 2.251868e-01 2.251868e-01
4.560000e+01 0.000000e+00 2.248793e-01 2.248793e-01
4.570000e+01 0.000000e+00 2.245725e-01 2.245725e-01
4.580000e+01 0.000000e+00 2.242664e-01 2.242664e-01
4.590000e+01 0.000000e+00 2.239610e-01 2.239610e-01
4.600000e+01 0.000000e+00 2.236564e-01 2.236564e-01
4.610000e+01 0.000000e+00 2.233524e-01 2.233524e-01
4.620000e+01 0.000000e+00 2.230492e-01 2.230492e-01
4.630000e+01 0.000000e+00 2.227466e-01 2.227466e-01
4.640000e+01 0.000000e+00 2.224448e-01 2.224448e-01
4.650000e+01 0.000000e+00 2.221436e-01 2.221436e-01
4.660000e+01 0.000000e+00 2.218432e-01 2.218432e-01
4.670000e+01 0.000000e+00 2.215434e-01 2.215434e-01
4.680000e+01 0.000000e+00 2.212444e-01 2.212444e-01
4.690000e+01 0.000000e+00 2.209460e-01 2.209460e-01
4.700000e+01 0.000000e+00 2.206483e-01 2.206483e-01
4.710000e+01 0.000000e+00 2.203513e-01 2.203513e-01
4.720000e+01 0.000000e+00 2.200550e-01 2.200550e-01
4.730000e+01 0.000000e+00 2.197594e-01 2.197594e-01
4.740000e+01 0.000000e+00 2.194644e-01 2.194644e-01
4.750000e+01 0.000000e+00 2.191701e-01 2.191701e-01
4.760000e+01 0.000000e+00 2.188765e-01 2.188765e-01
4.770000e+01 0.000000e+00 2.185836e-01 2.185836e-01
4.780000e+01 0.000000e+00 2.182913e-01 2.182913e-01
4.790000e+01 0.000000e+00 2.179997e-01 2.179997e-01
4.800000e+01 0.000000e+00 2.177088e-01 2.177088e-01
4.810000e+01 0.000000e+00 2.174186e-01 2.174186e-01
4.820000e+01 0.000000e+00 2.171290e-01 2.171290e-01
4.830000e+01 0.000000e+00 2.168401e-01 2.168401e-01
4.840000e+01 0.000000e+00 2.165519e-01 2.165519e-01
4.850000e+01 0.000000e+00 2.162643e-01 2.162643e-01
4.860000e+01 0.000000e+00 2.159774e-01 2.159774e-01
4.870000e+01 0.000000e+00 2.156911e-01 2.156911e-01
4.880000e+01 0.000000e+00 2.154054e-01 2.154054e-01
4.890000e+01 0.000000e+00 2.151204e-01 2.151204e-01
4.900000e+01 0.000000e+00 2.148361e-01 2.148361e-01
4.910000e+01 0.000000e+00 2.145524e-01 2.145524e-01
4.920000e+01 0.000000e+00 2.142693e-01 2.142693e-01
4.930000e+01 0.000000e+00 2.139869e-01 2.139869e-01
4.940000e+01 0.000000e+00 2.137051e-01 2.137051e-01
4.950000e+01 0.000000e+00 2.134240e-01 2.134240e-01
4.960000e+01 0.000000e+00 2.131435e-01 2.131435e-01
4.970000e+01 0.000000e+00 2.128636e-01 2.128636e-01
4.980000e+01 0.000000e+00 2.125844e-01 2.125844e-01
4.990000e+01 0.000000e+00 2.123058e-01 2.123058e-01
5.000000e+01 0.000000e+00 2.120278e-01 2.120278e-01
5.010000e+01 0.000000e+00 2.117505e-01 2.117505e-01
5.020000e+01 0.000000e+00 2.114738e-01 2.114738e-01
5.030000e+01 0.000000e+00 2.111977e-01 2.111977e-01
5.040000e+01 0.000000e+00 2.109222e-01 2.109222e-01
5.050000e+01 0.000000e+00 2.106473e-01 2.106473e-01
5.060000e+01 0.000000e+00 2.103731e-01 2.103731e-01
5.070000e+01 0.000000e+00 2.100995e-01 2.100995e-01
5.080000e+01 0.000000e+00 2.098265e-01 2.098265e-01
5.090000e+01 0.000000e+00 2.095541e-01 2.095541e-01
5.100000e+01 0.000000e+00 2.092823e-01 2.092823e-01
5.110000e+01 0.000000e+00 2.090112e-01 2.090112e-01
5.120000e+01 0.000000e+00 2.087406e-01 2.087406e-01
5.130000e+01 0.000000e+00 2.084707e-01 2.084707e-01
5.140000e+01 0.000000e+00 2.082013e-01 2.082013e-01
5.150000e+01 0.000000e+00 2.079326e-01 2.079326e-01
5.160000e+01 0.000000e+00 2.076644e-01 2.076644e-01
5.170000e+01 0.000000e+00 2.073968e-01 2.073968e-01
5.180000e+01 0.000000e+00 2.071299e-01 2.071299e-01
5.190000e+01 0.000000e+00 2.068635e-01 2.068635e-01
5.200000e+01 0.000000e+00 2.065977e-01 2.065977e-01
5.210000e+01 0.000000e+00 2.063325e-01 2.063325e-01
5.220000e+01 0.000000e+00 2.060679e-01 2.060679e-01
5.230000e+01 0.000000e+00 2.058040e-01 2.058040e-01
5.240000e+01 0.000000e+00 2.055405e-01 2.055405e-01
5.250000e+01 0.000000e+00 2.052777e-01 2.052777e-01
5.260000e+01 0.000000e+00 2.050155e-01 2.050155e-01
5.270000e+01 0.000000e+00 2.047538e-01 2.047538e-01
5.280000e+01 0.000000e+00 2.044927e-01 2.044927e-01
5.290000e+01 0.000000e+00 2.042322e-01 2.042322e-01
5.300000e+01 0.000000e+00 2.039722e-01 2.039722e-01
5.310000e+01 0.000000e+00 2.037128e-01 2.037128e-01
5.320000e+01 0.000000e+00 2.034541e-01 2.034541e-01
5.330000e+01 0.000000e+00 2.031959e-01 2.031959e-01
5.340000e+01 0.000000e+00 2.029382e-01 2.029382e-01
5.350000e+01 0.000000e+00 2.026812e-01 2.026812e-01
5.360000e+01 0.000000e+00 2.024247e-01 2.024247e-01
5.370000e+01 0.000000e+00 2.021687e-01 2.021687e-01
5.380000e+01 0.000000e+00 2.019133e-01 2.019133e-01
5.390000e+01 0.000000e+00 2.016585e-01 2.016585e-01
5.400000e+01 0.000000e+00 2.014042e-01 2.014042e-01
5.410000e+01 0.000000e+00 2.011505e-01 2.011505e-01
5.420000e+01 0.000000e+00 2.008973e-01 2.008973e-01
5.430000e+01 0.000000e+00 2.006447e-01 2.006447e-01
5.440000e+01 0.000000e+00 2.003926e-01 2.003926e-01
5.450000e+01 0.000000e+00 2.001410e-01 2.001410e-01
5.460000e+01 0.000000e+00 1.998901e-01 1.998901e-01
5.470000e+01 0.000000e+00 1.996396e-01 1.996396e-01
5.480000e+01 0.000000e+00 1.993897e-01 1.993897e-01
5.490000e+01 0.000000e+00 1.991404e-01 1.991404e-01
5.500000e+01 0.000000e+00 1.988916e-01 1.988916e-01
5.510000e+01 0.000000e+00 1.986433e-01 1.986433e-01
5.520000e+01 0.000000e+00 1.983956e-01 1.983956e-01
5.530000e+01 0.000000e+00 1.981484e-01 1.981484e-01
5.540000e+01 0.000000e+00 1.979018e-01 1.979018e-01
5.550000e+01 0.000000e+00 1.976557e-01 1.976557e-01
5.560000e+01 0.000000e+00 1.974101e-01 1.974101e-01
5.570000e+01 0.000000e+00 1.971651e-01 1.971651e-01
5.580000e+01 0.000000e+00 1.969205e-01 1.969205e-01
5.590000e+01 0.000000e+00 1.966766e-01 1.966766e-01
5.600000e+01 0.000000e+00 1.964331e-01 1.964331e-01
5.610000e+01 0.000000e+00 1.961901e-01 1.961901e-01
5.620000e+01 0.000000e+00 1.959477e-01 1.959477e-01
5.630000e+01 0.000000e+00 1.957058e-01 1.957058e-01
5.640000e+01 0.000000e+00 1.954644e-01 1.954644e-01
5.650000e+01 0.000000e+00 1.952235e-01 1.952235e-01
5.660000e+01 0.000000e+00 1.949831e-01 1.949831e-01
5.670000e+01 0.000000e+00 1.947433e-01 1.947433e-01
5.680000e+01 0.000000e+00 1.945040e-01 1.945040e-01
5.690000e+01 0.000000e+00 1.942652e-01 1.942652e-01
5.700000e+01 0.000000e+00 1.940269e-01 1.940269e-01
5.710000e+01 0.000000e+00 1.937891e-01 1.937891e-01
5.720000e+01 0.000000e+00 1.935519e-01 1.935519e-01
5.730000e+01 0.000000e+00 1.933151e-01 1.933151e-01
5.740000e+01 0.000000e+00 1.930788e-01 1.930788e-01
5.750000e+01 0.000000e+00 1.928430e-01 1.928430e-01
5.760000e+01 0.000000e+00 1.926078e-01 1.926078e-01
5.770000e+01 0.000000e+00 1.923730e-01 1.923730e-01
5.780000e+01 0.000000e+00 1.921387e-01 1.921387e-01
5.790000e+01 0.000000e+00 1.919050e-01 1.919050e-01
5.800000e+01 0.000000e+00 1.916717e-01 1.916717e-01
5.810000e+01 0.000000e+00 1.914389e-01 1.914389e-01
5.820000e+01 0.000000e+00 1.912066e-01 1.912066e-01
5.830000e+01 0.000000e+00 1.909748e-01 1.909748e-01
5.840000e+01 0.000000e+00 1.907435e-01 1.907435e-01
5.850000e+01 0.000000e+00 1.905127e-01 1.905127e-01
5.860000e+01 0.000000e+00 1.902824e-01 1.902824e-01
5.870000e+01 0.000000e+00 1.900525e-01 1.900525e-01
5.880000e+01 0.000000e+00 1.898232e-01 1.898232e-01
5.890000e+01 0.000000e+00 1.895943e-01 1.895943e-01
5.900000e+01 0.000000e+00 1.893659e-01 1.893659e-01
5.910000e+01 0.000000e+00 1.891380e-01 1.891380e-01
5.920000e+01 0.000000e+00 1.889105e-01 1.889105e-01
5.930000e+01 0.000000e+00 1.886836e-01 1.886836e-01
5.940000e+01 0.000000e+00 1.884571e-01 1.884571e-01
5.950000e+01 0.000000e+00 1.882310e-01 1.882310e-01
5.960000e+01 0.000000e+00 1.880055e-01 1.880055e-01
5.970000e+01 0.000000e+00 1.877804e-01 1.877804e-01
5.980000e+01 0.000000e+00 1.875557e-01 1.875557e-01
5.990000e+01 0.000000e+00 1.873316e-01 1.873316e-01
6.000000e+01 0.000000e+00 1.871079e-01 1.871079e-01
6.010000e+01 0.000000e+00 1.868847e-01 1.868847e-01
6.020000e+01 0.000000e+00 1.866619e-01 1.866619e-01
6.030000e+01 0.000000e+00 1.864396e-01 1.864396e-01
6.040000e+01 0.000000e+00 1.862178e-01 1.862178e-01
6.050000e+01 0.000000e+00 1.859964e-01 1.859964e-01
6.060000e+01 0.000000e+00 1.857755e-01 1.857755e-01
6.070000e+01 0.000000e+00 1.855550e-01 1.855550e-01
6.080000e+01 0.000000e+00 1.853350e-01 1.853350e-01
6.090000e+01 0.000000e+00 1.851154e-01 1.851154e-01
6.100000e+01 0.000000e+00 1.848963e-01 1.848963e-01
6.110000e+01 0.000000e+00 1.846776e-01 1.846776e-01
6.120000e+01 0.000000e+00 1.844593e-01 1.844593e-01
6.130000e+01 0.000000e+00 1.842416e-01 1.842416e-01
6.140000e+01 0.000000e+00 1.840242e-01 1.840242e-01
6.150000e+01 0.000000e+00 1.838074e-01 1.838074e-01
6.160000e+01 0.000000e+00 1.835910e-01 1.835910e-01
6.170000e+01 0.000000e+00 1.833750e-01 1.833750e-01
6.180000e+01 0.000000e+00 1.831595e-01 1.831595e-01
6.190000e+01 0.000000e+00 1.829444e-01 1.829444e-01
6.200000e+01 0.000000e+00 1.827298e-01 1.827298e-01
6.210000e+01 0.000000e+00 1.825156e-01 1.825156e-01
6.220000e+01 0.000000e+00 1.823018e-01 1.823018e-01
6.230000e+01 0.000000e+00 1.820885e-01 1.820885e-01
6.240000e+01 0.000000e+00 1.818756e-01 1.818756e-01
6.250000e+01 0.000000e+00 1.816631e-01 1.816631e-01
6.260000e+01 0.000000e+00 1.814510e-01 1.814510e-01
6.270000e+01 0.000000e+00 1.812394e-01 1.812394e-01
6.280000e+01 0.000000e+00 1.810282e-01 1.810282e-01
6.290000e+01 0.000000e+00 1.808174e-01 1.808174e-01
6.300000e+01 0.000000e+00 1.806070e-01 1.806070e-01
6.310000e+01 0.000000e+00 1.803971e-01 1.803971e-01
6.320000e+01 0.000000e+00 1.801876e-01 1.801876e-01
6.330000e+01 0.000000e+00 1.799786e-01 1.799786e-01
6.340000e+01 0.000000e+00 1.797700e-01 1.797700e-01
6.350000e+01 0.000000e+00 1.795618e-01 1.795618e-01
6.360000e+01 0.000000e+00 1.793540e-01 1.793540e-01
6.370000e+01 0.000000e+00 1.791466e-01 1.791466e-01
6.380000e+01 0.000000e+00 1.789397e-01 1.789397e-01
6.390000e+01 0.000000e+00 1.787331e-01 1.787331e-01
6.400000e+01 0.000000e+00 1.785270e-01 1.785270e-01
6.410000e+01 0.000000e+00 1.783212e-01 1.783212e-01
6.420000e+01 0.000000e+00 1.781159e-01 1.781159e-01
6.430000e+01 0.000000e+00 1.779110e-01 1.779110e-01
6.440000e+01 0.000000e+00 1.777065e-01 1.777065e-01
6.450000e+01 0.000000e+00 1.775024e-01 1.775024e-01
6.460000e+01 0.000000e+00 1.772987e-01 1.772987e-01
6.470000e+01 0.000000e+00 1.770954e-01 1.770954e-01
6.480000e+01 0.000000e+00 1.768926e-01 1.768926e-01
6.490000e+01 0.000000e+00 1.766901e-01 1.766901e-01
6.500000e+01 0.000000e+00 1.764880e-01 1.764880e-01
6.510000e+01 0.000000e+00 1.762863e-01 1.762863e-01
6.520000e+01 0.000000e+00 1.760851e-01 1.760851e-01
6.530000e+01 0.000000e+00 1.758842e-01 1.758842e-01
6.540000e+01 0.000000e+00 1.756837e-01 1.756837e-01
6.550000e+01 0.000000e+00 1.754837e-01 1.754837e-01
6.560000e+01 0.000000e+00 1.752840e-01 1.752840e-01
6.570000e+01 0.000000e+00 1.750848e-01 1.750848e-01
6.580000e+01 0.000000e+00 1.748859e-01 1.748859e-01
6.590000e+01 0.000000e+00 1.746875e-01 1.746875e-01
6.600000e+01 0.000000e+00 1.744894e-01 1.744894e-01
6.610000e+01 0.000000e+00 1.742917e-01 1.742917e-01
6.620000e+01 0.000000e+00 1.740944e-01 1.740944e-01
6.630000e+01 0.000000e+00 1.738975e-01 1.738975e-01
6.640000e+01 0.000000e+00 1.737010e-01 1.737010e-01
6.650000e+01 0.000000e+00 1.735049e-01 1.735049e-01
6.660000e+01 0.000000e+00 1.733091e-01 1.733091e-01
6.670000e+01 0.000000e+00 1.731138e-01 1.731138e-01
6.680000e+01 0.000000e+00 1.729188e-01 1.729188e-01
6.690000e+01 0.000000e+00 1.727242e-01 1.727242e-01
6.700000e+01 0.000000e+00 1.725300e-01 1.725300e-01
6.710000e+01 0.000000e+00 1.723361e-01 1.723361e-01
6.720000e+01 0.000000e+00 1.721426e-01 1.721426e-01
6.730000e+01 0.000000e+00 1.719495e-01 1.719495e-01
6.740000e+01 0.000000e+00 1.717568e-01 1.717568e-01
6.750000e+01 0.000000e+00 1.715645e-01 1.715645e-01
6.760000e+01 0.000000e+00 1.713725e-01 1.713725e-01
6.770000e+01 0.000000e+00 1.711809e-01 1.711809e-01
6.780000e+01 0.000000e+00 1.709897e-01 1.709897e-01
6.790000e+01 0.000000e+00 1.707988e-01 1.707988e-01
6.800000e+01 0.000000e+00 1.706083e-01 1.706083e-01
6.810000e+01 0.000000e+00 1.704182e-01 1.704182e-01
6.820000e+01 0.000000e+00 1.702284e-01 1.702284e-01
6.830000e+01 0.000000e+00 1.700390e-01 1.700390e-01
6.840000e+01 0.000000e+00 1.698500e-01 1.698500e-01
6.850000e+01 0.000000e+00 1.696613e-01 1.696613e-01
6.860000e+01 0.000000e+00 1.694730e-01 1.694730e-01
6.870000e+01 0.000000e+00 1.692851e-01 1.692851e-01
6.880000e+01 0.000000e+00 1.690975e-01 1.690975e-01
6.890000e+01 0.000000e+00 1.689103e-01 1.689103e-01
6.900000e+01 0.000000e+00 1.687234e-01 1.687234e-01
6.910000e+01 0.000000e+00 1.685369e-01 1.685369e-01
6.920000e+01 0.000000e+00 1.683508e-01 1.683508e-01
6.930000e+01 0.000000e+00 1.681650e-01 1.681650e-01
6.940000e+01 0.000000e+00 1.679795e-01 1.679795e-01
6.950000e+01 0.000000e+00 1.677945e-01 1.677945e-01
6.960000e+01 0.000000e+00 1.676097e-01 1.676097e-01
6.970000e+01 0.000000e+00 1.674253e-01 1.674253e-01
6.980000e+01 0.000000e+00 1.672413e-01 1.672413e-01
6.990000e+01 0.000000e+00 1.670576e-01 1.670576e-01
7.000000e+01 0.000000e+00 1.668743e-01 1.668743e-01
7.010000e+01 0.000000e+00 1.666913e-01 1.666913e-01
7.020000e+01 0.000000e+00 1.665087e-01 1.665087e-01
7.030000e+01 0.000000e+00 1.663264e-01 1.663264e-01
7.040000e+01 0.000000e+00 1.661444e-01 1.661444e-01
7.050000e+01 0.000000e+00 1.659628e-01 1.659628e-01
7.060000e+01 0.000000e+00 1.657816e-01 1.657816e-01
7.070000e+01 0.000000e+00 1.656007e-01 1.656007e-01
7.080000e+01 0.000000e+00 1.654201e-01 1.654201e-01
7.090000e+01 0.000000e+00 1.652398e-01 1.652398e-01
7.100000e+01 0.000000e+00 1.650599e-01 1.650599e-01
7.110000e+01 0.000000e+00 1.648804e-01 1.648804e-01
7.120000e+01 0.000000e+00 1.647011e-01 1.647011e-01
7.130000e+01 0.000000e+00 1.645223e-01 1.645223e-01
7.140000e+01 0.000000e+00 1.643437e-01 1.643437e-01
7.150000e+01 0.000000e+00 1.641655e-01 1.641655e-01
7.160000e+01 0.000000e+00 1.639876e-01 1.639876e-01
7.170000e+01 0.000000e+00 1.638100e-01 1.638100e-01
7.180000e+01 0.000000e+00 1.636328e-01 1.636328e-01
7.190000e+01 0.000000e+00 1.634559e-01 1.634559e-01
7.200000e+01 0.000000e+00 1.632793e-01 1.632793e-01
7.210000e+01 0.000000e+00 1.631031e-01 1.631031e-01
7.220000e+01 0.000000e+00 1.629272e-01 1.629272e-01
7.230000e+01 0.000000e+00 1.627516e-01 1.627516e-01
7.240000e+01 0.000000e+00 1.625764e-01 1.625764e-01
7.250000e+01 0.000000e+00 1.624015e-01 1.624015e-01
7.260000e+01 0.000000e+00 1.622269e-01 1.622269e-01
7.270000e+01 0.000000e+00 1.620526e-01 1.620526e-01
7.280000e+01 0.000000e+00 1.618787e-01 1.618787e-01
7.290000e+01 0.000000e+00 1.617050e-01 1.617050e-01
7.300000e+01 0.000000e+00 1.615317e-01 1.615317e-01
7.310000e+01 0.000000e+00 1.613587e-01 1.613587e-01
7.320000e+01 0.000000e+00 1.611861e-01 1.611861e-01
7.330000e+01 0.000000e+00 1.610137e-01 1.610137e-01
7.340000e+01 0.000000e+00 1.608417e-01 1.608417e-01
7.350000e+01 0.000000e+00 1.606700e-01 1.606700e-01
7.360000e+01 0.000000e+00 1.604986e-01 1.604986e-01
7.370000e+01 0.000000e+00 1.603275e-01 1.603275e-01
7.380000e+01 0.000000e+00 1.601567e-01 1.601567e-01
7.390000e+01 0.000000e+00 1.599862e-01 1.599862e-01
7.400000e+01 0.000000e+00 1.598161e-01 1.598161e-01
7.410000e+01 0.000000e+00 1.596462e-01 1.596462e-01
7.420000e+01 0.000000e+00 1.594767e-01 1.594767e-01
7.430000e+01 0.000000e+00 1.593074e-01 1.593074e-01
7.440000e+01 0.000000e+00 1.591385e-01 1.591385e-01
7.450000e+01 0.000000e+00 1.589699e-01 1.589699e-01
7.460000e+01 0.000000e+00 1.588016e-01 1.588016e-01
7.470000e+01 0.000000e+00 1.586336e-01 1.586336e-01
7.480000e+01 0.000000e+00 1.584659e-01 1.584659e-01
7.490000e+01 0.000000e+00 1.582985e-01 1.582985e-01
7.500000e+01 0.000000e+00 1.581314e-01 1.581314e-01
7.510000e+01 0.000000e+00 1.579646e-01 1.579646e-01
7.520000e+01 0.000000e+00 1.577981e-01 1.577981e-01
7.530000e+01 0.000000e+00 1.576320e-01 1.576320e-01
7.540000e+01 0.000000e+00 1.574661e-01 1.574661e-01
7.550000e+01 0.000000e+00 1.573005e-01 1.573005e-01
7.560000e+01 0.000000e+00 1.571353e-01 1.571353e-01
7.570000e+01 0.000000e+00 1.569703e-01 1.569703e-01
7.580000e+01 0.000000e+00 1.568056e-01 1.568056e-01
7.590000e+01 0.000000e+00 1.566412e-01 1.566412e-01
7.600000e+01 0.000000e+00 1.564771e-01 1.564771e-01
7.610000e+01 0.000000e+00 1.563133e-01 1.563133e-01
7.620000e+01 0.000000e+00 1.561499e-01 1.561499e-01
7.630000e+01 0.000000e+00 1.559867e-01 1.559867e-01
7.640000e+01 0.000000e+00 1.558238e-01 1.558238e-01
7.650000e+01 0.000000e+00 1.556612e-01 1.556612e-01
7.660000e+01 0.000000e+00 1.554988e-01 1.554988e-01
7.670000e+01 0.000000e+00 1.553368e-01 1.553368e-01
7.680000e+01 0.000000e+00 1.551751e-01 1.551751e-01
7.690000e+01 0.000000e+00 1.550136e-01 1.550136e-01
7.700000e+01 0.000000e+00 1.548524e-01 1.548524e-01
7.710000e+01 0.000000e+00 1.546915e-01 1.546915e-01
7.720000e+01 0.000000e+00 1.545309e-01 1.545309e-01
7.730000e+01 0.000000e+00 1.543706e-01 1.543706e-01
7.740000e+01 0.000000e+00 1.542105e-01 1.542105e-01
7.750000e+01 0.000000e+00 1.540508e-01 1.540508e-01
7.760000e+01 0.000000e+00 1.538913e-01 1.538913e-01
7.770000e+01 0.000000e+00 1.537321e-01 1.537321e-01
7.780000e+01 0.000000e+00 1.535732e-01 1.535732e-01
7.790000e+01 0.000000e+00 1.534146e-01 1.534146e-01
7.800000e+01 0.000000e+00 1.532563e-01 1.532563e-01
7.810000e+01 0.000000e+00 1.530982e-01 1.530982e-01
7.820000e+01 0.000000e+00 1.529404e-01 1.529404e-01
7.830000e+01 0.000000e+00 1.527830e-01 1.527830e-01
7.840000e+01 0.000000e+00 1.526258e-01 1.526258e-01
7.850000e+01 0.000000e+00 1.524688e-01 1.524688e-01
7.860000e+01 0.000000e+00 1.523122e-01 1.523122e-01
7.870000e+01 0.000000e+00 1.521558e-01 1.521558e-01
7.880000e+01 0.000000e+00 1.519997e-01 1.519997e-01
7.890000e+01 0.000000e+00 1.518439e-01 1.518439e-01
7.900000e+01 0.000000e+00 1.516883e-01 1.516883e-01
7.910000e+01 0.000000e+00 1.515330e-01 1.515330e-01
7.920000e+01 0.000000e+00 1.513780e-01 1.513780e-01
7.930000e+01 0.000000e+00 1.512232e-01 1.512232e-01
7.940000e+01 0.000000e+00 1.510687e-01 1.510687e-01
7.950000e+01 0.000000e+00 1.509145e-01 1.509145e-01
7.960000e+01 0.000000e+00 1.507606e-01 1.507606e-01
7.970000e+01 0.000000e+00 1.506069e-01 1.506069e-01
7.980000e+01 0.000000e+00 1.504535e-01 1.504535e-01
7.990000e+01 0.000000e+00 1.503003e-01 1.503003e-01
8.000000e+01 0.000000e+00 1.501475e-01 1.501475e-01
8.010000e+01 0.000000e+00 1.499949e-01 1.499949e-01
8.020000e+01 0.000000e+00 1.498426e-01 1.498426e-01
8.030000e+01 0.000000e+00 1.496905e-01 1.496905e-01
8.040000e+01 0.000000e+00 1.495387e-01 1.495387e-01
8.050000e+01 0.000000e+00 1.493872e-01 1.493872e-01
8.060000e+01 0.000000e+00 1.492359e-01 1.492359e-01
8.070000e+01 0.000000e+00 1.490849e-01 1.490849e-01
8.080000e+01 0.000000e+00 1.489341e-01 1.489341e-01
8.090000e+01 0.000000e+00 1.487836e-01 1.487836e-01
8.100000e+01 0.000000e+00 1.486334e-01 1.486334e-01
8.110000e+01 0.000000e+00 1.484834e-01 1.484834e-01
8.120000e+01 0.000000e+00 1.483337e-01 1.483337e-01
8.130000e+01 0.000000e+00 1.481843e-01 1.481843e-01
8.140000e+01 0.000000e+00 1.480351e-01 1.480351e-01
8.150000e+01 0.000000e+00 1.478861e-01 1.478861e-01
8.160000e+01 0.000000e+00 1.477375e-01 1.477375e-01
8.170000e+01 0.000000e+00 1.475890e-01 1.475890e-01
8.180000e+01 0.000000e+00 1.474409e-01 1.474409e-01
8.190000e+01 0.000000e+00 1.472929e-01 1.472929e-01
8.200000e+01 0.000000e+00 1.471453e-01 1.471453e-01
8.210000e+01 0.000000e+00 1.469979e-01 1.469979e-01
8.220000e+01 0.000000e+00 1.468507e-01 1.468507e-01
8.230000e+01 0.000000e+00 1.467038e-01 1.467038e-01
8.240000e+01 0.000000e+00 1.465571e-01 1.465571e-01
8.250000e+01 0.000000e+00 1.464107e-01 1.464107e-01
8.260000e+01 0.000000e+00 1.462645e-01 1.462645e-01
8.270000e+01 0.000000e+00 1.461186e-01 1.461186e-01
8.280000e+01 0.000000e+00 1.459729e-01 1.459729e-01
8.290000e+01 0.000000e+00 1.458274e-01 1.458274e-01
8.300000e+01 0.000000e+00 1.456823e-01 1.456823e-01
8.310000e+01 0.000000e+00 1.455373e-01 1.455373e-01
8.320000e+01 0.000000e+00 1.453926e-01 1.453926e-01
8.330000e+01 0.000000e+00 1.452482e-01 1.452482e-01
8.340000e+01 0.000000e+00 1.451040e-01 1.451040e-01
8.350000e+01 0.000000e+00 1.449600e-01 1.449600e-01
8.360000e+01 0.000000e+00 1.448163e-01 1.448163e-01
8.370000e+01 0.000000e+00 1.446728e-01 1.446728e-01
8.380000e+01 0.000000e+00 1.445296e-01 1.445296e-01
8.390000e+01 0.000000e+00 1.443866e-01 1.443866e-01
8.400000e+01 0.000000e+00 1.442438e-01 1.442438e-01
8.410000e+01 0.000000e+00 1.441013e-01 1.441013e-01
8.420000e+01 0.000000e+00 1.439590e-01 1.439590e-01
8.430000e+01 0.000000e+00 1.438170e-01 1.438170e-01
8.440000e+01 0.000000e+00 1.436752e-01 1.436752e-01
8.450000e+01 0.000000e+00 1.435336e-01 1.435336e-01
8.460000e+01 0.000000e+00 1.433923e-01 1.433923e-01
8.470000e+01 0.000000e+00 1.432512e-01 1.432512e-01
8.480000e+01 0.000000e+00 1.431103e-01 1.431103e-01
8.490000e+01 0.000000e+00 1.429697e-01 1.429697e-01
8.500000e+01 0.000000e+00 1.428293e-01 1.428293e-01
8.510000e+01 0.000000e+00 1.426892e-01 1.426892e-01
8.520000e+01 0.000000e+00 1.425493e-01 1.425493e-01
8.530000e+01 0.000000e+00 1.424096e-01 1.424096e-01
8.540000e+01 0.000000e+00 1.422702e-01 1.422702e-01
8.550000e+01 0.000000e+00 1.421309e-01 1.421309e-01
8.560000e+01 0.000000e+00 1.419920e-01 1.419920e-01
8.570000e+01 0.000000e+00 1.418532e-01 1.418532e-01
8.580000e+01 0.000000e+00 1.417147e-01 1.417147e-01
8.590000e+01 0.000000e+00 1.415764e-01 1.415764e-01
8.600000e+01 0.000000e+00 1.414383e-01 1.414383e-01
8.610000e+01 0.000000e+00 1.413005e-01 1.413005e-01
8.620000e+01 0.000000e+00 1.411629e-01 1.411629e-01
8.630000e+01 0.000000e+00 1.410255e-01 1.410255e-01
8.640000e+01 0.000000e+00 1.408883e-01 1.408883e-01
8.650000e+01 0.000000e+00 1.407514e-01 1.407514e-01
8.660000e+01 0.000000e+00 1.406147e-01 1.406147e-01
8.670000e+01 0.000000e+00 1.404782e-01 1.404782e-01
8.680000e+01 0.000000e+00 1.403420e-01 1.403420e-01
8.690000e+01 0.000000e+00 1.402060e-01 1.402060e-01
8.700000e+01 0.000000e+00 1.400702e-01 1.400702e-01
8.710000e+01 0.000000e+00 1.399346e-01 1.399346e-01
8.720000e+01 0.000000e+00 1.397992e-01 1.397992e-01
8.730000e+01 0.000000e+00 1.396641e-01 1.396641e-01
8.740000e+01 0.000000e+00 1.395292e-01 1.395292e-01
8.750000e+01 0.000000e+00 1.393945e-01 1.393945e-01
8.760000e+01 0.000000e+00 1.392600e-01 1.392600e-01
8.770000e+01 0.000000e+00 1.391258e-01 1.391258e-01
8.780000e+01 0.000000e+00 1.389917e-01 1.389917e-01
8.790000e+01 0.000000e+00 1.388579e-01 1.388579e-01
8.800000e+01 0.000000e+00 1.387243e-01 1.387243e-01
8.810000e+01 0.000000e+00 1.385909e-01 1.385909e-01
8.820000e+01 0.000000e+00 1.384577e-01 1.384577e-01
8.830000e+01 0.000000e+00 1.383248e-01 1.383248e-01
8.840000e+01 0.000000e+00 1.381920e-01 1.381920e-01
8.850000e+01 0.000000e+00 1.380595e-01 1.380595e-01
8.860000e+01 0.000000e+00 1.379272e-01 1.379272e-01
8.870000e+01 0.000000e+00 1.377951e-01 1.377951e-01
8.880000e+01 0.000000e+00 1.376632e-01 1.376632e-01
8.890000e+01 0.000000e+00 1.375315e-01 1.375315e-01
8.900000e+01 0.000000e+00 1.374001e-01 1.374001e-01
8.910000e+01 0.000000e+00 1.372688e-01 1.372688e-01
8.920000e+01 0.000000e+00 1.371378e-01 1.371378e-01
8.930000e+01 0.000000e+00 1.370070e-01 1.370070e-01
8.940000e+01 0.000000e+00 1.368763e-01 1.368763e-01
8.950000e+01 0.000000e+00 1.367459e-01 1.367459e-01
8.960000e+01 0.000000e+00 1.366157e-01 1.366157e-01
8.970000e+01 0.000000e+00 1.364857e-01 1.364857e-01
8.980000e+01 0.000000e+00 1.363560e-01 1.363560e-01
8.990000e+01 0.000000e+00 1.362264e-01 1.362264e-01
9.000000e+01 0.000000e+00 1.360970e-01 1.360970e-01
9.010000e+01 0.000000e+00 1.359679e-01 1.359679e-01
9.020000e+01 0.000000e+00 1.358389e-01 1.358389e-01
9.030000e+01 0.000000e+00 1.357102e-01 1.357102e-01
9.040000e+01 0.000000e+00 1.355816e-01 1.355816e-01
9.050000e+01 0.000000e+00 1.354533e-01 1.354533e-01
9.060000e+01 0.000000e+00 1.353252e-01 1.353252e-01
9.070000e+01 0.000000e+00 1.351972e-01 1.351972e-01
9.080000e+01 0.000000e+00 1.350695e-01 1.350695e-01
9.090000e+01 0.000000e+00 1.349420e-01 1.349420e-01
9.100000e+01 0.000000e+00 1.348147e-01 1.348147e-01
9.110000e+01 0.000000e+00 1.346876e-01 1.346876e-01
9.120000e+01 0.000000e+00 1.345607e-01 1.345607e-01
9.130000e+01 0.000000e+00 1.344340e-01 1.344340e-01
9.140000e+01 0.000000e+00 1.343075e-01 1.343075e-01
9.150000e+01 0.000000e+00 1.341812e-01 1.341812e-01
9.160000e+01 0.000000e+00 1.340551e-01 1.340551e-01
9.170000e+01 0.000000e+00 1.339292e-01 1.339292e-01
9.180000e+01 0.000000e+00 1.338035e-01 1.338035e-01
9.190000e+01 0.000000e+00 1.336780e-01 1.336780e-01
9.200000e+01 0.000000e+00 1.335527e-01 1.335527e-01
9.210000e+01 0.000000e+00 1.334276e-01 1.334276e-01
9.220000e+01 0.000000e+00 1.333027e-01 1.333027e-01
9.230000e+01 0.000000e+00 1.331780e-01 1.331780e-01
9.240000e+01 0.000000e+00 1.330534e-01 1.330534e-01
9.250000e+01 0.000000e+00 1.329291e-01 1.329291e-01
9.260000e+01 0.000000e+00 1.328050e-01 1.328050e-01
9.270000e+01 0.000000e+00 1.326810e-01 1.326810e-01
9.280000e+01 0.000000e+00 1.325573e-01 1.325573e-01
9.290000e+01 0.000000e+00 1.324337e-01 1.324337e-01
9.300000e+01 0.000000e+00 1.323104e-01 1.323104e-01
9.310000e+01 0.000000e+00 1.321872e-01 1.321872e-01
9.320000e+01 0.000000e+00 1.320643e-01 1.320643e-01
9.330000e+01 0.000000e+00 1.319415e-01 1.319415e-01
9.340000e+01 0.000000e+00 1.318189e-01 1.318189e-01
9.350000e+01 0.000000e+00 1.316966e-01 1.316966e-01
9.360000e+01 0.000000e+00 1.315744e-01 1.315744e-01
9.370000e+01 0.000000e+00 1.314524e-01 1.314524e-01
9.380000e+01 0.000000e+00 1.313306e-01 1.313306e-01
9.390000e+01 0.000000e+00 1.312090e-01 1.312090e-01
9.400000e+01 0.000000e+00 1.310875e-01 1.310875e-01
9.410000e+01 0.000000e+00 1.309663e-01 1.309663e-01
9.420000e+01 0.000000e+00 1.308453e-01 1.308453e-01
9.430000e+01 0.000000e+00 1.307244e-01 1.307244e-01
9.440000e+01 0.000000e+00 1.306037e-01 1.306037e-01
9.450000e+01 0.000000e+00 1.304832e-01 1.304832e-01
9.460000e+01 0.000000e+00 1.303629e-01 1.303629e-01
9.470000e+01 0.000000e+00 1.302428e-01 1.302428e-01
9.480000e+01 0.000000e+00 1.301229e-01 1.301229e-01
9.490000e+01 0.000000e+00 1.300031e-01 1.300031e-01
9.500000e+01 0.000000e+00 1.298836e-01 1.298836e-01
9.510000e+01 0.000000e+00 1.297642e-01 1.297642e-01
9.520000e+01 0.000000e+00 1.296450e-01 1.296450e-01
9.530000e+01 0.000000e+00 1.295261e-01 1.295261e-01
9.540000e+01 0.000000e+00 1.294072e-01 1.294072e-01
9.550000e+01 0.000000e+00 1.292886e-01 1.292886e-01
9.560000e+01 0.000000e+00 1.291702e-01 1.291702e-01
9.570000e+01 0.000000e+00 1.290519e-01 1.290519e-01
9.580000e+01 0.000000e+00 1.289338e-01 1.289338e-01
9.590000e+01 0.000000e+00 1.288159e-01 1.288159e-01
9.600000e+01 0.000000e+00 1.286982e-01 1.286982e-01
9.610000e+01 0.000000e+00 1.285806e-01 1.285806e-01
9.620000e+01 0.000000e+00 1.284633e-01 1.284633e-01
9.630000e+01 0.000000e+00 1.283461e-01 1.283461e-01
9.640000e+01 0.000000e+00 1.282291e-01 1.282291e-01
9.650000e+01 0.000000e+00 1.281123e-01 1.281123e-01
9.660000e+01 0.000000e+00 1.279956e-01 1.279956e-01
9.670000e+01 0.000000e+00 1.278792e-01 1.278792e-01
9.680000e+01 0.000000e+00 1.277629e-01 1.277629e-01
9.690000e+01 0.000000e+00 1.276468e-01 1.276468e-01
9.700000e+01 0.000000e+00 1.275308e-01 1.275308e-01
9.710000e+01 0.000000e+00 1.274151e-01 1.274151e-01
9.720000e+01 0.000000e+00 1.272995e-01 1.272995e-01
9.730000e+01 0.000000e+00 1.271841e-01 1.271841e-01
9.740000e+01 0.000000e+00 1.270689e-01 1.270689e-01
9.750000e+01 0.000000e+00 1.269538e-01 1.269538e-01
9.760000e+01 0.000000e+00 1.268389e-01 1.268389e-01
9.770000e+01 0.000000e+00 1.267242e-01 1.267242e-01
9.780000e+01 0.000000e+00 1.266097e-01 1.266097e-01
9.790000e+01 0.000000e+00 1.264953e-01 1.264953e-01
9.800000e+01 0.000000e+00 1.263811e-01 1.263811e-01
9.810000e+01 0.000000e+00 1.262671e-01 1.262671e-01
9.820000e+01 0.000000e+00 1.261533e-01 1.261533e-01
9.830000e+01 0.000000e+00 1.260396e-01 1.260396e-01
9.840000e+01 0.000000e+00 1.259261e-01 1.259261e-01
9.850000e+01 0.000000e+00 1.258127e-01 1.258127e-01
9.860000e+01 0.000000e+00 1.256996e-01 1.256996e-01
9.870000e+01 0.000000e+00 1.255866e-01 1.255866e-01
9.880000e+01 0.000000e+00 1.254738e-01 1.254738e-01
9.890000e+01 0.000000e+00 1.253611e-01 1.253611e-01
9.900000e+01 0.000000e+00 1.252486e-01 1.252486e-01
9.910000e+01 0.000000e+00 1.251363e-01 1.251363e-01
9.920000e+01 0.000000e+00 1.250242e-01 1.250242e-01
9.930000e+01 0.000000e+00 1.249122e-01 1.249122e-01
9.940000e+01 0.000000e+00 1.248004e-01 1.248004e-01
9.950000e+01 0.000000e+00 1.246887e-01 1.246887e-01
9.960000e+01 0.000000e+00 1.245772e-01 1.245772e-01
9.970000e+01 0.000000e+00 1.244659e-01 1.244659e-01
9.980000e+01 0.000000e+00 1.243548e-01 1.243548e-01
9.990000e+01 0.000000e+00 1.242438e-01 1.242438e-01
1.000000e+02 0.000000e+00 1.241330e-01 1.241330e-01
