# # chi(t) for Pe = 50, beta = 0.5, bridge_width = 1.0
# # Columns: time, chi, I_T (signed), I_|T| (unsigned)
0.000000e+00 0.000000e+00 3.835511e-01 3.835511e-01
1.000000e-01 0.000000e+00 3.998674e-01 3.998674e-01
2.000000e-01 0.000000e+00 4.001111e-01 4.001111e-01
3.000000e-01 5.000000e-07 4.001325e-01 4.001327e-01
4.000000e-01 8.200000e-06 4.001465e-01 4.001498e-01
5.000000e-01 9.500000e-06 4.001720e-01 4.001758e-01
6.000000e-01 0.000000e+00 4.002197e-01 4.002197e-01
7.000000e-01 0.000000e+00 4.002291e-01 4.002291e-01
8.000000e-01 0.000000e+00 4.001949e-01 4.001949e-01
9.000000e-01 0.000000e+00 4.000991e-01 4.000991e-01
1.000000e+00 0.000000e+00 3.999310e-01 3.999310e-01
1.100000e+00 0.000000e+00 3.996876e-01 3.996876e-01
1.200000e+00 0.000000e+00 3.993712e-01 3.993712e-01
1.300000e+00 0.000000e+00 3.989874e-01 3.989874e-01
1.400000e+00 0.000000e+00 3.985431e-01 3.985431e-01
1.500000e+00 0.000000e+00 3.980453e-01 3.980453e-01
1.600000e+00 0.000000e+00 3.975005e-01 3.975005e-01
1.700000e+00 0.000000e+00 3.969144e-01 3.969144e-01
1.800000e+00 0.000000e+00 3.962919e-01 3.962919e-01
1.900000e+00 0.000000e+00 3.956371e-01 3.956371e-01
2.000000e+00 0.000000e+00 3.949533e-01 3.949533e-01
2.100000e+00 0.000000e+00 3.942433e-01 3.942433e-01
2.200000e+00 0.000000e+00 3.935092e-01 3.935092e-01
2.300000e+00 0.000000e+00 3.927529e-01 3.927529e-01
2.400000e+00 0.000000e+00 3.919756e-01 3.919756e-01
2.500000e+00 0.000000e+00 3.911786e-01 3.911786e-01
2.600000e+00 0.000000e+00 3.903628e-01 3.903628e-01
2.700000e+00 0.000000e+00 3.895289e-01 3.895289e-01
2.800000e+00 0.000000e+00 3.886778e-01 3.886778e-01
2.900000e+00 0.000000e+00 3.878100e-01 3.878100e-01
3.000000e+00 0.000000e+00 3.869261e-01 3.869261e-01
3.100000e+00 0.000000e+00 3.860266e-01 3.860266e-01
3.200000e+00 0.000000e+00 3.851122e-01 3.851122e-01
3.300000e+00 0.000000e+00 3.841833e-01 3.841833e-01
3.400000e+00 0.000000e+00 3.832406e-01 3.832406e-01
3.500000e+00 0.000000e+00 3.822845e-01 3.822845e-01
3.600000e+00 0.000000e+00 3.813157e-01 3.813157e-01
3.700000e+00 0.000000e+00 3.803347e-01 3.803347e-01
3.800000e+00 0.000000e+00 3.793422e-01 3.793422e-01
3.900000e+00 0.000000e+00 3.783387e-01 3.783387e-01
4.000000e+00 0.000000e+00 3.773249e-01 3.773249e-01
4.100000e+00 0.000000e+00 3.763013e-01 3.763013e-01
4.200000e+00 0.000000e+00 3.752686e-01 3.752686e-01
4.300000e+00 0.000000e+00 3.742275e-01 3.742275e-01
4.400000e+00 0.000000e+00 3.731784e-01 3.731784e-01
4.500000e+00 0.000000e+00 3.721221e-01 3.721221e-01
4.600000e+00 0.000000e+00 3.710590e-01 3.710590e-01
4.700000e+00 0.000000e+00 3.699899e-01 3.699899e-01
4.800000e+00 0.000000e+00 3.689152e-01 3.689152e-01
4.900000e+00 0.000000e+00 3.678355e-01 3.678355e-01
5.000000e+00 0.000000e+00 3.667514e-01 3.667514e-01
5.100000e+00 0.000000e+00 3.656633e-01 3.656633e-01
5.200000e+00 0.000000e+00 3.645719e-01 3.645719e-01
5.300000e+00 0.000000e+00 3.634775e-01 3.634775e-01
5.400000e+00 0.000000e+00 3.623807e-01 3.623807e-01
5.500000e+00 0.000000e+00 3.612819e-01 3.612819e-01
5.600000e+00 0.000000e+00 3.601815e-01 3.601815e-01
5.700000e+00 0.000000e+00 3.590800e-01 3.590800e-01
5.800000e+00 0.000000e+00 3.579778e-01 3.579778e-01
5.900000e+00 0.000000e+00 3.568753e-01 3.568753e-01
6.000000e+00 0.000000e+00 3.557727e-01 3.557727e-01
6.100000e+00 0.000000e+00 3.546705e-01 3.546705e-01
6.200000e+00 0.000000e+00 3.535691e-01 3.535691e-01
6.300000e+00 0.000000e+00 3.524686e-01 3.524686e-01
6.400000e+00 0.000000e+00 3.513694e-01 3.513694e-01
6.500000e+00 0.000000e+00 3.502719e-01 3.502719e-01
6.600000e+00 0.000000e+00 3.491761e-01 3.491761e-01
6.700000e+00 0.000000e+00 3.480825e-01 3.480825e-01
6.800000e+00 0.000000e+00 3.469912e-01 3.469912e-01
6.900000e+00 0.000000e+00 3.459025e-01 3.459025e-01
7.000000e+00 0.000000e+00 3.448166e-01 3.448166e-01
7.100000e+00 0.000000e+00 3.437336e-01 3.437336e-01
7.200000e+00 0.000000e+00 3.426538e-01 3.426538e-01
7.300000e+00 0.000000e+00 3.415773e-01 3.415773e-01
7.400000e+00 0.000000e+00 3.405043e-01 3.405043e-01
7.500000e+00 0.000000e+00 3.394349e-01 3.394349e-01
7.600000e+00 0.000000e+00 3.383693e-01 3.383693e-01
7.700000e+00 0.000000e+00 3.373076e-01 3.373076e-01
7.800000e+00 0.000000e+00 3.362499e-01 3.362499e-01
7.900000e+00 0.000000e+00 3.351963e-01 3.351963e-01
8.000000e+00 0.000000e+00 3.341470e-01 3.341470e-01
8.100000e+00 0.000000e+00 3.331020e-01 3.331020e-01
8.200000e+00 0.000000e+00 3.320615e-01 3.320615e-01
8.300000e+00 0.000000e+00 3.310254e-01 3.310254e-01
8.400000e+00 0.000000e+00 3.299939e-01 3.299939e-01
8.500000e+00 0.000000e+00 3.289671e-01 3.289671e-01
8.600000e+00 0.000000e+00 3.279449e-01 3.279449e-01
8.700000e+00 0.000000e+00 3.269275e-01 3.269275e-01
8.800000e+00 0.000000e+00 3.259149e-01 3.259149e-01
8.900000e+00 0.000000e+00 3.249072e-01 3.249072e-01
9.000000e+00 0.000000e+00 3.239043e-01 3.239043e-01
9.100000e+00 0.000000e+00 3.229063e-01 3.229063e-01
9.200000e+00 0.000000e+00 3.219133e-01 3.219133e-01
9.300000e+00 0.000000e+00 3.209253e-01 3.209253e-01
9.400000e+00 0.000000e+00 3.199423e-01 3.199423e-01
9.500000e+00 0.000000e+00 3.189642e-01 3.189642e-01
9.600000e+00 0.000000e+00 3.179912e-01 3.179912e-01
9.700000e+00 0.000000e+00 3.170233e-01 3.170233e-01
9.800000e+00 0.000000e+00 3.160604e-01 3.160604e-01
9.900000e+00 0.000000e+00 3.151025e-01 3.151025e-01
1.000000e+01 0.000000e+00 3.141497e-01 3.141497e-01
1.010000e+01 0.000000e+00 3.132020e-01 3.132020e-01
1.020000e+01 0.000000e+00 3.122593e-01 3.122593e-01
1.030000e+01 0.000000e+00 3.113217e-01 3.113217e-01
1.040000e+01 0.000000e+00 3.103891e-01 3.103891e-01
1.050000e+01 0.000000e+00 3.094615e-01 3.094615e-01
1.060000e+01 0.000000e+00 3.085390e-01 3.085390e-01
1.070000e+01 0.000000e+00 3.076215e-01 3.076215e-01
1.080000e+01 0.000000e+00 3.067090e-01 3.067090e-01
1.090000e+01 0.000000e+00 3.058015e-01 3.058015e-01
1.100000e+01 0.000000e+00 3.048989e-01 3.048989e-01
1.110000e+01 0.000000e+00 3.040013e-01 3.040013e-01
1.120000e+01 0.000000e+00 3.031086e-01 3.031086e-01
1.130000e+01 0.000000e+00 3.022209e-01 3.022209e-01
1.140000e+01 0.000000e+00 3.013380e-01 3.013380e-01
1.150000e+01 0.000000e+00 3.004600e-01 3.004600e-01
1.160000e+01 0.000000e+00 2.995868e-01 2.995868e-01
1.170000e+01 0.000000e+00 2.987185e-01 2.987185e-01
1.180000e+01 0.000000e+00 2.978549e-01 2.978549e-01
1.190000e+01 0.000000e+00 2.969962e-01 2.969962e-01
1.200000e+01 0.000000e+00 2.961421e-01 2.961421e-01
1.210000e+01 0.000000e+00 2.952928e-01 2.952928e-01
1.220000e+01 0.000000e+00 2.944482e-01 2.944482e-01
1.230000e+01 0.000000e+00 2.936083e-01 2.936083e-01
1.240000e+01 0.000000e+00 2.927730e-01 2.927730e-01
1.250000e+01 0.000000e+00 2.919423e-01 2.919423e-01
1.260000e+01 0.000000e+00 2.911162e-01 2.911162e-01
1.270000e+01 0.000000e+00 2.902946e-01 2.902946e-01
1.280000e+01 0.000000e+00 2.894776e-01 2.894776e-01
1.290000e+01 0.000000e+00 2.886650e-01 2.886650e-01
1.300000e+01 0.000000e+00 2.878569e-01 2.878569e-01
1.310000e+01 0.000000e+00 2.870533e-01 2.870533e-01
1.320000e+01 0.000000e+00 2.862540e-01 2.862540e-01
1.330000e+01 0.000000e+00 2.854591e-01 2.854591e-01
1.340000e+01 0.000000e+00 2.846686e-01 2.846686e-01
1.350000e+01 0.000000e+00 2.838824e-01 2.838824e-01
1.360000e+01 0.000000e+00 2.831004e-01 2.831004e-01
1.370000e+01 0.000000e+00 2.823227e-01 2.823227e-01
1.380000e+01 0.000000e+00 2.815493e-01 2.815493e-01
1.390000e+01 0.000000e+00 2.807800e-01 2.807800e-01
1.400000e+01 0.000000e+00 2.800149e-01 2.800149e-01
1.410000e+01 0.000000e+00 2.792539e-01 2.792539e-01
1.420000e+01 0.000000e+00 2.784970e-01 2.784970e-01
1.430000e+01 0.000000e+00 2.777442e-01 2.777442e-01
1.440000e+01 0.000000e+00 2.769954e-01 2.769954e-01
1.450000e+01 0.000000e+00 2.762506e-01 2.762506e-01
1.460000e+01 0.000000e+00 2.755098e-01 2.755098e-01
1.470000e+01 0.000000e+00 2.747730e-01 2.747730e-01
1.480000e+01 0.000000e+00 2.740400e-01 2.740400e-01
1.490000e+01 0.000000e+00 2.733110e-01 2.733110e-01
1.500000e+01 0.000000e+00 2.725858e-01 2.725858e-01
1.510000e+01 0.000000e+00 2.718645e-01 2.718645e-01
1.520000e+01 0.000000e+00 2.711469e-01 2.711469e-01
1.530000e+01 0.000000e+00 2.704332e-01 2.704332e-01
1.540000e+01 0.000000e+00 2.697231e-01 2.697231e-01
1.550000e+01 0.000000e+00 2.690168e-01 2.690168e-01
1.560000e+01 0.000000e+00 2.683142e-01 2.683142e-01
1.570000e+01 0.000000e+00 2.676152e-01 2.676152e-01
1.580000e+01 0.000000e+00 2.669199e-01 2.669199e-01
1.590000e+01 0.000000e+00 2.662282e-01 2.662282e-01
1.600000e+01 0.000000e+00 2.655400e-01 2.655400e-01
1.610000e+01 0.000000e+00 2.648554e-01 2.648554e-01
1.620000e+01 0.000000e+00 2.641743e-01 2.641743e-01
1.630000e+01 0.000000e+00 2.634967e-01 2.634967e-01
1.640000e+01 0.000000e+00 2.628226e-01 2.628226e-01
1.650000e+01 0.000000e+00 2.621519e-01 2.621519e-01
1.660000e+01 0.000000e+00 2.614846e-01 2.614846e-01
1.670000e+01 0.000000e+00 2.608207e-01 2.608207e-01
1.680000e+01 0.000000e+00 2.601602e-01 2.601602e-01
1.690000e+01 0.000000e+00 2.595030e-01 2.595030e-01
1.700000e+01 0.000000e+00 2.588491e-01 2.588491e-01
1.710000e+01 0.000000e+00 2.581984e-01 2.581984e-01
1.720000e+01 0.000000e+00 2.575511e-01 2.575511e-01
1.730000e+01 0.000000e+00 2.569069e-01 2.569069e-01
1.740000e+01 0.000000e+00 2.562660e-01 2.562660e-01
1.750000e+01 0.000000e+00 2.556283e-01 2.556283e-01
1.760000e+01 0.000000e+00 2.549937e-01 2.549937e-01
1.770000e+01 0.000000e+00 2.543622e-01 2.543622e-01
1.780000e+01 0.000000e+00 2.537339e-01 2.537339e-01
1.790000e+01 0.000000e+00 2.531086e-01 2.531086e-01
1.800000e+01 0.000000e+00 2.524864e-01 2.524864e-01
1.810000e+01 0.000000e+00 2.518673e-01 2.518673e-01
1.820000e+01 0.000000e+00 2.512511e-01 2.512511e-01
1.830000e+01 0.000000e+00 2.506380e-01 2.506380e-01
1.840000e+01 0.000000e+00 2.500278e-01 2.500278e-01
1.850000e+01 0.000000e+00 2.494206e-01 2.494206e-01
1.860000e+01 0.000000e+00 2.488163e-01 2.488163e-01
1.870000e+01 0.000000e+00 2.482149e-01 2.482149e-01
1.880000e+01 0.000000e+00 2.476164e-01 2.476164e-01
1.890000e+01 0.000000e+00 2.470207e-01 2.470207e-01
1.900000e+01 0.000000e+00 2.464279e-01 2.464279e-01
1.910000e+01 0.000000e+00 2.458379e-01 2.458379e-01
1.920000e+01 0.000000e+00 2.452507e-01 2.452507e-01
1.930000e+01 0.000000e+00 2.446662e-01 2.446662e-01
1.940000e+01 0.000000e+00 2.440845e-01 2.440845e-01
1.950000e+01 0.000000e+00 2.435056e-01 2.435056e-01
1.960000e+01 0.000000e+00 2.429293e-01 2.429293e-01
1.970000e+01 0.000000e+00 2.423558e-01 2.423558e-01
1.980000e+01 0.000000e+00 2.417849e-01 2.417849e-01
1.990000e+01 0.000000e+00 2.412166e-01 2.412166e-01
2.000000e+01 0.000000e+00 2.406510e-01 2.406510e-01
2.010000e+01 0.000000e+00 2.400880e-01 2.400880e-01
2.020000e+01 0.000000e+00 2.395276e-01 2.395276e-01
2.030000e+01 0.000000e+00 2.389698e-01 2.389698e-01
2.040000e+01 0.000000e+00 2.384145e-01 2.384145e-01
2.050000e+01 0.000000e+00 2.378617e-01 2.378617e-01
2.060000e+01 0.000000e+00 2.373115e-01 2.373115e-01
2.070000e+01 0.000000e+00 2.367638e-01 2.367638e-01
2.080000e+01 0.000000e+00 2.362185e-01 2.362185e-01
2.090000e+01 0.000000e+00 2.356758e-01 2.356758e-01
2.100000e+01 0.000000e+00 2.351354e-01 2.351354e-01
2.110000e+01 0.000000e+00 2.345975e-01 2.345975e-01
2.120000e+01 0.000000e+00 2.340620e-01 2.340620e-01
2.130000e+01 0.000000e+00 2.335289e-01 2.335289e-01
2.140000e+01 0.000000e+00 2.329982e-01 2.329982e-01
2.150000e+01 0.000000e+00 2.324698e-01 2.324698e-01
2.160000e+01 0.000000e+00 2.319438e-01 2.319438e-01
2.170000e+01 0.000000e+00 2.314201e-01 2.314201e-01
2.180000e+01 0.000000e+00 2.308988e-01 2.308988e-01
2.190000e+01 0.000000e+00 2.303797e-01 2.303797e-01
2.200000e+01 0.000000e+00 2.298629e-01 2.298629e-01
2.210000e+01 0.000000e+00 2.293484e-01 2.293484e-01
2.220000e+01 0.000000e+00 2.288361e-01 2.288361e-01
2.230000e+01 0.000000e+00 2.283260e-01 2.283260e-01
2.240000e+01 0.000000e+00 2.278182e-01 2.278182e-01
2.250000e+01 0.000000e+00 2.273126e-01 2.273126e-01
2.260000e+01 0.000000e+00 2.268092e-01 2.268092e-01
2.270000e+01 0.000000e+00 2.263079e-01 2.263079e-01
2.280000e+01 0.000000e+00 2.258088e-01 2.258088e-01
2.290000e+01 0.000000e+00 2.253119e-01 2.253119e-01
2.300000e+01 0.000000e+00 2.248171e-01 2.248171e-01
2.310000e+01 0.000000e+00 2.243244e-01 2.243244e-01
2.320000e+01 0.000000e+00 2.238338e-01 2.238338e-01
2.330000e+01 0.000000e+00 2.233453e-01 2.233453e-01
2.340000e+01 0.000000e+00 2.228588e-01 2.228588e-01
2.350000e+01 0.000000e+00 2.223745e-01 2.223745e-01
2.360000e+01 0.000000e+00 2.218921e-01 2.218921e-01
2.370000e+01 0.000000e+00 2.214118e-01 2.214118e-01
2.380000e+01 0.000000e+00 2.209336e-01 2.209336e-01
2.390000e+01 0.000000e+00 2.204573e-01 2.204573e-01
2.400000e+01 0.000000e+00 2.199831e-01 2.199831e-01
2.410000e+01 0.000000e+00 2.195108e-01 2.195108e-01
2.420000e+01 0.000000e+00 2.190405e-01 2.190405e-01
2.430000e+01 0.000000e+00 2.185722e-01 2.185722e-01
2.440000e+01 0.000000e+00 2.181058e-01 2.181058e-01
2.450000e+01 0.000000e+00 2.176413e-01 2.176413e-01
2.460000e+01 0.000000e+00 2.171787e-01 2.171787e-01
2.470000e+01 0.000000e+00 2.167181e-01 2.167181e-01
2.480000e+01 0.000000e+00 2.162593e-01 2.162593e-01
2.490000e+01 0.000000e+00 2.158025e-01 2.158025e-01
2.500000e+01 0.000000e+00 2.153475e-01 2.153475e-01
2.510000e+01 0.000000e+00 2.148944e-01 2.148944e-01
2.520000e+01 0.000000e+00 2.144431e-01 2.144431e-01
2.530000e+01 0.000000e+00 2.139936e-01 2.139936e-01
2.540000e+01 0.000000e+00 2.135460e-01 2.135460e-01
2.550000e+01 0.000000e+00 2.131002e-01 2.131002e-01
2.560000e+01 0.000000e+00 2.126562e-01 2.126562e-01
2.570000e+01 0.000000e+00 2.122141e-01 2.122141e-01
2.580000e+01 0.000000e+00 2.117736e-01 2.117736e-01
2.590000e+01 0.000000e+00 2.113350e-01 2.113350e-01
2.600000e+01 0.000000e+00 2.108981e-01 2.108981e-01
2.610000e+01 0.000000e+00 2.104630e-01 2.104630e-01
2.620000e+01 0.000000e+00 2.100296e-01 2.100296e-01
2.630000e+01 0.000000e+00 2.095980e-01 2.095980e-01
2.640000e+01 0.000000e+00 2.091681e-01 2.091681e-01
2.650000e+01 0.000000e+00 2.087399e-01 2.087399e-01
2.660000e+01 0.000000e+00 2.083133e-01 2.083133e-01
2.670000e+01 0.000000e+00 2.078885e-01 2.078885e-01
2.680000e+01 0.000000e+00 2.074654e-01 2.074654e-01
2.690000e+01 0.000000e+00 2.070439e-01 2.070439e-01
2.700000e+01 0.000000e+00 2.066241e-01 2.066241e-01
2.710000e+01 0.000000e+00 2.062059e-01 2.062059e-01
2.720000e+01 0.000000e+00 2.057894e-01 2.057894e-01
2.730000e+01 0.000000e+00 2.053745e-01 2.053745e-01
2.740000e+01 0.000000e+00 2.049613e-01 2.049613e-01
2.750000e+01 0.000000e+00 2.045496e-01 2.045496e-01
2.760000e+01 0.000000e+00 2.041396e-01 2.041396e-01
2.770000e+01 0.000000e+00 2.037311e-01 2.037311e-01
2.780000e+01 0.000000e+00 2.033242e-01 2.033242e-01
2.790000e+01 0.000000e+00 2.029189e-01 2.029189e-01
2.800000e+01 0.000000e+00 2.025152e-01 2.025152e-01
2.810000e+01 0.000000e+00 2.021130e-01 2.021130e-01
2.820000e+01 0.000000e+00 2.017124e-01 2.017124e-01
2.830000e+01 0.000000e+00 2.013133e-01 2.013133e-01
2.840000e+01 0.000000e+00 2.009157e-01 2.009157e-01
2.850000e+01 0.000000e+00 2.005197e-01 2.005197e-01
2.860000e+01 0.000000e+00 2.001251e-01 2.001251e-01
2.870000e+01 0.000000e+00 1.997321e-01 1.997321e-01
2.880000e+01 0.000000e+00 1.993406e-01 1.993406e-01
2.890000e+01 0.000000e+00 1.989506e-01 1.989506e-01
2.900000e+01 0.000000e+00 1.985621e-01 1.985621e-01
2.910000e+01 0.000000e+00 1.981750e-01 1.981750e-01
2.920000e+01 0.000000e+00 1.977894e-01 1.977894e-01
2.930000e+01 0.000000e+00 1.974052e-01 1.974052e-01
2.940000e+01 0.000000e+00 1.970225e-01 1.970225e-01
2.950000e+01 0.000000e+00 1.966412e-01 1.966412e-01
2.960000e+01 0.000000e+00 1.962614e-01 1.962614e-01
2.970000e+01 0.000000e+00 1.958830e-01 1.958830e-01
2.980000e+01 0.000000e+00 1.955060e-01 1.955060e-01
2.990000e+01 0.000000e+00 1.951304e-01 1.951304e-01
3.000000e+01 0.000000e+00 1.947562e-01 1.947562e-01
3.010000e+01 0.000000e+00 1.943833e-01 1.943833e-01
3.020000e+01 0.000000e+00 1.940119e-01 1.940119e-01
3.030000e+01 0.000000e+00 1.936418e-01 1.936418e-01
3.040000e+01 0.000000e+00 1.932732e-01 1.932732e-01
3.050000e+01 0.000000e+00 1.929058e-01 1.929058e-01
3.060000e+01 0.000000e+00 1.925399e-01 1.925399e-01
3.070000e+01 0.000000e+00 1.921752e-01 1.921752e-01
3.080000e+01 0.000000e+00 1.918119e-01 1.918119e-01
3.090000e+01 0.000000e+00 1.914500e-01 1.914500e-01
3.100000e+01 0.000000e+00 1.910893e-01 1.910893e-01
3.110000e+01 0.000000e+00 1.907300e-01 1.907300e-01
3.120000e+01 0.000000e+00 1.903720e-01 1.903720e-01
3.130000e+01 0.000000e+00 1.900153e-01 1.900153e-01
3.140000e+01 0.000000e+00 1.896599e-01 1.896599e-01
3.150000e+01 0.000000e+00 1.893057e-01 1.893057e-01
3.160000e+01 0.000000e+00 1.889529e-01 1.889529e-01
3.170000e+01 0.000000e+00 1.886013e-01 1.886013e-01
3.180000e+01 0.000000e+00 1.882510e-01 1.882510e-01
3.190000e+01 0.000000e+00 1.879019e-01 1.879019e-01
3.200000e+01 0.000000e+00 1.875541e-01 1.875541e-01
3.210000e+01 0.000000e+00 1.872075e-01 1.872075e-01
3.220000e+01 0.000000e+00 1.868622e-01 1.868622e-01
3.230000e+01 0.000000e+00 1.865181e-01 1.865181e-01
3.240000e+01 0.000000e+00 1.861752e-01 1.861752e-01
3.250000e+01 0.000000e+00 1.858336e-01 1.858336e-01
3.260000e+01 0.000000e+00 1.854931e-01 1.854931e-01
3.270000e+01 0.000000e+00 1.851539e-01 1.851539e-01
3.280000e+01 0.000000e+00 1.848158e-01 1.848158e-01
3.290000e+01 0.000000e+00 1.844789e-01 1.844789e-01
3.300000e+01 0.000000e+00 1.841433e-01 1.841433e-01
3.310000e+01 0.000000e+00 1.838088e-01 1.838088e-01
3.320000e+01 0.000000e+00 1.834755e-01 1.834755e-01
3.330000e+01 0.000000e+00 1.831433e-01 1.831433e-01
3.340000e+01 0.000000e+00 1.828123e-01 1.828123e-01
3.350000e+01 0.000000e+00 1.824824e-01 1.824824e-01
3.360000e+01 0.000000e+00 1.821537e-01 1.821537e-01
3.370000e+01 0.000000e+00 1.818262e-01 1.818262e-01
3.380000e+01 0.000000e+00 1.814998e-01 1.814998e-01
3.390000e+01 0.000000e+00 1.811745e-01 1.811745e-01
3.400000e+01 0.000000e+00 1.808503e-01 1.808503e-01
3.410000e+01 0.000000e+00 1.805272e-01 1.805272e-01
3.420000e+01 0.000000e+00 1.802053e-01 1.802053e-01
3.430000e+01 0.000000e+00 1.798844e-01 1.798844e-01
3.440000e+01 0.000000e+00 1.795647e-01 1.795647e-01
3.450000e+01 0.000000e+00 1.792460e-01 1.792460e-01
3.460000e+01 0.000000e+00 1.789285e-01 1.789285e-01
3.470000e+01 0.000000e+00 1.786120e-01 1.786120e-01
3.480000e+01 0.000000e+00 1.782966e-01 1.782966e-01
3.490000e+01 0.000000e+00 1.779823e-01 1.779823e-01
3.500000e+01 0.000000e+00 1.776690e-01 1.776690e-01
3.510000e+01 0.000000e+00 1.773568e-01 1.773568e-01
3.520000e+01 0.000000e+00 1.770457e-01 1.770457e-01
3.530000e+01 0.000000e+00 1.767356e-01 1.767356e-01
3.540000e+01 0.000000e+00 1.764265e-01 1.764265e-01
3.550000e+01 0.000000e+00 1.761185e-01 1.761185e-01
3.560000e+01 0.000000e+00 1.758115e-01 1.758115e-01
3.570000e+01 0.000000e+00 1.755055e-01 1.755055e-01
3.580000e+01 0.000000e+00 1.752006e-01 1.752006e-01
3.590000e+01 0.000000e+00 1.748966e-01 1.748966e-01
3.600000e+01 0.000000e+00 1.745937e-01 1.745937e-01
3.610000e+01 0.000000e+00 1.742918e-01 1.742918e-01
3.620000e+01 0.000000e+00 1.739909e-01 1.739909e-01
3.630000e+01 0.000000e+00 1.736910e-01 1.736910e-01
3.640000e+01 0.000000e+00 1.733921e-01 1.733921e-01
3.650000e+01 0.000000e+00 1.730941e-01 1.730941e-01
3.660000e+01 0.000000e+00 1.727972e-01 1.727972e-01
3.670000e+01 0.000000e+00 1.725012e-01 1.725012e-01
3.680000e+01 0.000000e+00 1.722062e-01 1.722062e-01
3.690000e+01 0.000000e+00 1.719121e-01 1.719121e-01
3.700000e+01 0.000000e+00 1.716190e-01 1.716190e-01
3.710000e+01 0.000000e+00 1.713268e-01 1.713268e-01
3.720000e+01 0.000000e+00 1.710356e-01 1.710356e-01
3.730000e+01 0.000000e+00 1.707453e-01 1.707453e-01
3.740000e+01 0.000000e+00 1.704560e-01 1.704560e-01
3.750000e+01 0.000000e+00 1.701675e-01 1.701675e-01
3.760000e+01 0.000000e+00 1.698800e-01 1.698800e-01
3.770000e+01 0.000000e+00 1.695935e-01 1.695935e-01
3.780000e+01 0.000000e+00 1.693078e-01 1.693078e-01
3.790000e+01 0.000000e+00 1.690230e-01 1.690230e-01
3.800000e+01 0.000000e+00 1.687392e-01 1.687392e-01
3.810000e+01 0.000000e+00 1.684563e-01 1.684563e-01
3.820000e+01 0.000000e+00 1.681743e-01 1.681743e-01
3.830000e+01 0.000000e+00 1.678931e-01 1.678931e-01
3.840000e+01 0.000000e+00 1.676129e-01 1.676129e-01
3.850000e+01 0.000000e+00 1.673335e-01 1.673335e-01
3.860000e+01 0.000000e+00 1.670551e-01 1.670551e-01
3.870000e+01 0.000000e+00 1.667775e-01 1.667775e-01
3.880000e+01 0.000000e+00 1.665008e-01 1.665008e-01
3.890000e+01 0.000000e+00 1.662249e-01 1.662249e-01
3.900000e+01 0.000000e+00 1.659499e-01 1.659499e-01
3.910000e+01 0.000000e+00 1.656758e-01 1.656758e-01
3.920000e+01 0.000000e+00 1.654026e-01 1.654026e-01
3.930000e+01 0.000000e+00 1.651302e-01 1.651302e-01
3.940000e+01 0.000000e+00 1.648586e-01 1.648586e-01
3.950000e+01 0.000000e+00 1.645879e-01 1.645879e-01
3.960000e+01 0.000000e+00 1.643180e-01 1.643180e-01
3.970000e+01 0.000000e+00 1.640490e-01 1.640490e-01
3.980000e+01 0.000000e+00 1.637808e-01 1.637808e-01
3.990000e+01 0.000000e+00 1.635134e-01 1.635134e-01
4.000000e+01 0.000000e+00 1.632468e-01 1.632468e-01
4.010000e+01 0.000000e+00 1.629810e-01 1.629810e-01
4.020000e+01 0.000000e+00 1.627161e-01 1.627161e-01
4.030000e+01 0.000000e+00 1.624520e-01 1.624520e-01
4.040000e+01 0.000000e+00 1.621887e-01 1.621887e-01
4.050000e+01 0.000000e+00 1.619262e-01 1.619262e-01
4.060000e+01 0.000000e+00 1.616645e-01 1.616645e-01
4.070000e+01 0.000000e+00 1.614036e-01 1.614036e-01
4.080000e+01 0.000000e+00 1.611434e-01 1.611434e-01
4.090000e+01 0.000000e+00 1.608841e-01 1.608841e-01
4.100000e+01 0.000000e+00 1.606255e-01 1.606255e-01
4.110000e+01 0.000000e+00 1.603677e-01 1.603677e-01
4.120000e+01 0.000000e+00 1.601106e-01 1.601106e-01
4.130000e+01 0.000000e+00 1.598543e-01 1.598543e-01
4.140000e+01 0.000000e+00 1.595988e-01 1.595988e-01
4.150000e+01 0.000000e+00 1.593440e-01 1.593440e-01
4.160000e+01 0.000000e+00 1.590900e-01 1.590900e-01
4.170000e+01 0.000000e+00 1.588367e-01 1.588367e-01
4.180000e+01 0.000000e+00 1.585842e-01 1.585842e-01
4.190000e+01 0.000000e+00 1.583324e-01 1.583324e-01
4.200000e+01 0.000000e+00 1.580814e-01 1.580814e-01
4.210000e+01 0.000000e+00 1.578311e-01 1.578311e-01
4.220000e+01 0.000000e+00 1.575815e-01 1.575815e-01
4.230000e+01 0.000000e+00 1.573327e-01 1.573327e-01
4.240000e+01 0.000000e+00 1.570847e-01 1.570847e-01
4.250000e+01 0.000000e+00 1.568373e-01 1.568373e-01
4.260000e+01 0.000000e+00 1.565907e-01 1.565907e-01
4.270000e+01 0.000000e+00 1.563448e-01 1.563448e-01
4.280000e+01 0.000000e+00 1.560995e-01 1.560995e-01
4.290000e+01 0.000000e+00 1.558550e-01 1.558550e-01
4.300000e+01 0.000000e+00 1.556112e-01 1.556112e-01
4.310000e+01 0.000000e+00 1.553681e-01 1.553681e-01
4.320000e+01 0.000000e+00 1.551257e-01 1.551257e-01
4.330000e+01 0.000000e+00 1.548840e-01 1.548840e-01
4.340000e+01 0.000000e+00 1.546430e-01 1.546430e-01
4.350000e+01 0.000000e+00 1.544026e-01 1.544026e-01
4.360000e+01 0.000000e+00 1.541629e-01 1.541629e-01
4.370000e+01 0.000000e+00 1.539240e-01 1.539240e-01
4.380000e+01 0.000000e+00 1.536856e-01 1.536856e-01
4.390000e+01 0.000000e+00 1.534480e-01 1.534480e-01
4.400000e+01 0.000000e+00 1.532111e-01 1.532111e-01
4.410000e+01 0.000000e+00 1.529748e-01 1.529748e-01
4.420000e+01 0.000000e+00 1.527392e-01 1.527392e-01
4.430000e+01 0.000000e+00 1.525042e-01 1.525042e-01
4.440000e+01 0.000000e+00 1.522699e-01 1.522699e-01
4.450000e+01 0.000000e+00 1.520363e-01 1.520363e-01
4.460000e+01 0.000000e+00 1.518033e-01 1.518033e-01
4.470000e+01 0.000000e+00 1.515710e-01 1.515710e-01
4.480000e+01 0.000000e+00 1.513393e-01 1.513393e-01
4.490000e+01 0.000000e+00 1.511083e-01 1.511083e-01
4.500000e+01 0.000000e+00 1.508779e-01 1.508779e-01
4.510000e+01 0.000000e+00 1.506481e-01 1.506481e-01
4.520000e+01 0.000000e+00 1.504190e-01 1.504190e-01
4.530000e+01 0.000000e+00 1.501905e-01 1.501905e-01
4.540000e+01 0.000000e+00 1.499627e-01 1.499627e-01
4.550000e+01 0.000000e+00 1.497354e-01 1.497354e-01
4.560000e+01 0.000000e+00 1.495088e-01 1.495088e-01
4.570000e+01 0.000000e+00 1.492828e-01 1.492828e-01
4.580000e+01 0.000000e+00 1.490574e-01 1.490574e-01
4.590000e+01 0.000000e+00 1.488326e-01 1.488326e-01
4.600000e+01 0.000000e+00 1.486084e-01 1.486084e-01
4.610000e+01 0.000000e+00 1.483849e-01 1.483849e-01
4.620000e+01 0.000000e+00 1.481620e-01 1.481620e-01
4.630000e+01 0.000000e+00 1.479396e-01 1.479396e-01
4.640000e+01 0.000000e+00 1.477179e-01 1.477179e-01
4.650000e+01 0.000000e+00 1.474968e-01 1.474968e-01
4.660000e+01 0.000000e+00 1.472762e-01 1.472762e-01
4.670000e+01 0.000000e+00 1.470563e-01 1.470563e-01
4.680000e+01 0.000000e+00 1.468369e-01 1.468369e-01
4.690000e+01 0.000000e+00 1.466181e-01 1.466181e-01
4.700000e+01 0.000000e+00 1.463999e-01 1.463999e-01
4.710000e+01 0.000000e+00 1.461823e-01 1.461823e-01
4.720000e+01 0.000000e+00 1.459652e-01 1.459652e-01
4.730000e+01 0.000000e+00 1.457487e-01 1.457487e-01
4.740000e+01 0.000000e+00 1.455328e-01 1.455328e-01
4.750000e+01 0.000000e+00 1.453175e-01 1.453175e-01
4.760000e+01 0.000000e+00 1.451027e-01 1.451027e-01
4.770000e+01 0.000000e+00 1.448885e-01 1.448885e-01
4.780000e+01 0.000000e+00 1.446748e-01 1.446748e-01
4.790000e+01 0.000000e+00 1.444617e-01 1.444617e-01
4.800000e+01 0.000000e+00 1.442492e-01 1.442492e-01
4.810000e+01 0.000000e+00 1.440372e-01 1.440372e-01
4.820000e+01 0.000000e+00 1.438258e-01 1.438258e-01
4.830000e+01 0.000000e+00 1.436149e-01 1.436149e-01
4.840000e+01 0.000000e+00 1.434046e-01 1.434046e-01
4.850000e+01 0.000000e+00 1.431948e-01 1.431948e-01
4.860000e+01 0.000000e+00 1.429855e-01 1.429855e-01
4.870000e+01 0.000000e+00 1.427768e-01 1.427768e-01
4.880000e+01 0.000000e+00 1.425686e-01 1.425686e-01
4.890000e+01 0.000000e+00 1.423610e-01 1.423610e-01
4.900000e+01 0.000000e+00 1.421539e-01 1.421539e-01
4.910000e+01 0.000000e+00 1.419473e-01 1.419473e-01
4.920000e+01 0.000000e+00 1.417413e-01 1.417413e-01
4.930000e+01 0.000000e+00 1.415357e-01 1.415357e-01
4.940000e+01 0.000000e+00 1.413307e-01 1.413307e-01
4.950000e+01 0.000000e+00 1.411262e-01 1.411262e-01
4.960000e+01 0.000000e+00 1.409222e-01 1.409222e-01
4.970000e+01 0.000000e+00 1.407187e-01 1.407187e-01
4.980000e+01 0.000000e+00 1.405157e-01 1.405157e-01
4.990000e+01 0.000000e+00 1.403133e-01 1.403133e-01
5.000000e+01 0.000000e+00 1.401113e-01 1.401113e-01
5.010000e+01 0.000000e+00 1.399099e-01 1.399099e-01
5.020000e+01 0.000000e+00 1.397090e-01 1.397090e-01
5.030000e+01 0.000000e+00 1.395086e-01 1.395086e-01
5.040000e+01 0.000000e+00 1.393086e-01 1.393086e-01
5.050000e+01 0.000000e+00 1.391092e-01 1.391092e-01
5.060000e+01 0.000000e+00 1.389103e-01 1.389103e-01
5.070000e+01 0.000000e+00 1.387119e-01 1.387119e-01
5.080000e+01 0.000000e+00 1.385139e-01 1.385139e-01
5.090000e+01 0.000000e+00 1.383165e-01 1.383165e-01
5.100000e+01 0.000000e+00 1.381195e-01 1.381195e-01
5.110000e+01 0.000000e+00 1.379230e-01 1.379230e-01
5.120000e+01 0.000000e+00 1.377270e-01 1.377270e-01
5.130000e+01 0.000000e+00 1.375315e-01 1.375315e-01
5.140000e+01 0.000000e+00 1.373364e-01 1.373364e-01
5.150000e+01 0.000000e+00 1.371419e-01 1.371419e-01
5.160000e+01 0.000000e+00 1.369477e-01 1.369477e-01
5.170000e+01 0.000000e+00 1.367541e-01 1.367541e-01
5.180000e+01 0.000000e+00 1.365609e-01 1.365609e-01
5.190000e+01 0.000000e+00 1.363682e-01 1.363682e-01
5.200000e+01 0.000000e+00 1.361759e-01 1.361759e-01
5.210000e+01 0.000000e+00 1.359841e-01 1.359841e-01
5.220000e+01 0.000000e+00 1.357928e-01 1.357928e-01
5.230000e+01 0.000000e+00 1.356020e-01 1.356020e-01
5.240000e+01 0.000000e+00 1.354116e-01 1.354116e-01
5.250000e+01 0.000000e+00 1.352217e-01 1.352217e-01
5.260000e+01 0.000000e+00 1.350322e-01 1.350322e-01
5.270000e+01 0.000000e+00 1.348432e-01 1.348432e-01
5.280000e+01 0.000000e+00 1.346546e-01 1.346546e-01
5.290000e+01 0.000000e+00 1.344665e-01 1.344665e-01
5.300000e+01 0.000000e+00 1.342788e-01 1.342788e-01
5.310000e+01 0.000000e+00 1.340916e-01 1.340916e-01
5.320000e+01 0.000000e+00 1.339048e-01 1.339048e-01
5.330000e+01 0.000000e+00 1.337184e-01 1.337184e-01
5.340000e+01 0.000000e+00 1.335325e-01 1.335325e-01
5.350000e+01 0.000000e+00 1.333470e-01 1.333470e-01
5.360000e+01 0.000000e+00 1.331619e-01 1.331619e-01
5.370000e+01 0.000000e+00 1.329773e-01 1.329773e-01
5.380000e+01 0.000000e+00 1.327931e-01 1.327931e-01
5.390000e+01 0.000000e+00 1.326093e-01 1.326093e-01
5.400000e+01 0.000000e+00 1.324260e-01 1.324260e-01
5.410000e+01 0.000000e+00 1.322431e-01 1.322431e-01
5.420000e+01 0.000000e+00 1.320606e-01 1.320606e-01
5.430000e+01 0.000000e+00 1.318785e-01 1.318785e-01
5.440000e+01 0.000000e+00 1.316969e-01 1.316969e-01
5.450000e+01 0.000000e+00 1.315157e-01 1.315157e-01
5.460000e+01 0.000000e+00 1.313349e-01 1.313349e-01
5.470000e+01 0.000000e+00 1.311545e-01 1.311545e-01
5.480000e+01 0.000000e+00 1.309745e-01 1.309745e-01
5.490000e+01 0.000000e+00 1.307949e-01 1.307949e-01
5.500000e+01 0.000000e+00 1.306158e-01 1.306158e-01
5.510000e+01 0.000000e+00 1.304370e-01 1.304370e-01
5.520000e+01 0.000000e+00 1.302587e-01 1.302587e-01
5.530000e+01 0.000000e+00 1.300807e-01 1.300807e-01
5.540000e+01 0.000000e+00 1.299032e-01 1.299032e-01
5.550000e+01 0.000000e+00 1.297260e-01 1.297260e-01
5.560000e+01 0.000000e+00 1.295493e-01 1.295493e-01
5.570000e+01 0.000000e+00 1.293729e-01 1.293729e-01
5.580000e+01 0.000000e+00 1.291969e-01 1.291969e-01
5.590000e+01 0.000000e+00 1.290213e-01 1.290213e-01
5.600000e+01 0.000000e+00 1.288461e-01 1.288461e-01
5.610000e+01 0.000000e+00 1.286713e-01 1.286713e-01
5.620000e+01 0.000000e+00 1.284969e-01 1.284969e-01
5.630000e+01 0.000000e+00 1.283229e-01 1.283229e-01
5.640000e+01 0.000000e+00 1.281493e-01 1.281493e-01
5.650000e+01 0.000000e+00 1.279760e-01 1.279760e-01
5.660000e+01 0.000000e+00 1.278032e-01 1.278032e-01
5.670000e+01 0.000000e+00 1.276307e-01 1.276307e-01
5.680000e+01 0.000000e+00 1.274586e-01 1.274586e-01
5.690000e+01 0.000000e+00 1.272869e-01 1.272869e-01
5.700000e+01 0.000000e+00 1.271156e-01 1.271156e-01
5.710000e+01 0.000000e+00 1.269446e-01 1.269446e-01
5.720000e+01 0.000000e+00 1.267740e-01 1.267740e-01
5.730000e+01 0.000000e+00 1.266038e-01 1.266038e-01
5.740000e+01 0.000000e+00 1.264339e-01 1.264339e-01
5.750000e+01 0.000000e+00 1.262644e-01 1.262644e-01
5.760000e+01 0.000000e+00 1.260953e-01 1.260953e-01
5.770000e+01 0.000000e+00 1.259266e-01 1.259266e-01
5.780000e+01 0.000000e+00 1.257582e-01 1.257582e-01
5.790000e+01 0.000000e+00 1.255901e-01 1.255901e-01
5.800000e+01 0.000000e+00 1.254225e-01 1.254225e-01
5.810000e+01 0.000000e+00 1.252552e-01 1.252552e-01
5.820000e+01 0.000000e+00 1.250882e-01 1.250882e-01
5.830000e+01 0.000000e+00 1.249216e-01 1.249216e-01
5.840000e+01 0.000000e+00 1.247554e-01 1.247554e-01
5.850000e+01 0.000000e+00 1.245895e-01 1.245895e-01
5.860000e+01 0.000000e+00 1.244240e-01 1.244240e-01
5.870000e+01 0.000000e+00 1.242589e-01 1.242589e-01
5.880000e+01 0.000000e+00 1.240941e-01 1.240941e-01
5.890000e+01 0.000000e+00 1.239296e-01 1.239296e-01
5.900000e+01 0.000000e+00 1.237655e-01 1.237655e-01
5.910000e+01 0.000000e+00 1.236017e-01 1.236017e-01
5.920000e+01 0.000000e+00 1.234383e-01 1.234383e-01
5.930000e+01 0.000000e+00 1.232753e-01 1.232753e-01
5.940000e+01 0.000000e+00 1.231125e-01 1.231125e-01
5.950000e+01 0.000000e+00 1.229502e-01 1.229502e-01
5.960000e+01 0.000000e+00 1.227881e-01 1.227881e-01
5.970000e+01 0.000000e+00 1.226264e-01 1.226264e-01
5.980000e+01 0.000000e+00 1.224651e-01 1.224651e-01
5.990000e+01 0.000000e+00 1.223040e-01 1.223040e-01
6.000000e+01 0.000000e+00 1.221433e-01 1.221433e-01
6.010000e+01 0.000000e+00 1.219830e-01 1.219830e-01
6.020000e+01 0.000000e+00 1.218229e-01 1.218229e-01
6.030000e+01 0.000000e+00 1.216632e-01 1.216632e-01
6.040000e+01 0.000000e+00 1.215039e-01 1.215039e-01
6.050000e+01 0.000000e+00 1.213448e-01 1.213448e-01
6.060000e+01 0.000000e+00 1.211861e-01 1.211861e-01
6.070000e+01 0.000000e+00 1.210278e-01 1.210278e-01
6.080000e+01 0.000000e+00 1.208697e-01 1.208697e-01
6.090000e+01 0.000000e+00 1.207120e-01 1.207120e-01
6.100000e+01 0.000000e+00 1.205546e-01 1.205546e-01
6.110000e+01 0.000000e+00 1.203975e-01 1.203975e-01
6.120000e+01 0.000000e+00 1.202407e-01 1.202407e-01
6.130000e+01 0.000000e+00 1.200842e-01 1.200842e-01
6.140000e+01 0.000000e+00 1.199281e-01 1.199281e-01
6.150000e+01 0.000000e+00 1.197723e-01 1.197723e-01
6.160000e+01 0.000000e+00 1.196168e-01 1.196168e-01
6.170000e+01 0.000000e+00 1.194616e-01 1.194616e-01
6.180000e+01 0.000000e+00 1.193068e-01 1.193068e-01
6.190000e+01 0.000000e+00 1.191522e-01 1.191522e-01
6.200000e+01 0.000000e+00 1.189980e-01 1.189980e-01
6.210000e+01 0.000000e+00 1.188440e-01 1.188440e-01
6.220000e+01 0.000000e+00 1.186904e-01 1.186904e-01
6.230000e+01 0.000000e+00 1.185371e-01 1.185371e-01
6.240000e+01 0.000000e+00 1.183841e-01 1.183841e-01
6.250000e+01 0.000000e+00 1.182314e-01 1.182314e-01
6.260000e+01 0.000000e+00 1.180790e-01 1.180790e-01
6.270000e+01 0.000000e+00 1.179269e-01 1.179269e-01
6.280000e+01 0.000000e+00 1.177751e-01 1.177751e-01
6.290000e+01 0.000000e+00 1.176236e-01 1.176236e-01
6.300000e+01 0.000000e+00 1.174724e-01 1.174724e-01
6.310000e+01 0.000000e+00 1.173215e-01 1.173215e-01
6.320000e+01 0.000000e+00 1.171709e-01 1.171709e-01
6.330000e+01 0.000000e+00 1.170206e-01 1.170206e-01
6.340000e+01 0.000000e+00 1.168706e-01 1.168706e-01
6.350000e+01 0.000000e+00 1.167209e-01 1.167209e-01
6.360000e+01 0.000000e+00 1.165715e-01 1.165715e-01
6.370000e+01 0.000000e+00 1.164224e-01 1.164224e-01
6.380000e+01 0.000000e+00 1.162736e-01 1.162736e-01
6.390000e+01 0.000000e+00 1.161250e-01 1.161250e-01
6.400000e+01 0.000000e+00 1.159768e-01 1.159768e-01
6.410000e+01 0.000000e+00 1.158288e-01 1.158288e-01
6.420000e+01 0.000000e+00 1.156811e-01 1.156811e-01
6.430000e+01 0.000000e+00 1.155337e-01 1.155337e-01
6.440000e+01 0.000000e+00 1.153866e-01 1.153866e-01
6.450000e+01 0.000000e+00 1.152398e-01 1.152398e-01
6.460000e+01 0.000000e+00 1.150933e-01 1.150933e-01
6.470000e+01 0.000000e+00 1.149470e-01 1.149470e-01
6.480000e+01 0.000000e+00 1.148011e-01 1.148011e-01
6.490000e+01 0.000000e+00 1.146554e-01 1.146554e-01
6.500000e+01 0.000000e+00 1.145100e-01 1.145100e-01
6.510000e+01 0.000000e+00 1.143648e-01 1.143648e-01
6.520000e+01 0.000000e+00 1.142200e-01 1.142200e-01
6.530000e+01 0.000000e+00 1.140754e-01 1.140754e-01
6.540000e+01 0.000000e+00 1.139311e-01 1.139311e-01
6.550000e+01 0.000000e+00 1.137871e-01 1.137871e-01
6.560000e+01 0.000000e+00 1.136433e-01 1.136433e-01
6.570000e+01 0.000000e+00 1.134998e-01 1.134998e-01
6.580000e+01 0.000000e+00 1.133566e-01 1.133566e-01
6.590000e+01 0.000000e+00 1.132137e-01 1.132137e-01
6.600000e+01 0.000000e+00 1.130710e-01 1.130710e-01
6.610000e+01 0.000000e+00 1.129286e-01 1.129286e-01
6.620000e+01 0.000000e+00 1.127865e-01 1.127865e-01
6.630000e+01 0.000000e+00 1.126446e-01 1.126446e-01
6.640000e+01 0.000000e+00 1.125030e-01 1.125030e-01
6.650000e+01 0.000000e+00 1.123617e-01 1.123617e-01
6.660000e+01 0.000000e+00 1.122206e-01 1.122206e-01
6.670000e+01 0.000000e+00 1.120798e-01 1.120798e-01
6.680000e+01 0.000000e+00 1.119393e-01 1.119393e-01
6.690000e+01 0.000000e+00 1.117990e-01 1.117990e-01
6.700000e+01 0.000000e+00 1.116590e-01 1.116590e-01
6.710000e+01 0.000000e+00 1.115192e-01 1.115192e-01
6.720000e+01 0.000000e+00 1.113797e-01 1.113797e-01
6.730000e+01 0.000000e+00 1.112405e-01 1.112405e-01
6.740000e+01 0.000000e+00 1.111015e-01 1.111015e-01
6.750000e+01 0.000000e+00 1.109627e-01 1.109627e-01
6.760000e+01 0.000000e+00 1.108243e-01 1.108243e-01
6.770000e+01 0.000000e+00 1.106860e-01 1.106860e-01
6.780000e+01 0.000000e+00 1.105481e-01 1.105481e-01
6.790000e+01 0.000000e+00 1.104104e-01 1.104104e-01
6.800000e+01 0.000000e+00 1.102729e-01 1.102729e-01
6.810000e+01 0.000000e+00 1.101357e-01 1.101357e-01
6.820000e+01 0.000000e+00 1.099987e-01 1.099987e-01
6.830000e+01 0.000000e+00 1.098620e-01 1.098620e-01
6.840000e+01 0.000000e+00 1.097256e-01 1.097256e-01
6.850000e+01 0.000000e+00 1.095893e-01 1.095893e-01
6.860000e+01 0.000000e+00 1.094534e-01 1.094534e-01
6.870000e+01 0.000000e+00 1.093177e-01 1.093177e-01
6.880000e+01 0.000000e+00 1.091822e-01 1.091822e-01
6.890000e+01 0.000000e+00 1.090470e-01 1.090470e-01
6.900000e+01 0.000000e+00 1.089120e-01 1.089120e-01
6.910000e+01 0.000000e+00 1.087773e-01 1.087773e-01
6.920000e+01 0.000000e+00 1.086428e-01 1.086428e-01
6.930000e+01 0.000000e+00 1.085085e-01 1.085085e-01
6.940000e+01 0.000000e+00 1.083745e-01 1.083745e-01
6.950000e+01 0.000000e+00 1.082407e-01 1.082407e-01
6.960000e+01 0.000000e+00 1.081072e-01 1.081072e-01
6.970000e+01 0.000000e+00 1.079739e-01 1.079739e-01
6.980000e+01 0.000000e+00 1.078408e-01 1.078408e-01
6.990000e+01 0.000000e+00 1.077080e-01 1.077080e-01
7.000000e+01 0.000000e+00 1.075754e-01 1.075754e-01
7.010000e+01 0.000000e+00 1.074430e-01 1.074430e-01
7.020000e+01 0.000000e+00 1.073109e-01 1.073109e-01
7.030000e+01 0.000000e+00 1.071790e-01 1.071790e-01
7.040000e+01 0.000000e+00 1.070474e-01 1.070474e-01
7.050000e+01 0.000000e+00 1.069159e-01 1.069159e-01
7.060000e+01 0.000000e+00 1.067847e-01 1.067847e-01
7.070000e+01 0.000000e+00 1.066538e-01 1.066538e-01
7.080000e+01 0.000000e+00 1.065231e-01 1.065231e-01
7.090000e+01 0.000000e+00 1.063926e-01 1.063926e-01
7.100000e+01 0.000000e+00 1.062623e-01 1.062623e-01
7.110000e+01 0.000000e+00 1.061323e-01 1.061323e-01
7.120000e+01 0.000000e+00 1.060025e-01 1.060025e-01
7.130000e+01 0.000000e+00 1.058729e-01 1.058729e-01
7.140000e+01 0.000000e+00 1.057436e-01 1.057436e-01
7.150000e+01 0.000000e+00 1.056144e-01 1.056144e-01
7.160000e+01 0.000000e+00 1.054856e-01 1.054856e-01
7.170000e+01 0.000000e+00 1.053569e-01 1.053569e-01
7.180000e+01 0.000000e+00 1.052284e-01 1.052284e-01
7.190000e+01 0.000000e+00 1.051002e-01 1.051002e-01
7.200000e+01 0.000000e+00 1.049722e-01 1.049722e-01
7.210000e+01 0.000000e+00 1.048444e-01 1.048444e-01
7.220000e+01 0.000000e+00 1.047169e-01 1.047169e-01
7.230000e+01 0.000000e+00 1.045896e-01 1.045896e-01
7.240000e+01 0.000000e+00 1.044624e-01 1.044624e-01
7.250000e+01 0.000000e+00 1.043355e-01 1.043355e-01
7.260000e+01 0.000000e+00 1.042089e-01 1.042089e-01
7.270000e+01 0.000000e+00 1.040824e-01 1.040824e-01
7.280000e+01 0.000000e+00 1.039562e-01 1.039562e-01
7.290000e+01 0.000000e+00 1.038301e-01 1.038301e-01
7.300000e+01 0.000000e+00 1.037043e-01 1.037043e-01
7.310000e+01 0.000000e+00 1.035787e-01 1.035787e-01
7.320000e+01 0.000000e+00 1.034533e-01 1.034533e-01
7.330000e+01 0.000000e+00 1.033281e-01 1.033281e-01
7.340000e+01 0.000000e+00 1.032031e-01 1.032031e-01
7.350000e+01 0.000000e+00 1.030784e-01 1.030784e-01
7.360000e+01 0.000000e+00 1.029538e-01 1.029538e-01
7.370000e+01 0.000000e+00 1.028295e-01 1.028295e-01
7.380000e+01 0.000000e+00 1.027054e-01 1.027054e-01
7.390000e+01 0.000000e+00 1.025814e-01 1.025814e-01
7.400000e+01 0.000000e+00 1.024577e-01 1.024577e-01
7.410000e+01 0.000000e+00 1.023342e-01 1.023342e-01
7.420000e+01 0.000000e+00 1.022109e-01 1.022109e-01
7.430000e+01 0.000000e+00 1.020878e-01 1.020878e-01
7.440000e+01 0.000000e+00 1.019649e-01 1.019649e-01
7.450000e+01 0.000000e+00 1.018423e-01 1.018423e-01
7.460000e+01 0.000000e+00 1.017198e-01 1.017198e-01
7.470000e+01 0.000000e+00 1.015975e-01 1.015975e-01
7.480000e+01 0.000000e+00 1.014754e-01 1.014754e-01
7.490000e+01 0.000000e+00 1.013536e-01 1.013536e-01
7.500000e+01 0.000000e+00 1.012319e-01 1.012319e-01
7.510000e+01 0.000000e+00 1.011105e-01 1.011105e-01
7.520000e+01 0.000000e+00 1.009892e-01 1.009892e-01
7.530000e+01 0.000000e+00 1.008681e-01 1.008681e-01
7.540000e+01 0.000000e+00 1.007473e-01 1.007473e-01
7.550000e+01 0.000000e+00 1.006266e-01 1.006266e-01
7.560000e+01 0.000000e+00 1.005062e-01 1.005062e-01
7.570000e+01 0.000000e+00 1.003859e-01 1.003859e-01
7.580000e+01 0.000000e+00 1.002659e-01 1.002659e-01
7.590000e+01 0.000000e+00 1.001460e-01 1.001460e-01
7.600000e+01 0.000000e+00 1.000263e-01 1.000263e-01
7.610000e+01 0.000000e+00 9.990689e-02 9.990689e-02
7.620000e+01 0.000000e+00 9.978762e-02 9.978762e-02
7.630000e+01 0.000000e+00 9.966854e-02 9.966854e-02
7.640000e+01 0.000000e+00 9.954965e-02 9.954965e-02
7.650000e+01 0.000000e+00 9.943095e-02 9.943095e-02
7.660000e+01 0.000000e+00 9.931244e-02 9.931244e-02
7.670000e+01 0.000000e+00 9.919412e-02 9.919412e-02
7.680000e+01 0.000000e+00 9.907599e-02 9.907599e-02
7.690000e+01 0.000000e+00 9.895806e-02 9.895806e-02
7.700000e+01 0.000000e+00 9.884033e-02 9.884033e-02
7.710000e+01 0.000000e+00 9.872279e-02 9.872279e-02
7.720000e+01 0.000000e+00 9.860545e-02 9.860545e-02
7.730000e+01 0.000000e+00 9.848830e-02 9.848830e-02
7.740000e+01 0.000000e+00 9.837134e-02 9.837134e-02
7.750000e+01 0.000000e+00 9.825457e-02 9.825457e-02
7.760000e+01 0.000000e+00 9.813799e-02 9.813799e-02
7.770000e+01 0.000000e+00 9.802160e-02 9.802160e-02
7.780000e+01 0.000000e+00 9.790540e-02 9.790540e-02
7.790000e+01 0.000000e+00 9.778938e-02 9.778938e-02
7.800000e+01 0.000000e+00 9.767354e-02 9.767354e-02
7.810000e+01 0.000000e+00 9.755789e-02 9.755789e-02
7.820000e+01 0.000000e+00 9.744243e-02 9.744243e-02
7.830000e+01 0.000000e+00 9.732715e-02 9.732715e-02
7.840000e+01 0.000000e+00 9.721204e-02 9.721204e-02
7.850000e+01 0.000000e+00 9.709712e-02 9.709712e-02
7.860000e+01 0.000000e+00 9.698238e-02 9.698238e-02
7.870000e+01 0.000000e+00 9.686782e-02 9.686782e-02
7.880000e+01 0.000000e+00 9.675344e-02 9.675344e-02
7.890000e+01 0.000000e+00 9.663924e-02 9.663924e-02
7.900000e+01 0.000000e+00 9.652522e-02 9.652522e-02
7.910000e+01 0.000000e+00 9.641138e-02 9.641138e-02
7.920000e+01 0.000000e+00 9.629772e-02 9.629772e-02
7.930000e+01 0.000000e+00 9.618424e-02 9.618424e-02
7.940000e+01 0.000000e+00 9.607094e-02 9.607094e-02
7.950000e+01 0.000000e+00 9.595782e-02 9.595782e-02
7.960000e+01 0.000000e+00 9.584488e-02 9.584488e-02
7.970000e+01 0.000000e+00 9.573212e-02 9.573212e-02
7.980000e+01 0.000000e+00 9.561955e-02 9.561955e-02
7.990000e+01 0.000000e+00 9.550714e-02 9.550714e-02
8.000000e+01 0.000000e+00 9.539492e-02 9.539492e-02
8.010000e+01 0.000000e+00 9.528287e-02 9.528287e-02
8.020000e+01 0.000000e+00 9.517100e-02 9.517100e-02
8.030000e+01 0.000000e+00 9.505930e-02 9.505930e-02
8.040000e+01 0.000000e+00 9.494778e-02 9.494778e-02
8.050000e+01 0.000000e+00 9.483643e-02 9.483643e-02
8.060000e+01 0.000000e+00 9.472526e-02 9.472526e-02
8.070000e+01 0.000000e+00 9.461426e-02 9.461426e-02
8.080000e+01 0.000000e+00 9.450343e-02 9.450343e-02
8.090000e+01 0.000000e+00 9.439277e-02 9.439277e-02
8.100000e+01 0.000000e+00 9.428229e-02 9.428229e-02
8.110000e+01 0.000000e+00 9.417198e-02 9.417198e-02
8.120000e+01 0.000000e+00 9.406185e-02 9.406185e-02
8.130000e+01 0.000000e+00 9.395188e-02 9.395188e-02
8.140000e+01 0.000000e+00 9.384208e-02 9.384208e-02
8.150000e+01 0.000000e+00 9.373244e-02 9.373244e-02
8.160000e+01 0.000000e+00 9.362298e-02 9.362298e-02
8.170000e+01 0.000000e+00 9.351368e-02 9.351368e-02
8.180000e+01 0.000000e+00 9.340455e-02 9.340455e-02
8.190000e+01 0.000000e+00 9.329558e-02 9.329558e-02
8.200000e+01 0.000000e+00 9.318678e-02 9.318678e-02
8.210000e+01 0.000000e+00 9.307815e-02 9.307815e-02
8.220000e+01 0.000000e+00 9.296969e-02 9.296969e-02
8.230000e+01 0.000000e+00 9.286140e-02 9.286140e-02
8.240000e+01 0.000000e+00 9.275327e-02 9.275327e-02
8.250000e+01 0.000000e+00 9.264531e-02 9.264531e-02
8.260000e+01 0.000000e+00 9.253751e-02 9.253751e-02
8.270000e+01 0.000000e+00 9.242988e-02 9.242988e-02
8.280000e+01 0.000000e+00 9.232240e-02 9.232240e-02
8.290000e+01 0.000000e+00 9.221510e-02 9.221510e-02
8.300000e+01 0.000000e+00 9.210795e-02 9.210795e-02
8.310000e+01 0.000000e+00 9.200097e-02 9.200097e-02
8.320000e+01 0.000000e+00 9.189415e-02 9.189415e-02
8.330000e+01 0.000000e+00 9.178749e-02 9.178749e-02
8.340000e+01 0.000000e+00 9.168100e-02 9.168100e-02
8.350000e+01 0.000000e+00 9.157467e-02 9.157467e-02
8.360000e+01 0.000000e+00 9.146850e-02 9.146850e-02
8.370000e+01 0.000000e+00 9.136249e-02 9.136249e-02
8.380000e+01 0.000000e+00 9.125665e-02 9.125665e-02
8.390000e+01 0.000000e+00 9.115096e-02 9.115096e-02
8.400000e+01 0.000000e+00 9.104544e-02 9.104544e-02
8.410000e+01 0.000000e+00 9.094007e-02 9.094007e-02
8.420000e+01 0.000000e+00 9.083486e-02 9.083486e-02
8.430000e+01 0.000000e+00 9.072981e-02 9.072981e-02
8.440000e+01 0.000000e+00 9.062492e-02 9.062492e-02
8.450000e+01 0.000000e+00 9.052018e-02 9.052018e-02
8.460000e+01 0.000000e+00 9.041560e-02 9.041560e-02
8.470000e+01 0.000000e+00 9.031118e-02 9.031118e-02
8.480000e+01 0.000000e+00 9.020691e-02 9.020691e-02
8.490000e+01 0.000000e+00 9.010280e-02 9.010280e-02
8.500000e+01 0.000000e+00 8.999885e-02 8.999885e-02
8.510000e+01 0.000000e+00 8.989505e-02 8.989505e-02
8.520000e+01 0.000000e+00 8.979140e-02 8.979140e-02
8.530000e+01 0.000000e+00 8.968791e-02 8.968791e-02
8.540000e+01 0.000000e+00 8.958457e-02 8.958457e-02
8.550000e+01 0.000000e+00 8.948139e-02 8.948139e-02
8.560000e+01 0.000000e+00 8.937836e-02 8.937836e-02
8.570000e+01 0.000000e+00 8.927548e-02 8.927548e-02
8.580000e+01 0.000000e+00 8.917276e-02 8.917276e-02
8.590000e+01 0.000000e+00 8.907019e-02 8.907019e-02
8.600000e+01 0.000000e+00 8.896777e-02 8.896777e-02
8.610000e+01 0.000000e+00 8.886550e-02 8.886550e-02
8.620000e+01 0.000000e+00 8.876338e-02 8.876338e-02
8.630000e+01 0.000000e+00 8.866141e-02 8.866141e-02
8.640000e+01 0.000000e+00 8.855959e-02 8.855959e-02
8.650000e+01 0.000000e+00 8.845793e-02 8.845793e-02
8.660000e+01 0.000000e+00 8.835642e-02 8.835642e-02
8.670000e+01 0.000000e+00 8.825505e-02 8.825505e-02
8.680000e+01 0.000000e+00 8.815384e-02 8.815384e-02
8.690000e+01 0.000000e+00 8.805277e-02 8.805277e-02
8.700000e+01 0.000000e+00 8.795185e-02 8.795185e-02
8.710000e+01 0.000000e+00 8.785107e-02 8.785107e-02
8.720000e+01 0.000000e+00 8.775044e-02 8.775044e-02
8.730000e+01 0.000000e+00 8.764996e-02 8.764996e-02
8.740000e+01 0.000000e+00 8.754963e-02 8.754963e-02
8.750000e+01 0.000000e+00 8.744944e-02 8.744944e-02
8.760000e+01 0.000000e+00 8.734939e-02 8.734939e-02
8.770000e+01 0.000000e+00 8.724950e-02 8.724950e-02
8.780000e+01 0.000000e+00 8.714975e-02 8.714975e-02
8.790000e+01 0.000000e+00 8.705014e-02 8.705014e-02
8.800000e+01 0.000000e+00 8.695068e-02 8.695068e-02
8.810000e+01 0.000000e+00 8.685137e-02 8.685137e-02
8.820000e+01 0.000000e+00 8.675220e-02 8.675220e-02
8.830000e+01 0.000000e+00 8.665317e-02 8.665317e-02
8.840000e+01 0.000000e+00 8.655428e-02 8.655428e-02
8.850000e+01 0.000000e+00 8.645553e-02 8.645553e-02
8.860000e+01 0.000000e+00 8.635693e-02 8.635693e-02
8.870000e+01 0.000000e+00 8.625847e-02 8.625847e-02
8.880000e+01 0.000000e+00 8.616015e-02 8.616015e-02
8.890000e+01 0.000000e+00 8.606197e-02 8.606197e-02
8.900000e+01 0.000000e+00 8.596393e-02 8.596393e-02
8.910000e+01 0.000000e+00 8.586603e-02 8.586603e-02
8.920000e+01 0.000000e+00 8.576828e-02 8.576828e-02
8.930000e+01 0.000000e+00 8.567066e-02 8.567066e-02
8.940000e+01 0.000000e+00 8.557319e-02 8.557319e-02
8.950000e+01 0.000000e+00 8.547586e-02 8.547586e-02
8.960000e+01 0.000000e+00 8.537866e-02 8.537866e-02
8.970000e+01 0.000000e+00 8.528161e-02 8.528161e-02
8.980000e+01 0.000000e+00 8.518469e-02 8.518469e-02
8.990000e+01 0.000000e+00 8.508792e-02 8.508792e-02
9.000000e+01 0.000000e+00 8.499128e-02 8.499128e-02
9.010000e+01 0.000000e+00 8.489477e-02 8.489477e-02
9.020000e+01 0.000000e+00 8.479841e-02 8.479841e-02
9.030000e+01 0.000000e+00 8.470218e-02 8.470218e-02
9.040000e+01 0.000000e+00 8.460608e-02 8.460608e-02
9.050000e+01 0.000000e+00 8.451013e-02 8.451013e-02
9.060000e+01 0.000000e+00 8.441431e-02 8.441431e-02
9.070000e+01 0.000000e+00 8.431863e-02 8.431863e-02
9.080000e+01 0.000000e+00 8.422308e-02 8.422308e-02
9.090000e+01 0.000000e+00 8.412767e-02 8.412767e-02
9.100000e+01 0.000000e+00 8.403240e-02 8.403240e-02
9.110000e+01 0.000000e+00 8.393726e-02 8.393726e-02
9.120000e+01 0.000000e+00 8.384225e-02 8.384225e-02
9.130000e+01 0.000000e+00 8.374738e-02 8.374738e-02
9.140000e+01 0.000000e+00 8.365264e-02 8.365264e-02
9.150000e+01 0.000000e+00 8.355803e-02 8.355803e-02
9.160000e+01 0.000000e+00 8.346356e-02 8.346356e-02
9.170000e+01 0.000000e+00 8.336922e-02 8.336922e-02
9.180000e+01 0.000000e+00 8.327501e-02 8.327501e-02
9.190000e+01 0.000000e+00 8.318094e-02 8.318094e-02
9.200000e+01 0.000000e+00 8.308699e-02 8.308699e-02
9.210000e+01 0.000000e+00 8.299318e-02 8.299318e-02
9.220000e+01 0.000000e+00 8.289950e-02 8.289950e-02
9.230000e+01 0.000000e+00 8.280596e-02 8.280596e-02
9.240000e+01 0.000000e+00 8.271254e-02 8.271254e-02
9.250000e+01 0.000000e+00 8.261926e-02 8.261926e-02
9.260000e+01 0.000000e+00 8.252610e-02 8.252610e-02
9.270000e+01 0.000000e+00 8.243308e-02 8.243308e-02
9.280000e+01 0.000000e+00 8.234018e-02 8.234018e-02
9.290000e+01 0.000000e+00 8.224742e-02 8.224742e-02
9.300000e+01 0.000000e+00 8.215478e-02 8.215478e-02
9.310000e+01 0.000000e+00 8.206227e-02 8.206227e-02
9.320000e+01 0.000000e+00 8.196989e-02 8.196989e-02
9.330000e+01 0.000000e+00 8.187764e-02 8.187764e-02
9.340000e+01 0.000000e+00 8.178552e-02 8.178552e-02
9.350000e+01 0.000000e+00 8.169352e-02 8.169352e-02
9.360000e+01 0.000000e+00 8.160165e-02 8.160165e-02
9.370000e+01 0.000000e+00 8.150991e-02 8.150991e-02
9.380000e+01 0.000000e+00 8.141830e-02 8.141830e-02
9.390000e+01 0.000000e+00 8.132682e-02 8.132682e-02
9.400000e+01 0.000000e+00 8.123546e-02 8.123546e-02
9.410000e+01 0.000000e+00 8.114423e-02 8.114423e-02
9.420000e+01 0.000000e+00 8.105313e-02 8.105313e-02
9.430000e+01 0.000000e+00 8.096215e-02 8.096215e-02
9.440000e+01 0.000000e+00 8.087129e-02 8.087129e-02
9.450000e+01 0.000000e+00 8.078056e-02 8.078056e-02
9.460000e+01 0.000000e+00 8.068996e-02 8.068996e-02
9.470000e+01 0.000000e+00 8.059947e-02 8.059947e-02
9.480000e+01 0.000000e+00 8.050912e-02 8.050912e-02
9.490000e+01 0.000000e+00 8.041889e-02 8.041889e-02
9.500000e+01 0.000000e+00 8.032878e-02 8.032878e-02
9.510000e+01 0.000000e+00 8.023879e-02 8.023879e-02
9.520000e+01 0.000000e+00 8.014894e-02 8.014894e-02
9.530000e+01 0.000000e+00 8.005920e-02 8.005920e-02
9.540000e+01 0.000000e+00 7.996959e-02 7.996959e-02
9.550000e+01 0.000000e+00 7.988010e-02 7.988010e-02
9.560000e+01 0.000000e+00 7.979073e-02 7.979073e-02
9.570000e+01 0.000000e+00 7.970148e-02 7.970148e-02
9.580000e+01 0.000000e+00 7.961236e-02 7.961236e-02
9.590000e+01 0.000000e+00 7.952336e-02 7.952336e-02
9.600000e+01 0.000000e+00 7.943447e-02 7.943447e-02
9.610000e+01 0.000000e+00 7.934571e-02 7.934571e-02
9.620000e+01 0.000000e+00 7.925707e-02 7.925707e-02
9.630000e+01 0.000000e+00 7.916855e-02 7.916855e-02
9.640000e+01 0.000000e+00 7.908015e-02 7.908015e-02
9.650000e+01 0.000000e+00 7.899187e-02 7.899187e-02
9.660000e+01 0.000000e+00 7.890371e-02 7.890371e-02
9.670000e+01 0.000000e+00 7.881566e-02 7.881566e-02
9.680000e+01 0.000000e+00 7.872774e-02 7.872774e-02
9.690000e+01 0.000000e+00 7.863994e-02 7.863994e-02
9.700000e+01 0.000000e+00 7.855226e-02 7.855226e-02
9.710000e+01 0.000000e+00 7.846470e-02 7.846470e-02
9.720000e+01 0.000000e+00 7.837725e-02 7.837725e-02
9.730000e+01 0.000000e+00 7.828992e-02 7.828992e-02
9.740000e+01 0.000000e+00 7.820271e-02 7.820271e-02
9.750000e+01 0.000000e+00 7.811562e-02 7.811562e-02
9.760000e+01 0.000000e+00 7.802864e-02 7.802864e-02
9.770000e+01 0.000000e+00 7.794178e-02 7.794178e-02
9.780000e+01 0.000000e+00 7.785504e-02 7.785504e-02
9.790000e+01 0.000000e+00 7.776841e-02 7.776841e-02
9.800000e+01 0.000000e+00 7.768190e-02 7.768190e-02
9.810000e+01 0.000000e+00 7.759550e-02 7.759550e-02
9.820000e+01 0.000000e+00 7.750922e-02 7.750922e-02
9.830000e+01 0.000000e+00 7.742305e-02 7.742305e-02
9.840000e+01 0.000000e+00 7.733700e-02 7.733700e-02
9.850000e+01 0.000000e+00 7.725107e-02 7.725107e-02
9.860000e+01 0.000000e+00 7.716525e-02 7.716525e-02
9.870000e+01 0.000000e+00 7.707954e-02 7.707954e-02
9.880000e+01 0.000000e+00 7.699396e-02 7.699396e-02
9.890000e+01 0.000000e+00 7.690848e-02 7.690848e-02
9.900000e+01 0.000000e+00 7.682312e-02 7.682312e-02
9.910000e+01 0.000000e+00 7.673787e-02 7.673787e-02
9.920000e+01 0.000000e+00 7.665274e-02 7.665274e-02
9.930000e+01 0.000000e+00 7.656772e-02 7.656772e-02
9.940000e+01 0.000000e+00 7.648281e-02 7.648281e-02
9.950000e+01 0.000000e+00 7.639802e-02 7.639802e-02
9.960000e+01 0.000000e+00 7.631334e-02 7.631334e-02
9.970000e+01 0.000000e+00 7.622877e-02 7.622877e-02
9.980000e+01 0.000000e+00 7.614431e-02 7.614431e-02
9.990000e+01 0.000000e+00 7.605997e-02 7.605997e-02
1.000000e+02 0.000000e+00 7.597574e-02 7.597574e-02
