# # chi(t) for Pe = 150, beta = 0.5, bridge_width = 1.0
# # Columns: time, chi, I_T (signed), I_|T| (unsigned)
0.000000e+00 0.000000e+00 3.835511e-01 3.835511e-01
1.000000e-01 5.600000e-06 3.995090e-01 3.995112e-01
2.000000e-01 0.000000e+00 4.001644e-01 4.001644e-01
3.000000e-01 0.000000e+00 4.001825e-01 4.001825e-01
4.000000e-01 1.000000e-07 4.002239e-01 4.002239e-01
5.000000e-01 4.500000e-06 4.002459e-01 4.002477e-01
6.000000e-01 2.790000e-05 4.002591e-01 4.002703e-01
7.000000e-01 3.950000e-05 4.002529e-01 4.002687e-01
8.000000e-01 2.160000e-05 4.002903e-01 4.002990e-01
9.000000e-01 1.000000e-06 4.003196e-01 4.003200e-01
1.000000e+00 0.000000e+00 4.003321e-01 4.003321e-01
1.100000e+00 0.000000e+00 4.003207e-01 4.003207e-01
1.200000e+00 0.000000e+00 4.002802e-01 4.002802e-01
1.300000e+00 0.000000e+00 4.002080e-01 4.002080e-01
1.400000e+00 0.000000e+00 4.001035e-01 4.001035e-01
1.500000e+00 0.000000e+00 3.999671e-01 3.999671e-01
1.600000e+00 0.000000e+00 3.998003e-01 3.998003e-01
1.700000e+00 0.000000e+00 3.996048e-01 3.996048e-01
1.800000e+00 0.000000e+00 3.993827e-01 3.993827e-01
1.900000e+00 0.000000e+00 3.991362e-01 3.991362e-01
2.000000e+00 0.000000e+00 3.988674e-01 3.988674e-01
2.100000e+00 0.000000e+00 3.985783e-01 3.985783e-01
2.200000e+00 0.000000e+00 3.982710e-01 3.982710e-01
2.300000e+00 0.000000e+00 3.979473e-01 3.979473e-01
2.400000e+00 0.000000e+00 3.976088e-01 3.976088e-01
2.500000e+00 0.000000e+00 3.972572e-01 3.972572e-01
2.600000e+00 0.000000e+00 3.968940e-01 3.968940e-01
2.700000e+00 0.000000e+00 3.965205e-01 3.965205e-01
2.800000e+00 0.000000e+00 3.961380e-01 3.961380e-01
2.900000e+00 0.000000e+00 3.957474e-01 3.957474e-01
3.000000e+00 0.000000e+00 3.953499e-01 3.953499e-01
3.100000e+00 0.000000e+00 3.949464e-01 3.949464e-01
3.200000e+00 0.000000e+00 3.945377e-01 3.945377e-01
3.300000e+00 0.000000e+00 3.941245e-01 3.941245e-01
3.400000e+00 0.000000e+00 3.937075e-01 3.937075e-01
3.500000e+00 0.000000e+00 3.932873e-01 3.932873e-01
3.600000e+00 0.000000e+00 3.928644e-01 3.928644e-01
3.700000e+00 0.000000e+00 3.924392e-01 3.924392e-01
3.800000e+00 0.000000e+00 3.920122e-01 3.920122e-01
3.900000e+00 0.000000e+00 3.915838e-01 3.915838e-01
4.000000e+00 0.000000e+00 3.911541e-01 3.911541e-01
4.100000e+00 0.000000e+00 3.907236e-01 3.907236e-01
4.200000e+00 0.000000e+00 3.902924e-01 3.902924e-01
4.300000e+00 0.000000e+00 3.898606e-01 3.898606e-01
4.400000e+00 0.000000e+00 3.894285e-01 3.894285e-01
4.500000e+00 0.000000e+00 3.889962e-01 3.889962e-01
4.600000e+00 0.000000e+00 3.885637e-01 3.885637e-01
4.700000e+00 0.000000e+00 3.881311e-01 3.881311e-01
4.800000e+00 0.000000e+00 3.876984e-01 3.876984e-01
4.900000e+00 0.000000e+00 3.872658e-01 3.872658e-01
5.000000e+00 0.000000e+00 3.868331e-01 3.868331e-01
5.100000e+00 0.000000e+00 3.864004e-01 3.864004e-01
5.200000e+00 0.000000e+00 3.859676e-01 3.859676e-01
5.300000e+00 0.000000e+00 3.855347e-01 3.855347e-01
5.400000e+00 0.000000e+00 3.851016e-01 3.851016e-01
5.500000e+00 0.000000e+00 3.846683e-01 3.846683e-01
5.600000e+00 0.000000e+00 3.842347e-01 3.842347e-01
5.700000e+00 0.000000e+00 3.838007e-01 3.838007e-01
5.800000e+00 0.000000e+00 3.833662e-01 3.833662e-01
5.900000e+00 0.000000e+00 3.829312e-01 3.829312e-01
6.000000e+00 0.000000e+00 3.824955e-01 3.824955e-01
6.100000e+00 0.000000e+00 3.820590e-01 3.820590e-01
6.200000e+00 0.000000e+00 3.816217e-01 3.816217e-01
6.300000e+00 0.000000e+00 3.811834e-01 3.811834e-01
6.400000e+00 0.000000e+00 3.807441e-01 3.807441e-01
6.500000e+00 0.000000e+00 3.803036e-01 3.803036e-01
6.600000e+00 0.000000e+00 3.798619e-01 3.798619e-01
6.700000e+00 0.000000e+00 3.794187e-01 3.794187e-01
6.800000e+00 0.000000e+00 3.789742e-01 3.789742e-01
6.900000e+00 0.000000e+00 3.785281e-01 3.785281e-01
7.000000e+00 0.000000e+00 3.780803e-01 3.780803e-01
7.100000e+00 0.000000e+00 3.776308e-01 3.776308e-01
7.200000e+00 0.000000e+00 3.771795e-01 3.771795e-01
7.300000e+00 0.000000e+00 3.767263e-01 3.767263e-01
7.400000e+00 0.000000e+00 3.762712e-01 3.762712e-01
7.500000e+00 0.000000e+00 3.758140e-01 3.758140e-01
7.600000e+00 0.000000e+00 3.753547e-01 3.753547e-01
7.700000e+00 0.000000e+00 3.748932e-01 3.748932e-01
7.800000e+00 0.000000e+00 3.744295e-01 3.744295e-01
7.900000e+00 0.000000e+00 3.739635e-01 3.739635e-01
8.000000e+00 0.000000e+00 3.734951e-01 3.734951e-01
8.100000e+00 0.000000e+00 3.730244e-01 3.730244e-01
8.200000e+00 0.000000e+00 3.725512e-01 3.725512e-01
8.300000e+00 0.000000e+00 3.720756e-01 3.720756e-01
8.400000e+00 0.000000e+00 3.715975e-01 3.715975e-01
8.500000e+00 0.000000e+00 3.711168e-01 3.711168e-01
8.600000e+00 0.000000e+00 3.706336e-01 3.706336e-01
8.700000e+00 0.000000e+00 3.701479e-01 3.701479e-01
8.800000e+00 0.000000e+00 3.696595e-01 3.696595e-01
8.900000e+00 0.000000e+00 3.691686e-01 3.691686e-01
9.000000e+00 0.000000e+00 3.686750e-01 3.686750e-01
9.100000e+00 0.000000e+00 3.681788e-01 3.681788e-01
9.200000e+00 0.000000e+00 3.676801e-01 3.676801e-01
9.300000e+00 0.000000e+00 3.671787e-01 3.671787e-01
9.400000e+00 0.000000e+00 3.666747e-01 3.666747e-01
9.500000e+00 0.000000e+00 3.661681e-01 3.661681e-01
9.600000e+00 0.000000e+00 3.656590e-01 3.656590e-01
9.700000e+00 0.000000e+00 3.651472e-01 3.651472e-01
9.800000e+00 0.000000e+00 3.646330e-01 3.646330e-01
9.900000e+00 0.000000e+00 3.641162e-01 3.641162e-01
1.000000e+01 0.000000e+00 3.635969e-01 3.635969e-01
1.010000e+01 0.000000e+00 3.630752e-01 3.630752e-01
1.020000e+01 0.000000e+00 3.625510e-01 3.625510e-01
1.030000e+01 0.000000e+00 3.620244e-01 3.620244e-01
1.040000e+01 0.000000e+00 3.614954e-01 3.614954e-01
1.050000e+01 0.000000e+00 3.609641e-01 3.609641e-01
1.060000e+01 0.000000e+00 3.604305e-01 3.604305e-01
1.070000e+01 0.000000e+00 3.598946e-01 3.598946e-01
1.080000e+01 0.000000e+00 3.593565e-01 3.593565e-01
1.090000e+01 0.000000e+00 3.588162e-01 3.588162e-01
1.100000e+01 0.000000e+00 3.582738e-01 3.582738e-01
1.110000e+01 0.000000e+00 3.577293e-01 3.577293e-01
1.120000e+01 0.000000e+00 3.571828e-01 3.571828e-01
1.130000e+01 0.000000e+00 3.566342e-01 3.566342e-01
1.140000e+01 0.000000e+00 3.560837e-01 3.560837e-01
1.150000e+01 0.000000e+00 3.555313e-01 3.555313e-01
1.160000e+01 0.000000e+00 3.549771e-01 3.549771e-01
1.170000e+01 0.000000e+00 3.544210e-01 3.544210e-01
1.180000e+01 0.000000e+00 3.538632e-01 3.538632e-01
1.190000e+01 0.000000e+00 3.533038e-01 3.533038e-01
1.200000e+01 0.000000e+00 3.527426e-01 3.527426e-01
1.210000e+01 0.000000e+00 3.521799e-01 3.521799e-01
1.220000e+01 0.000000e+00 3.516156e-01 3.516156e-01
1.230000e+01 0.000000e+00 3.510498e-01 3.510498e-01
1.240000e+01 0.000000e+00 3.504826e-01 3.504826e-01
1.250000e+01 0.000000e+00 3.499141e-01 3.499141e-01
1.260000e+01 0.000000e+00 3.493442e-01 3.493442e-01
1.270000e+01 0.000000e+00 3.487730e-01 3.487730e-01
1.280000e+01 0.000000e+00 3.482005e-01 3.482005e-01
1.290000e+01 0.000000e+00 3.476270e-01 3.476270e-01
1.300000e+01 0.000000e+00 3.470522e-01 3.470522e-01
1.310000e+01 0.000000e+00 3.464765e-01 3.464765e-01
1.320000e+01 0.000000e+00 3.458997e-01 3.458997e-01
1.330000e+01 0.000000e+00 3.453219e-01 3.453219e-01
1.340000e+01 0.000000e+00 3.447432e-01 3.447432e-01
1.350000e+01 0.000000e+00 3.441637e-01 3.441637e-01
1.360000e+01 0.000000e+00 3.435833e-01 3.435833e-01
1.370000e+01 0.000000e+00 3.430022e-01 3.430022e-01
1.380000e+01 0.000000e+00 3.424203e-01 3.424203e-01
1.390000e+01 0.000000e+00 3.418378e-01 3.418378e-01
1.400000e+01 0.000000e+00 3.412547e-01 3.412547e-01
1.410000e+01 0.000000e+00 3.406710e-01 3.406710e-01
1.420000e+01 0.000000e+00 3.400867e-01 3.400867e-01
1.430000e+01 0.000000e+00 3.395020e-01 3.395020e-01
1.440000e+01 0.000000e+00 3.389169e-01 3.389169e-01
1.450000e+01 0.000000e+00 3.383313e-01 3.383313e-01
1.460000e+01 0.000000e+00 3.377454e-01 3.377454e-01
1.470000e+01 0.000000e+00 3.371592e-01 3.371592e-01
1.480000e+01 0.000000e+00 3.365728e-01 3.365728e-01
1.490000e+01 0.000000e+00 3.359861e-01 3.359861e-01
1.500000e+01 0.000000e+00 3.353993e-01 3.353993e-01
1.510000e+01 0.000000e+00 3.348123e-01 3.348123e-01
1.520000e+01 0.000000e+00 3.342252e-01 3.342252e-01
1.530000e+01 0.000000e+00 3.336381e-01 3.336381e-01
1.540000e+01 0.000000e+00 3.330509e-01 3.330509e-01
1.550000e+01 0.000000e+00 3.324638e-01 3.324638e-01
1.560000e+01 0.000000e+00 3.318767e-01 3.318767e-01
1.570000e+01 0.000000e+00 3.312897e-01 3.312897e-01
1.580000e+01 0.000000e+00 3.307029e-01 3.307029e-01
1.590000e+01 0.000000e+00 3.301162e-01 3.301162e-01
1.600000e+01 0.000000e+00 3.295297e-01 3.295297e-01
1.610000e+01 0.000000e+00 3.289435e-01 3.289435e-01
1.620000e+01 0.000000e+00 3.283575e-01 3.283575e-01
1.630000e+01 0.000000e+00 3.277718e-01 3.277718e-01
1.640000e+01 0.000000e+00 3.271864e-01 3.271864e-01
1.650000e+01 0.000000e+00 3.266014e-01 3.266014e-01
1.660000e+01 0.000000e+00 3.260168e-01 3.260168e-01
1.670000e+01 0.000000e+00 3.254326e-01 3.254326e-01
1.680000e+01 0.000000e+00 3.248489e-01 3.248489e-01
1.690000e+01 0.000000e+00 3.242656e-01 3.242656e-01
1.700000e+01 0.000000e+00 3.236829e-01 3.236829e-01
1.710000e+01 0.000000e+00 3.231006e-01 3.231006e-01
1.720000e+01 0.000000e+00 3.225189e-01 3.225189e-01
1.730000e+01 0.000000e+00 3.219379e-01 3.219379e-01
1.740000e+01 0.000000e+00 3.213574e-01 3.213574e-01
1.750000e+01 0.000000e+00 3.207775e-01 3.207775e-01
1.760000e+01 0.000000e+00 3.201983e-01 3.201983e-01
1.770000e+01 0.000000e+00 3.196198e-01 3.196198e-01
1.780000e+01 0.000000e+00 3.190420e-01 3.190420e-01
1.790000e+01 0.000000e+00 3.184649e-01 3.184649e-01
1.800000e+01 0.000000e+00 3.178885e-01 3.178885e-01
1.810000e+01 0.000000e+00 3.173130e-01 3.173130e-01
1.820000e+01 0.000000e+00 3.167382e-01 3.167382e-01
1.830000e+01 0.000000e+00 3.161642e-01 3.161642e-01
1.840000e+01 0.000000e+00 3.155910e-01 3.155910e-01
1.850000e+01 0.000000e+00 3.150187e-01 3.150187e-01
1.860000e+01 0.000000e+00 3.144472e-01 3.144472e-01
1.870000e+01 0.000000e+00 3.138766e-01 3.138766e-01
1.880000e+01 0.000000e+00 3.133069e-01 3.133069e-01
1.890000e+01 0.000000e+00 3.127381e-01 3.127381e-01
1.900000e+01 0.000000e+00 3.121703e-01 3.121703e-01
1.910000e+01 0.000000e+00 3.116034e-01 3.116034e-01
1.920000e+01 0.000000e+00 3.110374e-01 3.110374e-01
1.930000e+01 0.000000e+00 3.104724e-01 3.104724e-01
1.940000e+01 0.000000e+00 3.099084e-01 3.099084e-01
1.950000e+01 0.000000e+00 3.093454e-01 3.093454e-01
1.960000e+01 0.000000e+00 3.087834e-01 3.087834e-01
1.970000e+01 0.000000e+00 3.082225e-01 3.082225e-01
1.980000e+01 0.000000e+00 3.076625e-01 3.076625e-01
1.990000e+01 0.000000e+00 3.071037e-01 3.071037e-01
2.000000e+01 0.000000e+00 3.065458e-01 3.065458e-01
2.010000e+01 0.000000e+00 3.059891e-01 3.059891e-01
2.020000e+01 0.000000e+00 3.054334e-01 3.054334e-01
2.030000e+01 0.000000e+00 3.048789e-01 3.048789e-01
2.040000e+01 0.000000e+00 3.043254e-01 3.043254e-01
2.050000e+01 0.000000e+00 3.037731e-01 3.037731e-01
2.060000e+01 0.000000e+00 3.032218e-01 3.032218e-01
2.070000e+01 0.000000e+00 3.026717e-01 3.026717e-01
2.080000e+01 0.000000e+00 3.021228e-01 3.021228e-01
2.090000e+01 0.000000e+00 3.015750e-01 3.015750e-01
2.100000e+01 0.000000e+00 3.010283e-01 3.010283e-01
2.110000e+01 0.000000e+00 3.004828e-01 3.004828e-01
2.120000e+01 0.000000e+00 2.999385e-01 2.999385e-01
2.130000e+01 0.000000e+00 2.993954e-01 2.993954e-01
2.140000e+01 0.000000e+00 2.988534e-01 2.988534e-01
2.150000e+01 0.000000e+00 2.983127e-01 2.983127e-01
2.160000e+01 0.000000e+00 2.977731e-01 2.977731e-01
2.170000e+01 0.000000e+00 2.972347e-01 2.972347e-01
2.180000e+01 0.000000e+00 2.966976e-01 2.966976e-01
2.190000e+01 0.000000e+00 2.961616e-01 2.961616e-01
2.200000e+01 0.000000e+00 2.956269e-01 2.956269e-01
2.210000e+01 0.000000e+00 2.950934e-01 2.950934e-01
2.220000e+01 0.000000e+00 2.945612e-01 2.945612e-01
2.230000e+01 0.000000e+00 2.940301e-01 2.940301e-01
2.240000e+01 0.000000e+00 2.935004e-01 2.935004e-01
2.250000e+01 0.000000e+00 2.929718e-01 2.929718e-01
2.260000e+01 0.000000e+00 2.924445e-01 2.924445e-01
2.270000e+01 0.000000e+00 2.919185e-01 2.919185e-01
2.280000e+01 0.000000e+00 2.913937e-01 2.913937e-01
2.290000e+01 0.000000e+00 2.908701e-01 2.908701e-01
2.300000e+01 0.000000e+00 2.903478e-01 2.903478e-01
2.310000e+01 0.000000e+00 2.898268e-01 2.898268e-01
2.320000e+01 0.000000e+00 2.893070e-01 2.893070e-01
2.330000e+01 0.000000e+00 2.887886e-01 2.887886e-01
2.340000e+01 0.000000e+00 2.882713e-01 2.882713e-01
2.350000e+01 0.000000e+00 2.877554e-01 2.877554e-01
2.360000e+01 0.000000e+00 2.872407e-01 2.872407e-01
2.370000e+01 0.000000e+00 2.867273e-01 2.867273e-01
2.380000e+01 0.000000e+00 2.862151e-01 2.862151e-01
2.390000e+01 0.000000e+00 2.857043e-01 2.857043e-01
2.400000e+01 0.000000e+00 2.851947e-01 2.851947e-01
2.410000e+01 0.000000e+00 2.846864e-01 2.846864e-01
2.420000e+01 0.000000e+00 2.841793e-01 2.841793e-01
2.430000e+01 0.000000e+00 2.836736e-01 2.836736e-01
2.440000e+01 0.000000e+00 2.831691e-01 2.831691e-01
2.450000e+01 0.000000e+00 2.826659e-01 2.826659e-01
2.460000e+01 0.000000e+00 2.821640e-01 2.821640e-01
2.470000e+01 0.000000e+00 2.816634e-01 2.816634e-01
2.480000e+01 0.000000e+00 2.811641e-01 2.811641e-01
2.490000e+01 0.000000e+00 2.806660e-01 2.806660e-01
2.500000e+01 0.000000e+00 2.801692e-01 2.801692e-01
2.510000e+01 0.000000e+00 2.796738e-01 2.796738e-01
2.520000e+01 0.000000e+00 2.791795e-01 2.791795e-01
2.530000e+01 0.000000e+00 2.786866e-01 2.786866e-01
2.540000e+01 0.000000e+00 2.781950e-01 2.781950e-01
2.550000e+01 0.000000e+00 2.777046e-01 2.777046e-01
2.560000e+01 0.000000e+00 2.772155e-01 2.772155e-01
2.570000e+01 0.000000e+00 2.767277e-01 2.767277e-01
2.580000e+01 0.000000e+00 2.762411e-01 2.762411e-01
2.590000e+01 0.000000e+00 2.757559e-01 2.757559e-01
2.600000e+01 0.000000e+00 2.752719e-01 2.752719e-01
2.610000e+01 0.000000e+00 2.747892e-01 2.747892e-01
2.620000e+01 0.000000e+00 2.743077e-01 2.743077e-01
2.630000e+01 0.000000e+00 2.738275e-01 2.738275e-01
2.640000e+01 0.000000e+00 2.733486e-01 2.733486e-01
2.650000e+01 0.000000e+00 2.728709e-01 2.728709e-01
2.660000e+01 0.000000e+00 2.723945e-01 2.723945e-01
2.670000e+01 0.000000e+00 2.719194e-01 2.719194e-01
2.680000e+01 0.000000e+00 2.714455e-01 2.714455e-01
2.690000e+01 0.000000e+00 2.709729e-01 2.709729e-01
2.700000e+01 0.000000e+00 2.705016e-01 2.705016e-01
2.710000e+01 0.000000e+00 2.700315e-01 2.700315e-01
2.720000e+01 0.000000e+00 2.695626e-01 2.695626e-01
2.730000e+01 0.000000e+00 2.690950e-01 2.690950e-01
2.740000e+01 0.000000e+00 2.686287e-01 2.686287e-01
2.750000e+01 0.000000e+00 2.681636e-01 2.681636e-01
2.760000e+01 0.000000e+00 2.676997e-01 2.676997e-01
2.770000e+01 0.000000e+00 2.672371e-01 2.672371e-01
2.780000e+01 0.000000e+00 2.667757e-01 2.667757e-01
2.790000e+01 0.000000e+00 2.663156e-01 2.663156e-01
2.800000e+01 0.000000e+00 2.658567e-01 2.658567e-01
2.810000e+01 0.000000e+00 2.653990e-01 2.653990e-01
2.820000e+01 0.000000e+00 2.649425e-01 2.649425e-01
2.830000e+01 0.000000e+00 2.644873e-01 2.644873e-01
2.840000e+01 0.000000e+00 2.640333e-01 2.640333e-01
2.850000e+01 0.000000e+00 2.635805e-01 2.635805e-01
2.860000e+01 0.000000e+00 2.631290e-01 2.631290e-01
2.870000e+01 0.000000e+00 2.626786e-01 2.626786e-01
2.880000e+01 0.000000e+00 2.622295e-01 2.622295e-01
2.890000e+01 0.000000e+00 2.617816e-01 2.617816e-01
2.900000e+01 0.000000e+00 2.613349e-01 2.613349e-01
2.910000e+01 0.000000e+00 2.608894e-01 2.608894e-01
2.920000e+01 0.000000e+00 2.604451e-01 2.604451e-01
2.930000e+01 0.000000e+00 2.600020e-01 2.600020e-01
2.940000e+01 0.000000e+00 2.595601e-01 2.595601e-01
2.950000e+01 0.000000e+00 2.591194e-01 2.591194e-01
2.960000e+01 0.000000e+00 2.586799e-01 2.586799e-01
2.970000e+01 0.000000e+00 2.582416e-01 2.582416e-01
2.980000e+01 0.000000e+00 2.578045e-01 2.578045e-01
2.990000e+01 0.000000e+00 2.573685e-01 2.573685e-01
3.000000e+01 0.000000e+00 2.569337e-01 2.569337e-01
3.010000e+01 0.000000e+00 2.565001e-01 2.565001e-01
3.020000e+01 0.000000e+00 2.560677e-01 2.560677e-01
3.030000e+01 0.000000e+00 2.556365e-01 2.556365e-01
3.040000e+01 0.000000e+00 2.552064e-01 2.552064e-01
3.050000e+01 0.000000e+00 2.547775e-01 2.547775e-01
3.060000e+01 0.000000e+00 2.543497e-01 2.543497e-01
3.070000e+01 0.000000e+00 2.539232e-01 2.539232e-01
3.080000e+01 0.000000e+00 2.534977e-01 2.534977e-01
3.090000e+01 0.000000e+00 2.530734e-01 2.530734e-01
3.100000e+01 0.000000e+00 2.526503e-01 2.526503e-01
3.110000e+01 0.000000e+00 2.522283e-01 2.522283e-01
3.120000e+01 0.000000e+00 2.518075e-01 2.518075e-01
3.130000e+01 0.000000e+00 2.513878e-01 2.513878e-01
3.140000e+01 0.000000e+00 2.509692e-01 2.509692e-01
3.150000e+01 0.000000e+00 2.505518e-01 2.505518e-01
3.160000e+01 0.000000e+00 2.501355e-01 2.501355e-01
3.170000e+01 0.000000e+00 2.497203e-01 2.497203e-01
3.180000e+01 0.000000e+00 2.493063e-01 2.493063e-01
3.190000e+01 0.000000e+00 2.488933e-01 2.488933e-01
3.200000e+01 0.000000e+00 2.484815e-01 2.484815e-01
3.210000e+01 0.000000e+00 2.480708e-01 2.480708e-01
3.220000e+01 0.000000e+00 2.476613e-01 2.476613e-01
3.230000e+01 0.000000e+00 2.472528e-01 2.472528e-01
3.240000e+01 0.000000e+00 2.468454e-01 2.468454e-01
3.250000e+01 0.000000e+00 2.464392e-01 2.464392e-01
3.260000e+01 0.000000e+00 2.460340e-01 2.460340e-01
3.270000e+01 0.000000e+00 2.456300e-01 2.456300e-01
3.280000e+01 0.000000e+00 2.452270e-01 2.452270e-01
3.290000e+01 0.000000e+00 2.448251e-01 2.448251e-01
3.300000e+01 0.000000e+00 2.444243e-01 2.444243e-01
3.310000e+01 0.000000e+00 2.440246e-01 2.440246e-01
3.320000e+01 0.000000e+00 2.436260e-01 2.436260e-01
3.330000e+01 0.000000e+00 2.432284e-01 2.432284e-01
3.340000e+01 0.000000e+00 2.428320e-01 2.428320e-01
3.350000e+01 0.000000e+00 2.424366e-01 2.424366e-01
3.360000e+01 0.000000e+00 2.420422e-01 2.420422e-01
3.370000e+01 0.000000e+00 2.416490e-01 2.416490e-01
3.380000e+01 0.000000e+00 2.412568e-01 2.412568e-01
3.390000e+01 0.000000e+00 2.408656e-01 2.408656e-01
3.400000e+01 0.000000e+00 2.404755e-01 2.404755e-01
3.410000e+01 0.000000e+00 2.400865e-01 2.400865e-01
3.420000e+01 0.000000e+00 2.396985e-01 2.396985e-01
3.430000e+01 0.000000e+00 2.393116e-01 2.393116e-01
3.440000e+01 0.000000e+00 2.389257e-01 2.389257e-01
3.450000e+01 0.000000e+00 2.385408e-01 2.385408e-01
3.460000e+01 0.000000e+00 2.381570e-01 2.381570e-01
3.470000e+01 0.000000e+00 2.377742e-01 2.377742e-01
3.480000e+01 0.000000e+00 2.373924e-01 2.373924e-01
3.490000e+01 0.000000e+00 2.370117e-01 2.370117e-01
3.500000e+01 0.000000e+00 2.366320e-01 2.366320e-01
3.510000e+01 0.000000e+00 2.362533e-01 2.362533e-01
3.520000e+01 0.000000e+00 2.358757e-01 2.358757e-01
3.530000e+01 0.000000e+00 2.354990e-01 2.354990e-01
3.540000e+01 0.000000e+00 2.351234e-01 2.351234e-01
3.550000e+01 0.000000e+00 2.347488e-01 2.347488e-01
3.560000e+01 0.000000e+00 2.343752e-01 2.343752e-01
3.570000e+01 0.000000e+00 2.340026e-01 2.340026e-01
3.580000e+01 0.000000e+00 2.336310e-01 2.336310e-01
3.590000e+01 0.000000e+00 2.332604e-01 2.332604e-01
3.600000e+01 0.000000e+00 2.328907e-01 2.328907e-01
3.610000e+01 0.000000e+00 2.325221e-01 2.325221e-01
3.620000e+01 0.000000e+00 2.321545e-01 2.321545e-01
3.630000e+01 0.000000e+00 2.317878e-01 2.317878e-01
3.640000e+01 0.000000e+00 2.314222e-01 2.314222e-01
3.650000e+01 0.000000e+00 2.310575e-01 2.310575e-01
3.660000e+01 0.000000e+00 2.306938e-01 2.306938e-01
3.670000e+01 0.000000e+00 2.303310e-01 2.303310e-01
3.680000e+01 0.000000e+00 2.299693e-01 2.299693e-01
3.690000e+01 0.000000e+00 2.296084e-01 2.296084e-01
3.700000e+01 0.000000e+00 2.292486e-01 2.292486e-01
3.710000e+01 0.000000e+00 2.288897e-01 2.288897e-01
3.720000e+01 0.000000e+00 2.285318e-01 2.285318e-01
3.730000e+01 0.000000e+00 2.281748e-01 2.281748e-01
3.740000e+01 0.000000e+00 2.278188e-01 2.278188e-01
3.750000e+01 0.000000e+00 2.274637e-01 2.274637e-01
3.760000e+01 0.000000e+00 2.271095e-01 2.271095e-01
3.770000e+01 0.000000e+00 2.267563e-01 2.267563e-01
3.780000e+01 0.000000e+00 2.264041e-01 2.264041e-01
3.790000e+01 0.000000e+00 2.260528e-01 2.260528e-01
3.800000e+01 0.000000e+00 2.257024e-01 2.257024e-01
3.810000e+01 0.000000e+00 2.253529e-01 2.253529e-01
3.820000e+01 0.000000e+00 2.250044e-01 2.250044e-01
3.830000e+01 0.000000e+00 2.246568e-01 2.246568e-01
3.840000e+01 0.000000e+00 2.243101e-01 2.243101e-01
3.850000e+01 0.000000e+00 2.239644e-01 2.239644e-01
3.860000e+01 0.000000e+00 2.236195e-01 2.236195e-01
3.870000e+01 0.000000e+00 2.232756e-01 2.232756e-01
3.880000e+01 0.000000e+00 2.229326e-01 2.229326e-01
3.890000e+01 0.000000e+00 2.225905e-01 2.225905e-01
3.900000e+01 0.000000e+00 2.222493e-01 2.222493e-01
3.910000e+01 0.000000e+00 2.219090e-01 2.219090e-01
3.920000e+01 0.000000e+00 2.215696e-01 2.215696e-01
3.930000e+01 0.000000e+00 2.212310e-01 2.212310e-01
3.940000e+01 0.000000e+00 2.208934e-01 2.208934e-01
3.950000e+01 0.000000e+00 2.205567e-01 2.205567e-01
3.960000e+01 0.000000e+00 2.202208e-01 2.202208e-01
3.970000e+01 0.000000e+00 2.198859e-01 2.198859e-01
3.980000e+01 0.000000e+00 2.195518e-01 2.195518e-01
3.990000e+01 0.000000e+00 2.192186e-01 2.192186e-01
4.000000e+01 0.000000e+00 2.188862e-01 2.188862e-01
4.010000e+01 0.000000e+00 2.185548e-01 2.185548e-01
4.020000e+01 0.000000e+00 2.182242e-01 2.182242e-01
4.030000e+01 0.000000e+00 2.178945e-01 2.178945e-01
4.040000e+01 0.000000e+00 2.175656e-01 2.175656e-01
4.050000e+01 0.000000e+00 2.172376e-01 2.172376e-01
4.060000e+01 0.000000e+00 2.169105e-01 2.169105e-01
4.070000e+01 0.000000e+00 2.165842e-01 2.165842e-01
4.080000e+01 0.000000e+00 2.162588e-01 2.162588e-01
4.090000e+01 0.000000e+00 2.159342e-01 2.159342e-01
4.100000e+01 0.000000e+00 2.156104e-01 2.156104e-01
4.110000e+01 0.000000e+00 2.152875e-01 2.152875e-01
4.120000e+01 0.000000e+00 2.149655e-01 2.149655e-01
4.130000e+01 0.000000e+00 2.146443e-01 2.146443e-01
4.140000e+01 0.000000e+00 2.143239e-01 2.143239e-01
4.150000e+01 0.000000e+00 2.140044e-01 2.140044e-01
4.160000e+01 0.000000e+00 2.136857e-01 2.136857e-01
4.170000e+01 0.000000e+00 2.133678e-01 2.133678e-01
4.180000e+01 0.000000e+00 2.130507e-01 2.130507e-01
4.190000e+01 0.000000e+00 2.127345e-01 2.127345e-01
4.200000e+01 0.000000e+00 2.124191e-01 2.124191e-01
4.210000e+01 0.000000e+00 2.121045e-01 2.121045e-01
4.220000e+01 0.000000e+00 2.117907e-01 2.117907e-01
4.230000e+01 0.000000e+00 2.114777e-01 2.114777e-01
4.240000e+01 0.000000e+00 2.111655e-01 2.111655e-01
4.250000e+01 0.000000e+00 2.108541e-01 2.108541e-01
4.260000e+01 0.000000e+00 2.105435e-01 2.105435e-01
4.270000e+01 0.000000e+00 2.102338e-01 2.102338e-01
4.280000e+01 0.000000e+00 2.099248e-01 2.099248e-01
4.290000e+01 0.000000e+00 2.096166e-01 2.096166e-01
4.300000e+01 0.000000e+00 2.093092e-01 2.093092e-01
4.310000e+01 0.000000e+00 2.090026e-01 2.090026e-01
4.320000e+01 0.000000e+00 2.086967e-01 2.086967e-01
4.330000e+01 0.000000e+00 2.083917e-01 2.083917e-01
4.340000e+01 0.000000e+00 2.080874e-01 2.080874e-01
4.350000e+01 0.000000e+00 2.077840e-01 2.077840e-01
4.360000e+01 0.000000e+00 2.074813e-01 2.074813e-01
4.370000e+01 0.000000e+00 2.071793e-01 2.071793e-01
4.380000e+01 0.000000e+00 2.068782e-01 2.068782e-01
4.390000e+01 0.000000e+00 2.065778e-01 2.065778e-01
4.400000e+01 0.000000e+00 2.062782e-01 2.062782e-01
4.410000e+01 0.000000e+00 2.059793e-01 2.059793e-01
4.420000e+01 0.000000e+00 2.056812e-01 2.056812e-01
4.430000e+01 0.000000e+00 2.053839e-01 2.053839e-01
4.440000e+01 0.000000e+00 2.050873e-01 2.050873e-01
4.450000e+01 0.000000e+00 2.047915e-01 2.047915e-01
4.460000e+01 0.000000e+00 2.044964e-01 2.044964e-01
4.470000e+01 0.000000e+00 2.042021e-01 2.042021e-01
4.480000e+01 0.000000e+00 2.039085e-01 2.039085e-01
4.490000e+01 0.000000e+00 2.036156e-01 2.036156e-01
4.500000e+01 0.000000e+00 2.033235e-01 2.033235e-01
4.510000e+01 0.000000e+00 2.030322e-01 2.030322e-01
4.520000e+01 0.000000e+00 2.027416e-01 2.027416e-01
4.530000e+01 0.000000e+00 2.024517e-01 2.024517e-01
4.540000e+01 0.000000e+00 2.021625e-01 2.021625e-01
4.550000e+01 0.000000e+00 2.018741e-01 2.018741e-01
4.560000e+01 0.000000e+00 2.015864e-01 2.015864e-01
4.570000e+01 0.000000e+00 2.012994e-01 2.012994e-01
4.580000e+01 0.000000e+00 2.010131e-01 2.010131e-01
4.590000e+01 0.000000e+00 2.007276e-01 2.007276e-01
4.600000e+01 0.000000e+00 2.004428e-01 2.004428e-01
4.610000e+01 0.000000e+00 2.001587e-01 2.001587e-01
4.620000e+01 0.000000e+00 1.998753e-01 1.998753e-01
4.630000e+01 0.000000e+00 1.995926e-01 1.995926e-01
4.640000e+01 0.000000e+00 1.993106e-01 1.993106e-01
4.650000e+01 0.000000e+00 1.990293e-01 1.990293e-01
4.660000e+01 0.000000e+00 1.987487e-01 1.987487e-01
4.670000e+01 0.000000e+00 1.984689e-01 1.984689e-01
4.680000e+01 0.000000e+00 1.981897e-01 1.981897e-01
4.690000e+01 0.000000e+00 1.979112e-01 1.979112e-01
4.700000e+01 0.000000e+00 1.976335e-01 1.976335e-01
4.710000e+01 0.000000e+00 1.973564e-01 1.973564e-01
4.720000e+01 0.000000e+00 1.970800e-01 1.970800e-01
4.730000e+01 0.000000e+00 1.968043e-01 1.968043e-01
4.740000e+01 0.000000e+00 1.965292e-01 1.965292e-01
4.750000e+01 0.000000e+00 1.962548e-01 1.962548e-01
4.760000e+01 0.000000e+00 1.959812e-01 1.959812e-01
4.770000e+01 0.000000e+00 1.957081e-01 1.957081e-01
4.780000e+01 0.000000e+00 1.954358e-01 1.954358e-01
4.790000e+01 0.000000e+00 1.951641e-01 1.951641e-01
4.800000e+01 0.000000e+00 1.948931e-01 1.948931e-01
4.810000e+01 0.000000e+00 1.946228e-01 1.946228e-01
4.820000e+01 0.000000e+00 1.943531e-01 1.943531e-01
4.830000e+01 0.000000e+00 1.940841e-01 1.940841e-01
4.840000e+01 0.000000e+00 1.938157e-01 1.938157e-01
4.850000e+01 0.000000e+00 1.935480e-01 1.935480e-01
4.860000e+01 0.000000e+00 1.932810e-01 1.932810e-01
4.870000e+01 0.000000e+00 1.930146e-01 1.930146e-01
4.880000e+01 0.000000e+00 1.927488e-01 1.927488e-01
4.890000e+01 0.000000e+00 1.924838e-01 1.924838e-01
4.900000e+01 0.000000e+00 1.922193e-01 1.922193e-01
4.910000e+01 0.000000e+00 1.919556e-01 1.919556e-01
4.920000e+01 0.000000e+00 1.916924e-01 1.916924e-01
4.930000e+01 0.000000e+00 1.914299e-01 1.914299e-01
4.940000e+01 0.000000e+00 1.911681e-01 1.911681e-01
4.950000e+01 0.000000e+00 1.909068e-01 1.909068e-01
4.960000e+01 0.000000e+00 1.906463e-01 1.906463e-01
4.970000e+01 0.000000e+00 1.903863e-01 1.903863e-01
4.980000e+01 0.000000e+00 1.901270e-01 1.901270e-01
4.990000e+01 0.000000e+00 1.898683e-01 1.898683e-01
5.000000e+01 0.000000e+00 1.896102e-01 1.896102e-01
5.010000e+01 0.000000e+00 1.893527e-01 1.893527e-01
5.020000e+01 0.000000e+00 1.890959e-01 1.890959e-01
5.030000e+01 0.000000e+00 1.888396e-01 1.888396e-01
5.040000e+01 0.000000e+00 1.885840e-01 1.885840e-01
5.050000e+01 0.000000e+00 1.883290e-01 1.883290e-01
5.060000e+01 0.000000e+00 1.880747e-01 1.880747e-01
5.070000e+01 0.000000e+00 1.878209e-01 1.878209e-01
5.080000e+01 0.000000e+00 1.875677e-01 1.875677e-01
5.090000e+01 0.000000e+00 1.873152e-01 1.873152e-01
5.100000e+01 0.000000e+00 1.870633e-01 1.870633e-01
5.110000e+01 0.000000e+00 1.868119e-01 1.868119e-01
5.120000e+01 0.000000e+00 1.865612e-01 1.865612e-01
5.130000e+01 0.000000e+00 1.863111e-01 1.863111e-01
5.140000e+01 0.000000e+00 1.860615e-01 1.860615e-01
5.150000e+01 0.000000e+00 1.858126e-01 1.858126e-01
5.160000e+01 0.000000e+00 1.855642e-01 1.855642e-01
5.170000e+01 0.000000e+00 1.853164e-01 1.853164e-01
5.180000e+01 0.000000e+00 1.850692e-01 1.850692e-01
5.190000e+01 0.000000e+00 1.848227e-01 1.848227e-01
5.200000e+01 0.000000e+00 1.845767e-01 1.845767e-01
5.210000e+01 0.000000e+00 1.843312e-01 1.843312e-01
5.220000e+01 0.000000e+00 1.840864e-01 1.840864e-01
5.230000e+01 0.000000e+00 1.838421e-01 1.838421e-01
5.240000e+01 0.000000e+00 1.835984e-01 1.835984e-01
5.250000e+01 0.000000e+00 1.833553e-01 1.833553e-01
5.260000e+01 0.000000e+00 1.831128e-01 1.831128e-01
5.270000e+01 0.000000e+00 1.828708e-01 1.828708e-01
5.280000e+01 0.000000e+00 1.826294e-01 1.826294e-01
5.290000e+01 0.000000e+00 1.823886e-01 1.823886e-01
5.300000e+01 0.000000e+00 1.821483e-01 1.821483e-01
5.310000e+01 0.000000e+00 1.819087e-01 1.819087e-01
5.320000e+01 0.000000e+00 1.816695e-01 1.816695e-01
5.330000e+01 0.000000e+00 1.814309e-01 1.814309e-01
5.340000e+01 0.000000e+00 1.811929e-01 1.811929e-01
5.350000e+01 0.000000e+00 1.809555e-01 1.809555e-01
5.360000e+01 0.000000e+00 1.807186e-01 1.807186e-01
5.370000e+01 0.000000e+00 1.804822e-01 1.804822e-01
5.380000e+01 0.000000e+00 1.802464e-01 1.802464e-01
5.390000e+01 0.000000e+00 1.800111e-01 1.800111e-01
5.400000e+01 0.000000e+00 1.797764e-01 1.797764e-01
5.410000e+01 0.000000e+00 1.795423e-01 1.795423e-01
5.420000e+01 0.000000e+00 1.793087e-01 1.793087e-01
5.430000e+01 0.000000e+00 1.790756e-01 1.790756e-01
5.440000e+01 0.000000e+00 1.788430e-01 1.788430e-01
5.450000e+01 0.000000e+00 1.786111e-01 1.786111e-01
5.460000e+01 0.000000e+00 1.783796e-01 1.783796e-01
5.470000e+01 0.000000e+00 1.781487e-01 1.781487e-01
5.480000e+01 0.000000e+00 1.779183e-01 1.779183e-01
5.490000e+01 0.000000e+00 1.776884e-01 1.776884e-01
5.500000e+01 0.000000e+00 1.774591e-01 1.774591e-01
5.510000e+01 0.000000e+00 1.772303e-01 1.772303e-01
5.520000e+01 0.000000e+00 1.770020e-01 1.770020e-01
5.530000e+01 0.000000e+00 1.767742e-01 1.767742e-01
5.540000e+01 0.000000e+00 1.765470e-01 1.765470e-01
5.550000e+01 0.000000e+00 1.763203e-01 1.763203e-01
5.560000e+01 0.000000e+00 1.760941e-01 1.760941e-01
5.570000e+01 0.000000e+00 1.758684e-01 1.758684e-01
5.580000e+01 0.000000e+00 1.756433e-01 1.756433e-01
5.590000e+01 0.000000e+00 1.754187e-01 1.754187e-01
5.600000e+01 0.000000e+00 1.751946e-01 1.751946e-01
5.610000e+01 0.000000e+00 1.749709e-01 1.749709e-01
5.620000e+01 0.000000e+00 1.747478e-01 1.747478e-01
5.630000e+01 0.000000e+00 1.745252e-01 1.745252e-01
5.640000e+01 0.000000e+00 1.743031e-01 1.743031e-01
5.650000e+01 0.000000e+00 1.740816e-01 1.740816e-01
5.660000e+01 0.000000e+00 1.738605e-01 1.738605e-01
5.670000e+01 0.000000e+00 1.736399e-01 1.736399e-01
5.680000e+01 0.000000e+00 1.734198e-01 1.734198e-01
5.690000e+01 0.000000e+00 1.732002e-01 1.732002e-01
5.700000e+01 0.000000e+00 1.729811e-01 1.729811e-01
5.710000e+01 0.000000e+00 1.727625e-01 1.727625e-01
5.720000e+01 0.000000e+00 1.725443e-01 1.725443e-01
5.730000e+01 0.000000e+00 1.723267e-01 1.723267e-01
5.740000e+01 0.000000e+00 1.721096e-01 1.721096e-01
5.750000e+01 0.000000e+00 1.718929e-01 1.718929e-01
5.760000e+01 0.000000e+00 1.716768e-01 1.716768e-01
5.770000e+01 0.000000e+00 1.714611e-01 1.714611e-01
5.780000e+01 0.000000e+00 1.712459e-01 1.712459e-01
5.790000e+01 0.000000e+00 1.710312e-01 1.710312e-01
5.800000e+01 0.000000e+00 1.708169e-01 1.708169e-01
5.810000e+01 0.000000e+00 1.706032e-01 1.706032e-01
5.820000e+01 0.000000e+00 1.703899e-01 1.703899e-01
5.830000e+01 0.000000e+00 1.701771e-01 1.701771e-01
5.840000e+01 0.000000e+00 1.699647e-01 1.699647e-01
5.850000e+01 0.000000e+00 1.697528e-01 1.697528e-01
5.860000e+01 0.000000e+00 1.695414e-01 1.695414e-01
5.870000e+01 0.000000e+00 1.693305e-01 1.693305e-01
5.880000e+01 0.000000e+00 1.691200e-01 1.691200e-01
5.890000e+01 0.000000e+00 1.689100e-01 1.689100e-01
5.900000e+01 0.000000e+00 1.687005e-01 1.687005e-01
5.910000e+01 0.000000e+00 1.684915e-01 1.684915e-01
5.920000e+01 0.000000e+00 1.682829e-01 1.682829e-01
5.930000e+01 0.000000e+00 1.680747e-01 1.680747e-01
5.940000e+01 0.000000e+00 1.678670e-01 1.678670e-01
5.950000e+01 0.000000e+00 1.676598e-01 1.676598e-01
5.960000e+01 0.000000e+00 1.674530e-01 1.674530e-01
5.970000e+01 0.000000e+00 1.672467e-01 1.672467e-01
5.980000e+01 0.000000e+00 1.670409e-01 1.670409e-01
5.990000e+01 0.000000e+00 1.668354e-01 1.668354e-01
6.000000e+01 0.000000e+00 1.666304e-01 1.666304e-01
6.010000e+01 0.000000e+00 1.664259e-01 1.664259e-01
6.020000e+01 0.000000e+00 1.662218e-01 1.662218e-01
6.030000e+01 0.000000e+00 1.660182e-01 1.660182e-01
6.040000e+01 0.000000e+00 1.658150e-01 1.658150e-01
6.050000e+01 0.000000e+00 1.656122e-01 1.656122e-01
6.060000e+01 0.000000e+00 1.654099e-01 1.654099e-01
6.070000e+01 0.000000e+00 1.652081e-01 1.652081e-01
6.080000e+01 0.000000e+00 1.650066e-01 1.650066e-01
6.090000e+01 0.000000e+00 1.648057e-01 1.648057e-01
6.100000e+01 0.000000e+00 1.646051e-01 1.646051e-01
6.110000e+01 0.000000e+00 1.644050e-01 1.644050e-01
6.120000e+01 0.000000e+00 1.642053e-01 1.642053e-01
6.130000e+01 0.000000e+00 1.640061e-01 1.640061e-01
6.140000e+01 0.000000e+00 1.638073e-01 1.638073e-01
6.150000e+01 0.000000e+00 1.636089e-01 1.636089e-01
6.160000e+01 0.000000e+00 1.634109e-01 1.634109e-01
6.170000e+01 0.000000e+00 1.632134e-01 1.632134e-01
6.180000e+01 0.000000e+00 1.630163e-01 1.630163e-01
6.190000e+01 0.000000e+00 1.628196e-01 1.628196e-01
6.200000e+01 0.000000e+00 1.626233e-01 1.626233e-01
6.210000e+01 0.000000e+00 1.624275e-01 1.624275e-01
6.220000e+01 0.000000e+00 1.622321e-01 1.622321e-01
6.230000e+01 0.000000e+00 1.620371e-01 1.620371e-01
6.240000e+01 0.000000e+00 1.618425e-01 1.618425e-01
6.250000e+01 0.000000e+00 1.616483e-01 1.616483e-01
6.260000e+01 0.000000e+00 1.614546e-01 1.614546e-01
6.270000e+01 0.000000e+00 1.612612e-01 1.612612e-01
6.280000e+01 0.000000e+00 1.610683e-01 1.610683e-01
6.290000e+01 0.000000e+00 1.608758e-01 1.608758e-01
6.300000e+01 0.000000e+00 1.606837e-01 1.606837e-01
6.310000e+01 0.000000e+00 1.604920e-01 1.604920e-01
6.320000e+01 0.000000e+00 1.603007e-01 1.603007e-01
6.330000e+01 0.000000e+00 1.601098e-01 1.601098e-01
6.340000e+01 0.000000e+00 1.599193e-01 1.599193e-01
6.350000e+01 0.000000e+00 1.597293e-01 1.597293e-01
6.360000e+01 0.000000e+00 1.595396e-01 1.595396e-01
6.370000e+01 0.000000e+00 1.593503e-01 1.593503e-01
6.380000e+01 0.000000e+00 1.591615e-01 1.591615e-01
6.390000e+01 0.000000e+00 1.589730e-01 1.589730e-01
6.400000e+01 0.000000e+00 1.587849e-01 1.587849e-01
6.410000e+01 0.000000e+00 1.585972e-01 1.585972e-01
6.420000e+01 0.000000e+00 1.584099e-01 1.584099e-01
6.430000e+01 0.000000e+00 1.582230e-01 1.582230e-01
6.440000e+01 0.000000e+00 1.580365e-01 1.580365e-01
6.450000e+01 0.000000e+00 1.578504e-01 1.578504e-01
6.460000e+01 0.000000e+00 1.576647e-01 1.576647e-01
6.470000e+01 0.000000e+00 1.574794e-01 1.574794e-01
6.480000e+01 0.000000e+00 1.572944e-01 1.572944e-01
6.490000e+01 0.000000e+00 1.571098e-01 1.571098e-01
6.500000e+01 0.000000e+00 1.569257e-01 1.569257e-01
6.510000e+01 0.000000e+00 1.567419e-01 1.567419e-01
6.520000e+01 0.000000e+00 1.565584e-01 1.565584e-01
6.530000e+01 0.000000e+00 1.563754e-01 1.563754e-01
6.540000e+01 0.000000e+00 1.561927e-01 1.561927e-01
6.550000e+01 0.000000e+00 1.560105e-01 1.560105e-01
6.560000e+01 0.000000e+00 1.558286e-01 1.558286e-01
6.570000e+01 0.000000e+00 1.556471e-01 1.556471e-01
6.580000e+01 0.000000e+00 1.554659e-01 1.554659e-01
6.590000e+01 0.000000e+00 1.552851e-01 1.552851e-01
6.600000e+01 0.000000e+00 1.551047e-01 1.551047e-01
6.610000e+01 0.000000e+00 1.549247e-01 1.549247e-01
6.620000e+01 0.000000e+00 1.547450e-01 1.547450e-01
6.630000e+01 0.000000e+00 1.545657e-01 1.545657e-01
6.640000e+01 0.000000e+00 1.543868e-01 1.543868e-01
6.650000e+01 0.000000e+00 1.542082e-01 1.542082e-01
6.660000e+01 0.000000e+00 1.540301e-01 1.540301e-01
6.670000e+01 0.000000e+00 1.538522e-01 1.538522e-01
6.680000e+01 0.000000e+00 1.536748e-01 1.536748e-01
6.690000e+01 0.000000e+00 1.534977e-01 1.534977e-01
6.700000e+01 0.000000e+00 1.533209e-01 1.533209e-01
6.710000e+01 0.000000e+00 1.531446e-01 1.531446e-01
6.720000e+01 0.000000e+00 1.529685e-01 1.529685e-01
6.730000e+01 0.000000e+00 1.527929e-01 1.527929e-01
6.740000e+01 0.000000e+00 1.526176e-01 1.526176e-01
6.750000e+01 0.000000e+00 1.524426e-01 1.524426e-01
6.760000e+01 0.000000e+00 1.522680e-01 1.522680e-01
6.770000e+01 0.000000e+00 1.520938e-01 1.520938e-01
6.780000e+01 0.000000e+00 1.519199e-01 1.519199e-01
6.790000e+01 0.000000e+00 1.517464e-01 1.517464e-01
6.800000e+01 0.000000e+00 1.515732e-01 1.515732e-01
6.810000e+01 0.000000e+00 1.514004e-01 1.514004e-01
6.820000e+01 0.000000e+00 1.512279e-01 1.512279e-01
6.830000e+01 0.000000e+00 1.510558e-01 1.510558e-01
6.840000e+01 0.000000e+00 1.508840e-01 1.508840e-01
6.850000e+01 0.000000e+00 1.507126e-01 1.507126e-01
6.860000e+01 0.000000e+00 1.505415e-01 1.505415e-01
6.870000e+01 0.000000e+00 1.503708e-01 1.503708e-01
6.880000e+01 0.000000e+00 1.502004e-01 1.502004e-01
6.890000e+01 0.000000e+00 1.500303e-01 1.500303e-01
6.900000e+01 0.000000e+00 1.498606e-01 1.498606e-01
6.910000e+01 0.000000e+00 1.496912e-01 1.496912e-01
6.920000e+01 0.000000e+00 1.495221e-01 1.495221e-01
6.930000e+01 0.000000e+00 1.493534e-01 1.493534e-01
6.940000e+01 0.000000e+00 1.491851e-01 1.491851e-01
6.950000e+01 0.000000e+00 1.490170e-01 1.490170e-01
6.960000e+01 0.000000e+00 1.488493e-01 1.488493e-01
6.970000e+01 0.000000e+00 1.486819e-01 1.486819e-01
6.980000e+01 0.000000e+00 1.485149e-01 1.485149e-01
6.990000e+01 0.000000e+00 1.483482e-01 1.483482e-01
7.000000e+01 0.000000e+00 1.481818e-01 1.481818e-01
7.010000e+01 0.000000e+00 1.480158e-01 1.480158e-01
7.020000e+01 0.000000e+00 1.478501e-01 1.478501e-01
7.030000e+01 0.000000e+00 1.476847e-01 1.476847e-01
7.040000e+01 0.000000e+00 1.475196e-01 1.475196e-01
7.050000e+01 0.000000e+00 1.473549e-01 1.473549e-01
7.060000e+01 0.000000e+00 1.471905e-01 1.471905e-01
7.070000e+01 0.000000e+00 1.470264e-01 1.470264e-01
7.080000e+01 0.000000e+00 1.468627e-01 1.468627e-01
7.090000e+01 0.000000e+00 1.466992e-01 1.466992e-01
7.100000e+01 0.000000e+00 1.465361e-01 1.465361e-01
7.110000e+01 0.000000e+00 1.463733e-01 1.463733e-01
7.120000e+01 0.000000e+00 1.462108e-01 1.462108e-01
7.130000e+01 0.000000e+00 1.460487e-01 1.460487e-01
7.140000e+01 0.000000e+00 1.458868e-01 1.458868e-01
7.150000e+01 0.000000e+00 1.457253e-01 1.457253e-01
7.160000e+01 0.000000e+00 1.455641e-01 1.455641e-01
7.170000e+01 0.000000e+00 1.454032e-01 1.454032e-01
7.180000e+01 0.000000e+00 1.452426e-01 1.452426e-01
7.190000e+01 0.000000e+00 1.450823e-01 1.450823e-01
7.200000e+01 0.000000e+00 1.449224e-01 1.449224e-01
7.210000e+01 0.000000e+00 1.447627e-01 1.447627e-01
7.220000e+01 0.000000e+00 1.446034e-01 1.446034e-01
7.230000e+01 0.000000e+00 1.444443e-01 1.444443e-01
7.240000e+01 0.000000e+00 1.442856e-01 1.442856e-01
7.250000e+01 0.000000e+00 1.441272e-01 1.441272e-01
7.260000e+01 0.000000e+00 1.439691e-01 1.439691e-01
7.270000e+01 0.000000e+00 1.438113e-01 1.438113e-01
7.280000e+01 0.000000e+00 1.436538e-01 1.436538e-01
7.290000e+01 0.000000e+00 1.434966e-01 1.434966e-01
7.300000e+01 0.000000e+00 1.433397e-01 1.433397e-01
7.310000e+01 0.000000e+00 1.431831e-01 1.431831e-01
7.320000e+01 0.000000e+00 1.430268e-01 1.430268e-01
7.330000e+01 0.000000e+00 1.428708e-01 1.428708e-01
7.340000e+01 0.000000e+00 1.427151e-01 1.427151e-01
7.350000e+01 0.000000e+00 1.425597e-01 1.425597e-01
7.360000e+01 0.000000e+00 1.424046e-01 1.424046e-01
7.370000e+01 0.000000e+00 1.422498e-01 1.422498e-01
7.380000e+01 0.000000e+00 1.420953e-01 1.420953e-01
7.390000e+01 0.000000e+00 1.419411e-01 1.419411e-01
7.400000e+01 0.000000e+00 1.417872e-01 1.417872e-01
7.410000e+01 0.000000e+00 1.416336e-01 1.416336e-01
7.420000e+01 0.000000e+00 1.414802e-01 1.414802e-01
7.430000e+01 0.000000e+00 1.413272e-01 1.413272e-01
7.440000e+01 0.000000e+00 1.411744e-01 1.411744e-01
7.450000e+01 0.000000e+00 1.410220e-01 1.410220e-01
7.460000e+01 0.000000e+00 1.408698e-01 1.408698e-01
7.470000e+01 0.000000e+00 1.407179e-01 1.407179e-01
7.480000e+01 0.000000e+00 1.405663e-01 1.405663e-01
7.490000e+01 0.000000e+00 1.404150e-01 1.404150e-01
7.500000e+01 0.000000e+00 1.402640e-01 1.402640e-01
7.510000e+01 0.000000e+00 1.401133e-01 1.401133e-01
7.520000e+01 0.000000e+00 1.399628e-01 1.399628e-01
7.530000e+01 0.000000e+00 1.398127e-01 1.398127e-01
7.540000e+01 0.000000e+00 1.396628e-01 1.396628e-01
7.550000e+01 0.000000e+00 1.395132e-01 1.395132e-01
7.560000e+01 0.000000e+00 1.393638e-01 1.393638e-01
7.570000e+01 0.000000e+00 1.392148e-01 1.392148e-01
7.580000e+01 0.000000e+00 1.390660e-01 1.390660e-01
7.590000e+01 0.000000e+00 1.389175e-01 1.389175e-01
7.600000e+01 0.000000e+00 1.387693e-01 1.387693e-01
7.610000e+01 0.000000e+00 1.386213e-01 1.386213e-01
7.620000e+01 0.000000e+00 1.384736e-01 1.384736e-01
7.630000e+01 0.000000e+00 1.383262e-01 1.383262e-01
7.640000e+01 0.000000e+00 1.381791e-01 1.381791e-01
7.650000e+01 0.000000e+00 1.380323e-01 1.380323e-01
7.660000e+01 0.000000e+00 1.378857e-01 1.378857e-01
7.670000e+01 0.000000e+00 1.377394e-01 1.377394e-01
7.680000e+01 0.000000e+00 1.375934e-01 1.375934e-01
7.690000e+01 0.000000e+00 1.374476e-01 1.374476e-01
7.700000e+01 0.000000e+00 1.373022e-01 1.373022e-01
7.710000e+01 0.000000e+00 1.371570e-01 1.371570e-01
7.720000e+01 0.000000e+00 1.370120e-01 1.370120e-01
7.730000e+01 0.000000e+00 1.368674e-01 1.368674e-01
7.740000e+01 0.000000e+00 1.367230e-01 1.367230e-01
7.750000e+01 0.000000e+00 1.365789e-01 1.365789e-01
7.760000e+01 0.000000e+00 1.364350e-01 1.364350e-01
7.770000e+01 0.000000e+00 1.362914e-01 1.362914e-01
7.780000e+01 0.000000e+00 1.361481e-01 1.361481e-01
7.790000e+01 0.000000e+00 1.360050e-01 1.360050e-01
7.800000e+01 0.000000e+00 1.358623e-01 1.358623e-01
7.810000e+01 0.000000e+00 1.357197e-01 1.357197e-01
7.820000e+01 0.000000e+00 1.355775e-01 1.355775e-01
7.830000e+01 0.000000e+00 1.354355e-01 1.354355e-01
7.840000e+01 0.000000e+00 1.352937e-01 1.352937e-01
7.850000e+01 0.000000e+00 1.351522e-01 1.351522e-01
7.860000e+01 0.000000e+00 1.350110e-01 1.350110e-01
7.870000e+01 0.000000e+00 1.348701e-01 1.348701e-01
7.880000e+01 0.000000e+00 1.347294e-01 1.347294e-01
7.890000e+01 0.000000e+00 1.345889e-01 1.345889e-01
7.900000e+01 0.000000e+00 1.344487e-01 1.344487e-01
7.910000e+01 0.000000e+00 1.343088e-01 1.343088e-01
7.920000e+01 0.000000e+00 1.341691e-01 1.341691e-01
7.930000e+01 0.000000e+00 1.340297e-01 1.340297e-01
7.940000e+01 0.000000e+00 1.338905e-01 1.338905e-01
7.950000e+01 0.000000e+00 1.337515e-01 1.337515e-01
7.960000e+01 0.000000e+00 1.336129e-01 1.336129e-01
7.970000e+01 0.000000e+00 1.334744e-01 1.334744e-01
7.980000e+01 0.000000e+00 1.333363e-01 1.333363e-01
7.990000e+01 0.000000e+00 1.331984e-01 1.331984e-01
8.000000e+01 0.000000e+00 1.330607e-01 1.330607e-01
8.010000e+01 0.000000e+00 1.329233e-01 1.329233e-01
8.020000e+01 0.000000e+00 1.327862e-01 1.327862e-01
8.030000e+01 0.000000e+00 1.326492e-01 1.326492e-01
8.040000e+01 0.000000e+00 1.325126e-01 1.325126e-01
8.050000e+01 0.000000e+00 1.323761e-01 1.323761e-01
8.060000e+01 0.000000e+00 1.322400e-01 1.322400e-01
8.070000e+01 0.000000e+00 1.321040e-01 1.321040e-01
8.080000e+01 0.000000e+00 1.319683e-01 1.319683e-01
8.090000e+01 0.000000e+00 1.318328e-01 1.318328e-01
8.100000e+01 0.000000e+00 1.316976e-01 1.316976e-01
8.110000e+01 0.000000e+00 1.315626e-01 1.315626e-01
8.120000e+01 0.000000e+00 1.314278e-01 1.314278e-01
8.130000e+01 0.000000e+00 1.312933e-01 1.312933e-01
8.140000e+01 0.000000e+00 1.311591e-01 1.311591e-01
8.150000e+01 0.000000e+00 1.310251e-01 1.310251e-01
8.160000e+01 0.000000e+00 1.308913e-01 1.308913e-01
8.170000e+01 0.000000e+00 1.307577e-01 1.307577e-01
8.180000e+01 0.000000e+00 1.306244e-01 1.306244e-01
8.190000e+01 0.000000e+00 1.304913e-01 1.304913e-01
8.200000e+01 0.000000e+00 1.303585e-01 1.303585e-01
8.210000e+01 0.000000e+00 1.302259e-01 1.302259e-01
8.220000e+01 0.000000e+00 1.300935e-01 1.300935e-01
8.230000e+01 0.000000e+00 1.299614e-01 1.299614e-01
8.240000e+01 0.000000e+00 1.298295e-01 1.298295e-01
8.250000e+01 0.000000e+00 1.296979e-01 1.296979e-01
8.260000e+01 0.000000e+00 1.295665e-01 1.295665e-01
8.270000e+01 0.000000e+00 1.294353e-01 1.294353e-01
8.280000e+01 0.000000e+00 1.293043e-01 1.293043e-01
8.290000e+01 0.000000e+00 1.291736e-01 1.291736e-01
8.300000e+01 0.000000e+00 1.290431e-01 1.290431e-01
8.310000e+01 0.000000e+00 1.289128e-01 1.289128e-01
8.320000e+01 0.000000e+00 1.287828e-01 1.287828e-01
8.330000e+01 0.000000e+00 1.286530e-01 1.286530e-01
8.340000e+01 0.000000e+00 1.285234e-01 1.285234e-01
8.350000e+01 0.000000e+00 1.283941e-01 1.283941e-01
8.360000e+01 0.000000e+00 1.282649e-01 1.282649e-01
8.370000e+01 0.000000e+00 1.281360e-01 1.281360e-01
8.380000e+01 0.000000e+00 1.280074e-01 1.280074e-01
8.390000e+01 0.000000e+00 1.278789e-01 1.278789e-01
8.400000e+01 0.000000e+00 1.277507e-01 1.277507e-01
8.410000e+01 0.000000e+00 1.276227e-01 1.276227e-01
8.420000e+01 0.000000e+00 1.274949e-01 1.274949e-01
8.430000e+01 0.000000e+00 1.273674e-01 1.273674e-01
8.440000e+01 0.000000e+00 1.272400e-01 1.272400e-01
8.450000e+01 0.000000e+00 1.271129e-01 1.271129e-01
8.460000e+01 0.000000e+00 1.269860e-01 1.269860e-01
8.470000e+01 0.000000e+00 1.268594e-01 1.268594e-01
8.480000e+01 0.000000e+00 1.267329e-01 1.267329e-01
8.490000e+01 0.000000e+00 1.266067e-01 1.266067e-01
8.500000e+01 0.000000e+00 1.264807e-01 1.264807e-01
8.510000e+01 0.000000e+00 1.263549e-01 1.263549e-01
8.520000e+01 0.000000e+00 1.262293e-01 1.262293e-01
8.530000e+01 0.000000e+00 1.261040e-01 1.261040e-01
8.540000e+01 0.000000e+00 1.259788e-01 1.259788e-01
8.550000e+01 0.000000e+00 1.258539e-01 1.258539e-01
8.560000e+01 0.000000e+00 1.257292e-01 1.257292e-01
8.570000e+01 0.000000e+00 1.256047e-01 1.256047e-01
8.580000e+01 0.000000e+00 1.254804e-01 1.254804e-01
8.590000e+01 0.000000e+00 1.253563e-01 1.253563e-01
8.600000e+01 0.000000e+00 1.252325e-01 1.252325e-01
8.610000e+01 0.000000e+00 1.251089e-01 1.251089e-01
8.620000e+01 0.000000e+00 1.249854e-01 1.249854e-01
8.630000e+01 0.000000e+00 1.248622e-01 1.248622e-01
8.640000e+01 0.000000e+00 1.247392e-01 1.247392e-01
8.650000e+01 0.000000e+00 1.246164e-01 1.246164e-01
8.660000e+01 0.000000e+00 1.244938e-01 1.244938e-01
8.670000e+01 0.000000e+00 1.243715e-01 1.243715e-01
8.680000e+01 0.000000e+00 1.242493e-01 1.242493e-01
8.690000e+01 0.000000e+00 1.241273e-01 1.241273e-01
8.700000e+01 0.000000e+00 1.240056e-01 1.240056e-01
8.710000e+01 0.000000e+00 1.238840e-01 1.238840e-01
8.720000e+01 0.000000e+00 1.237627e-01 1.237627e-01
8.730000e+01 0.000000e+00 1.236416e-01 1.236416e-01
8.740000e+01 0.000000e+00 1.235206e-01 1.235206e-01
8.750000e+01 0.000000e+00 1.233999e-01 1.233999e-01
8.760000e+01 0.000000e+00 1.232794e-01 1.232794e-01
8.770000e+01 0.000000e+00 1.231591e-01 1.231591e-01
8.780000e+01 0.000000e+00 1.230389e-01 1.230389e-01
8.790000e+01 0.000000e+00 1.229190e-01 1.229190e-01
8.800000e+01 0.000000e+00 1.227993e-01 1.227993e-01
8.810000e+01 0.000000e+00 1.226798e-01 1.226798e-01
8.820000e+01 0.000000e+00 1.225605e-01 1.225605e-01
8.830000e+01 0.000000e+00 1.224414e-01 1.224414e-01
8.840000e+01 0.000000e+00 1.223224e-01 1.223224e-01
8.850000e+01 0.000000e+00 1.222037e-01 1.222037e-01
8.860000e+01 0.000000e+00 1.220852e-01 1.220852e-01
8.870000e+01 0.000000e+00 1.219669e-01 1.219669e-01
8.880000e+01 0.000000e+00 1.218488e-01 1.218488e-01
8.890000e+01 0.000000e+00 1.217309e-01 1.217309e-01
8.900000e+01 0.000000e+00 1.216131e-01 1.216131e-01
8.910000e+01 0.000000e+00 1.214956e-01 1.214956e-01
8.920000e+01 0.000000e+00 1.213783e-01 1.213783e-01
8.930000e+01 0.000000e+00 1.212611e-01 1.212611e-01
8.940000e+01 0.000000e+00 1.211442e-01 1.211442e-01
8.950000e+01 0.000000e+00 1.210275e-01 1.210275e-01
8.960000e+01 0.000000e+00 1.209109e-01 1.209109e-01
8.970000e+01 0.000000e+00 1.207945e-01 1.207945e-01
8.980000e+01 0.000000e+00 1.206784e-01 1.206784e-01
8.990000e+01 0.000000e+00 1.205624e-01 1.205624e-01
9.000000e+01 0.000000e+00 1.204466e-01 1.204466e-01
9.010000e+01 0.000000e+00 1.203311e-01 1.203311e-01
9.020000e+01 0.000000e+00 1.202157e-01 1.202157e-01
9.030000e+01 0.000000e+00 1.201004e-01 1.201004e-01
9.040000e+01 0.000000e+00 1.199854e-01 1.199854e-01
9.050000e+01 0.000000e+00 1.198706e-01 1.198706e-01
9.060000e+01 0.000000e+00 1.197559e-01 1.197559e-01
9.070000e+01 0.000000e+00 1.196415e-01 1.196415e-01
9.080000e+01 0.000000e+00 1.195272e-01 1.195272e-01
9.090000e+01 0.000000e+00 1.194132e-01 1.194132e-01
9.100000e+01 0.000000e+00 1.192993e-01 1.192993e-01
9.110000e+01 0.000000e+00 1.191856e-01 1.191856e-01
9.120000e+01 0.000000e+00 1.190721e-01 1.190721e-01
9.130000e+01 0.000000e+00 1.189588e-01 1.189588e-01
9.140000e+01 0.000000e+00 1.188457e-01 1.188457e-01
9.150000e+01 0.000000e+00 1.187328e-01 1.187328e-01
9.160000e+01 0.000000e+00 1.186200e-01 1.186200e-01
9.170000e+01 0.000000e+00 1.185075e-01 1.185075e-01
9.180000e+01 0.000000e+00 1.183951e-01 1.183951e-01
9.190000e+01 0.000000e+00 1.182829e-01 1.182829e-01
9.200000e+01 0.000000e+00 1.181708e-01 1.181708e-01
9.210000e+01 0.000000e+00 1.180590e-01 1.180590e-01
9.220000e+01 0.000000e+00 1.179473e-01 1.179473e-01
9.230000e+01 0.000000e+00 1.178358e-01 1.178358e-01
9.240000e+01 0.000000e+00 1.177245e-01 1.177245e-01
9.250000e+01 0.000000e+00 1.176134e-01 1.176134e-01
9.260000e+01 0.000000e+00 1.175024e-01 1.175024e-01
9.270000e+01 0.000000e+00 1.173917e-01 1.173917e-01
9.280000e+01 0.000000e+00 1.172811e-01 1.172811e-01
9.290000e+01 0.000000e+00 1.171707e-01 1.171707e-01
9.300000e+01 0.000000e+00 1.170604e-01 1.170604e-01
9.310000e+01 0.000000e+00 1.169504e-01 1.169504e-01
9.320000e+01 0.000000e+00 1.168405e-01 1.168405e-01
9.330000e+01 0.000000e+00 1.167308e-01 1.167308e-01
9.340000e+01 0.000000e+00 1.166213e-01 1.166213e-01
9.350000e+01 0.000000e+00 1.165120e-01 1.165120e-01
9.360000e+01 0.000000e+00 1.164028e-01 1.164028e-01
9.370000e+01 0.000000e+00 1.162938e-01 1.162938e-01
9.380000e+01 0.000000e+00 1.161850e-01 1.161850e-01
9.390000e+01 0.000000e+00 1.160764e-01 1.160764e-01
9.400000e+01 0.000000e+00 1.159680e-01 1.159680e-01
9.410000e+01 0.000000e+00 1.158597e-01 1.158597e-01
9.420000e+01 0.000000e+00 1.157516e-01 1.157516e-01
9.430000e+01 0.000000e+00 1.156436e-01 1.156436e-01
9.440000e+01 0.000000e+00 1.155359e-01 1.155359e-01
9.450000e+01 0.000000e+00 1.154283e-01 1.154283e-01
9.460000e+01 0.000000e+00 1.153209e-01 1.153209e-01
9.470000e+01 0.000000e+00 1.152136e-01 1.152136e-01
9.480000e+01 0.000000e+00 1.151066e-01 1.151066e-01
9.490000e+01 0.000000e+00 1.149997e-01 1.149997e-01
9.500000e+01 0.000000e+00 1.148929e-01 1.148929e-01
9.510000e+01 0.000000e+00 1.147864e-01 1.147864e-01
9.520000e+01 0.000000e+00 1.146800e-01 1.146800e-01
9.530000e+01 0.000000e+00 1.145737e-01 1.145737e-01
9.540000e+01 0.000000e+00 1.144677e-01 1.144677e-01
9.550000e+01 0.000000e+00 1.143618e-01 1.143618e-01
9.560000e+01 0.000000e+00 1.142561e-01 1.142561e-01
9.570000e+01 0.000000e+00 1.141506e-01 1.141506e-01
9.580000e+01 0.000000e+00 1.140452e-01 1.140452e-01
9.590000e+01 0.000000e+00 1.139400e-01 1.139400e-01
9.600000e+01 0.000000e+00 1.138349e-01 1.138349e-01
9.610000e+01 0.000000e+00 1.137301e-01 1.137301e-01
9.620000e+01 0.000000e+00 1.136253e-01 1.136253e-01
9.630000e+01 0.000000e+00 1.135208e-01 1.135208e-01
9.640000e+01 0.000000e+00 1.134164e-01 1.134164e-01
9.650000e+01 0.000000e+00 1.133122e-01 1.133122e-01
9.660000e+01 0.000000e+00 1.132081e-01 1.132081e-01
9.670000e+01 0.000000e+00 1.131042e-01 1.131042e-01
9.680000e+01 0.000000e+00 1.130005e-01 1.130005e-01
9.690000e+01 0.000000e+00 1.128969e-01 1.128969e-01
9.700000e+01 0.000000e+00 1.127935e-01 1.127935e-01
9.710000e+01 0.000000e+00 1.126903e-01 1.126903e-01
9.720000e+01 0.000000e+00 1.125872e-01 1.125872e-01
9.730000e+01 0.000000e+00 1.124842e-01 1.124842e-01
9.740000e+01 0.000000e+00 1.123815e-01 1.123815e-01
9.750000e+01 0.000000e+00 1.122789e-01 1.122789e-01
9.760000e+01 0.000000e+00 1.121764e-01 1.121764e-01
9.770000e+01 0.000000e+00 1.120742e-01 1.120742e-01
9.780000e+01 0.000000e+00 1.119720e-01 1.119720e-01
9.790000e+01 0.000000e+00 1.118701e-01 1.118701e-01
9.800000e+01 0.000000e+00 1.117683e-01 1.117683e-01
9.810000e+01 0.000000e+00 1.116666e-01 1.116666e-01
9.820000e+01 0.000000e+00 1.115652e-01 1.115652e-01
9.830000e+01 0.000000e+00 1.114638e-01 1.114638e-01
9.840000e+01 0.000000e+00 1.113626e-01 1.113626e-01
9.850000e+01 0.000000e+00 1.112616e-01 1.112616e-01
9.860000e+01 0.000000e+00 1.111607e-01 1.111607e-01
9.870000e+01 0.000000e+00 1.110600e-01 1.110600e-01
9.880000e+01 0.000000e+00 1.109595e-01 1.109595e-01
9.890000e+01 0.000000e+00 1.108590e-01 1.108590e-01
9.900000e+01 0.000000e+00 1.107588e-01 1.107588e-01
9.910000e+01 0.000000e+00 1.106587e-01 1.106587e-01
9.920000e+01 0.000000e+00 1.105587e-01 1.105587e-01
9.930000e+01 0.000000e+00 1.104589e-01 1.104589e-01
9.940000e+01 0.000000e+00 1.103593e-01 1.103593e-01
9.950000e+01 0.000000e+00 1.102598e-01 1.102598e-01
9.960000e+01 0.000000e+00 1.101604e-01 1.101604e-01
9.970000e+01 0.000000e+00 1.100613e-01 1.100613e-01
9.980000e+01 0.000000e+00 1.099622e-01 1.099622e-01
9.990000e+01 0.000000e+00 1.098633e-01 1.098633e-01
1.000000e+02 0.000000e+00 1.097646e-01 1.097646e-01
